Date,Open,High,Low,Close,Volume
1605258900,11.84,11.94,11.84,11.87,0
1605259200,11.87,11.89,11.87,11.88,0
1605259500,11.88,11.91,11.87,11.91,0
1605259800,11.9,11.93,11.9,11.91,0
1605260100,11.9,11.9,11.9,11.9,0
1605260400,11.9,11.93,11.9,11.93,0
1605260700,11.93,11.99,11.93,11.97,0
1605261000,11.99,12,11.99,11.99,0
1605261300,11.96,11.99,11.95,11.99,0
1605261600,11.99,11.99,11.99,11.99,0
1605261900,11.96,11.96,11.95,11.95,0
1605262200,11.95,11.95,11.93,11.95,0
1605262500,11.96,11.96,11.95,11.95,0
1605262800,11.96,12,11.96,11.97,0
1605263100,11.99,12.02,11.99,12.02,0
1605263400,12.03,12.13,12.03,12.12,0
1605263700,12.11,12.13,12.1,12.11,0
1605264000,12.12,12.12,12.07,12.08,0
1605264300,12.1,12.1,12.06,12.1,0
1605264600,12.09,12.09,12.07,12.08,0
1605264900,12.06,12.06,12.06,12.06,0
1605265200,12.06,12.07,12.06,12.06,0
1605265500,12.06,12.06,12.05,12.06,0
1605265800,12.07,12.09,12.07,12.07,0
1605266100,12.08,12.09,12.08,12.09,0
1605266400,12.09,12.1,12.06,12.06,0
1605266700,12.06,12.06,12.05,12.05,0
1605267000,12.03,12.04,12.03,12.03,0
1605267300,12.05,12.05,12.01,12.01,0
1605267600,12.01,12.01,12,12,0
1605267900,12.01,12.01,12.01,12.01,0
1605268200,12.01,12.01,12.01,12.01,0
1605268800,12.02,12.05,12.02,12.05,0
1605269100,12.02,12.02,12.02,12.02,0
1605269400,12.02,12.05,12.02,12.05,0
1605269700,12.05,12.05,11.85,11.87,0
1605270000,11.87,11.89,11.86,11.88,0
1605270300,11.87,11.93,11.87,11.93,0
1605270600,11.92,11.92,11.89,11.91,0
1605270900,11.89,11.9,11.88,11.89,0
1605271200,11.9,11.91,11.89,11.89,0
1605271500,11.9,11.9,11.89,11.89,0
1605271800,11.9,11.93,11.9,11.91,0
1605272100,11.91,11.93,11.91,11.93,0
1605272400,11.92,11.92,11.91,11.92,0
1605272700,11.93,11.93,11.92,11.92,0
1605273000,11.91,11.93,11.91,11.92,0
1605273300,11.87,12.02,11.85,11.9101,0
1605273600,11.92,11.92,11.91,11.92,0
1605273900,11.92,11.93,11.91,11.92,0
1605274200,11.91,11.92,11.9,11.9,0
1605274500,11.92,11.92,11.91,11.92,0
1605274800,11.9199,11.93,11.91,11.911,0
1605275100,11.92,11.93,11.92,11.93,0
1605275400,11.93,11.94,11.92,11.92,0
1605275700,11.93,11.94,11.92,11.9399,0
1605276000,11.94,11.94,11.93,11.94,0
1605276300,11.93,11.94,11.93,11.94,0
1605276600,11.94,11.94,11.93,11.94,0
1605276900,11.93,11.9302,11.89,11.9,0
1605277200,11.9,11.9,11.86,11.87,0
1605277500,11.87,11.93,11.86,11.9001,0
1605277800,11.90999984741211,11.949999809265137,11.850000381469727,11.925000190734863,3809631
1605278100,11.930000305175781,11.970000267028809,11.880200386047363,11.96500015258789,1310907
1605278400,11.970000267028809,12.010000228881836,11.920000076293945,11.972599983215332,1126539
1605278700,11.97350025177002,12,11.920000076293945,11.992300033569336,1074420
1605279000,12,12.020000457763672,11.949999809265137,11.970000267028809,1344388
1605279300,11.979999542236328,12.050000190734863,11.970000267028809,12.050000190734863,1129350
1605279600,12.039999961853027,12.079999923706055,11.989999771118164,12.039999961853027,1356158
1605279900,12.039999961853027,12.069999694824219,12.010000228881836,12.050000190734863,956594
1605280200,12.045000076293945,12.079999923706055,12.010000228881836,12.024999618530273,1053368
1605280500,12.027199745178223,12.029999732971191,11.954000473022461,11.979999542236328,1422168
1605280800,11.979999542236328,12.010000228881836,11.970000267028809,11.997599601745605,452015
1605281100,12,12.020000457763672,11.970000267028809,12.015000343322754,464349
1605281400,12.01259994506836,12.0600004196167,12.010000228881836,12.0600004196167,739353
1605281700,12.055000305175781,12.0600004196167,12,12.001500129699707,531532
1605282000,12.005000114440918,12.039999961853027,11.989999771118164,12,565928
1605282300,12.002099990844727,12.020000457763672,11.979999542236328,12.005000114440918,822837
1605282600,12.005000114440918,12.039999961853027,12,12.03849983215332,480556
1605282900,12.03499984741211,12.050000190734863,12,12.024999618530273,731983
1605283200,12.024999618530273,12.039999961853027,12.010000228881836,12.039999961853027,441691
1605283500,12.03499984741211,12.050000190734863,12.029999732971191,12.031800270080566,355547
1605283800,12.033300399780273,12.055000305175781,12.010000228881836,12.039999961853027,471967
1605284100,12.044500350952148,12.079999923706055,12.029999732971191,12.0649995803833,579847
1605284400,12.069999694824219,12.119999885559082,12.0600004196167,12.08180046081543,1166269
1605284700,12.09000015258789,12.109999656677246,12.0600004196167,12.100000381469727,556532
1605285000,12.100000381469727,12.109999656677246,12.0600004196167,12.08430004119873,461155
1605285300,12.09000015258789,12.140000343322754,12.079999923706055,12.135000228881836,806820
1605285600,12.135000228881836,12.170000076293945,12.130000114440918,12.15999984741211,1229464
1605285900,12.151000022888184,12.15999984741211,12.109999656677246,12.119999885559082,652786
1605286200,12.110199928283691,12.130000114440918,12.09000015258789,12.123299598693848,777409
1605286500,12.130000114440918,12.140000343322754,12.10159969329834,12.109999656677246,367023
1605286800,12.109999656677246,12.119999885559082,12.09000015258789,12.100000381469727,416513
1605287100,12.095000267028809,12.119999885559082,12.09000015258789,12.100000381469727,710077
1605287400,12.100000381469727,12.109999656677246,12.050000190734863,12.077400207519531,604570
1605287700,12.073200225830078,12.079999923706055,12.050000190734863,12.050000190734863,381103
1605288000,12.055000305175781,12.0600004196167,12.010000228881836,12.024999618530273,986201
1605288300,12.024999618530273,12.039999961853027,12.020000457763672,12.039899826049805,491170
1605288600,12.03499984741211,12.069999694824219,12.029999732971191,12.0649995803833,400142
1605288900,12.0649995803833,12.069999694824219,12.029999732971191,12.03499984741211,325288
1605289200,12.038200378417969,12.039999961853027,12.020000457763672,12.024999618530273,359739
1605289500,12.02180004119873,12.0600004196167,12.020000457763672,12.055000305175781,276658
1605289800,12.055000305175781,12.069999694824219,12.050000190734863,12.069000244140625,323389
1605290100,12.069999694824219,12.069999694824219,12.029999732971191,12.04990005493164,285082
1605290400,12.045000076293945,12.0600004196167,12.039999961853027,12.055000305175781,168625
1605290700,12.0600004196167,12.079999923706055,12.050000190734863,12.0649995803833,311221
1605291000,12.0600004196167,12.079999923706055,12.050000190734863,12.060600280761719,481105
1605291300,12.0649995803833,12.085000038146973,12.0600004196167,12.085000038146973,334759
1605291600,12.085000038146973,12.085000038146973,12.0600004196167,12.069999694824219,311715
1605291900,12.074999809265137,12.109999656677246,12.069999694824219,12.085000038146973,415721
1605292200,12.08180046081543,12.119999885559082,12.079999923706055,12.09000015258789,498558
1605292500,12.09000015258789,12.100000381469727,12.079999923706055,12.085000038146973,613894
1605292800,12.085000038146973,12.09000015258789,12.0600004196167,12.085000038146973,527919
1605293100,12.084099769592285,12.109999656677246,12.069999694824219,12.104999542236328,440367
1605293400,12.104299545288086,12.140000343322754,12.100000381469727,12.136500358581543,472268
1605293700,12.130000114440918,12.140000343322754,12.100000381469727,12.104999542236328,414445
1605294000,12.102100372314453,12.149999618530273,12.100000381469727,12.125,663014
1605294300,12.119999885559082,12.145000457763672,12.09000015258789,12.109999656677246,462439
1605294600,12.109999656677246,12.130000114440918,12.09000015258789,12.104999542236328,466445
1605294900,12.104100227355957,12.109999656677246,12.079999923706055,12.090100288391113,381120
1605295200,12.09000015258789,12.130000114440918,12.09000015258789,12.130000114440918,578615
1605295500,12.130000114440918,12.130000114440918,12.109999656677246,12.119999885559082,275620
1605295800,12.119999885559082,12.119999885559082,12.069999694824219,12.074999809265137,374904
1605296100,12.070099830627441,12.119999885559082,12.069999694824219,12.110099792480469,391749
1605296400,12.109999656677246,12.140000343322754,12.100000381469727,12.140000343322754,624173
1605296700,12.130000114440918,12.140000343322754,12.100000381469727,12.100000381469727,417853
1605297000,12.104999542236328,12.140000343322754,12.100000381469727,12.135000228881836,523008
1605297300,12.140000343322754,12.180000305175781,12.119999885559082,12.170000076293945,1140184
1605297600,12.170000076293945,12.180000305175781,12.149999618530273,12.164999961853027,425374
1605297900,12.163299560546875,12.170000076293945,12.119999885559082,12.119999885559082,389604
1605298200,12.130000114440918,12.130000114440918,12.085000038146973,12.109999656677246,617683
1605298500,12.109000205993652,12.130000114440918,12.100000381469727,12.125,319920
1605298800,12.119999885559082,12.130000114440918,12.100000381469727,12.1048002243042,312899
1605299100,12.104999542236328,12.149999618530273,12.100000381469727,12.149999618530273,483880
1605299400,12.145000457763672,12.170000076293945,12.140000343322754,12.170000076293945,445230
1605299700,12.164999961853027,12.1899995803833,12.15999984741211,12.1850004196167,528350
1605300000,12.1850004196167,12.229999542236328,12.180000305175781,12.194999694824219,1218443
1605300300,12.1899995803833,12.220000267028809,12.1899995803833,12.210000038146973,903822
1605300600,12.210000038146973,12.25,12.210000038146973,12.244999885559082,1590577
1605300900,12.239999771118164,12.25,12.229999542236328,12.244999885559082,1961002
1605301200,12.24,12.24,12.24,12.24,747538
1605302100,12.24,12.25,12.23,12.2398,0
1605302400,12.23,12.2398,12.21,12.21,0
1605302700,12.2098,12.21,12.2,12.21,0
1605303000,12.2,12.21,12.19,12.2,0
1605303300,12.19,12.2,12.16,12.16,0
1605303600,12.165,12.18,12.15,12.18,0
1605303900,12.19,12.23,12.18,12.21,0
1605304200,12.23,12.23,12.21,12.22,0
1605304500,12.22,12.24,12.11,12.11,0
1605304800,12.12,12.1598,12.08,12.1498,0
1605305100,12.15,12.44,12.15,12.39,0
1605305400,12.36,12.4,12.28,12.35,0
1605305700,12.34,12.44,12.34,12.42,0
1605306000,12.43,12.55,12.42,12.46,0
1605306300,12.45,12.47,12.32,12.39,0
1605306600,12.3998,12.43,12.35,12.37,0
1605306900,12.36,12.37,12.36,12.36,0
1605307200,12.3602,12.37,12.31,12.3199,0
1605307500,12.32,12.32,12.31,12.32,0
1605307800,12.32,12.32,12.29,12.3,0
1605308100,12.31,12.32,12.3,12.32,0
1605308400,12.32,12.32,12.3,12.32,0
1605308700,12.31,12.35,12.3,12.35,0
1605309000,12.33,12.4,12.33,12.36,0
1605309300,12.36,12.37,12.34,12.34,0
1605309600,12.35,12.35,12.32,12.33,0
1605309900,12.33,12.36,12.33,12.35,0
1605310200,12.34,12.37,12.34,12.35,0
1605310500,12.35,12.38,12.33,12.38,0
1605310800,12.39,12.39,12.37,12.37,0
1605311100,12.37,12.4,12.3601,12.39,0
1605311400,12.39,12.39,12.37,12.38,0
1605311700,12.38,12.38,12.37,12.38,0
1605312000,12.37,12.37,12.3599,12.37,0
1605312300,12.37,12.38,12.36,12.37,0
1605312600,12.38,12.39,12.37,12.38,0
1605312900,12.39,12.39,12.37,12.38,0
1605313200,12.39,12.39,12.38,12.39,0
1605313500,12.38,12.39,12.37,12.38,0
1605313800,12.38,12.38,12.36,12.37,0
1605314100,12.36,12.37,12.35,12.36,0
1605314400,12.35,12.37,12.35,12.36,0
1605314700,12.36,12.38,12.36,12.36,0
1605315000,12.36,12.38,12.36,12.38,0
1605315300,12.38,12.38,12.36,12.36,0
