Date,Open,High,Low,Close,Volume
1605271200,1.34,1.34,1.34,1.34,0
1605272400,1.4,1.4,1.4,1.4,0
1605273300,1.3399,1.4,1.33,1.34,0
1605273600,1.37,1.37,1.37,1.37,0
1605273900,1.37,1.42,1.3699,1.38,0
1605274200,1.42,1.44,1.42,1.44,0
1605274500,1.4001,1.42,1.4001,1.42,0
1605274800,1.44,1.45,1.44,1.45,0
1605275100,1.45,1.53,1.43,1.5,0
1605275400,1.45,1.4502,1.4299,1.45,0
1605275700,1.44,1.48,1.44,1.48,0
1605276300,1.47,1.48,1.47,1.48,0
1605276600,1.49,1.49,1.44,1.47,0
1605276900,1.47,1.47,1.44,1.44,0
1605277200,1.4699,1.5,1.4699,1.49,0
1605277500,1.5,1.52,1.48,1.52,0
1605277800,1.5099999904632568,1.5099999904632568,1.440000057220459,1.4651999473571777,186830
1605278100,1.4800000190734863,1.5099999904632568,1.4800000190734863,1.5099999904632568,18196
1605278400,1.5068000555038452,1.5800000429153442,1.4800000190734863,1.4900000095367432,104319
1605278700,1.4975999593734741,1.5299999713897705,1.4975999593734741,1.5299999713897705,27165
1605279000,1.516800045967102,1.5299999713897705,1.5,1.5199999809265137,14853
1605279300,1.5003000497817993,1.600000023841858,1.5003000497817993,1.5989999771118164,93176
1605279600,1.600000023841858,1.6799999475479126,1.5898000001907349,1.6299999952316284,122288
1605279900,1.6200000047683716,1.6299999952316284,1.5499999523162842,1.5579999685287476,30417
1605280200,1.5582000017166138,1.5700000524520874,1.5499999523162842,1.5499999523162842,38780
1605280500,1.559999942779541,1.7799999713897705,1.5499999523162842,1.7000000476837158,154565
1605280800,1.7000000476837158,1.8700000047683716,1.6799999475479126,1.7999999523162842,580683
1605281100,1.8069000244140625,1.9900000095367432,1.7999999523162842,1.940000057220459,655736
1605281400,1.940000057220459,2.299999952316284,1.940000057220459,2.2100000381469727,1667507
1605281700,2.200000047683716,2.2300000190734863,1.940000057220459,1.9900000095367432,1267190
1605282000,1.9901000261306763,2.0299999713897705,1.7699999809265137,1.848099946975708,718417
1605282300,1.840000033378601,1.9299999475479126,1.7899999618530273,1.899999976158142,276185
1605282600,1.8899999856948853,1.909999966621399,1.8200000524520874,1.899999976158142,130149
1605282900,1.8899999856948853,2.069999933242798,1.850000023841858,1.9104000329971313,650353
1605283200,1.9299999475479126,2.0399999618530273,1.899999976158142,1.9800000190734863,375889
1605283500,1.9884999990463257,2.009999990463257,1.8200000524520874,1.840000033378601,399958
1605283800,1.840000033378601,1.9199999570846558,1.840000033378601,1.8799999952316284,110162
1605284100,1.8899999856948853,1.9199999570846558,1.840000033378601,1.8650000095367432,113325
1605284400,1.8604999780654907,1.8650000095367432,1.7999999523162842,1.8200000524520874,177753
1605284700,1.8300000429153442,1.8600000143051147,1.809999942779541,1.8600000143051147,59891
1605285000,1.840999960899353,1.8799999952316284,1.8200000524520874,1.8700000047683716,96594
1605285300,1.8600000143051147,2.049999952316284,1.850000023841858,2.0199999809265137,416794
1605285600,2.0299999713897705,2.049999952316284,1.909999966621399,2.039099931716919,329945
1605285900,2.049999952316284,2.1700000762939453,1.9500000476837158,2.059999942779541,582324
1605286200,2.059999942779541,2.0999999046325684,1.9500000476837158,1.9780999422073364,277113
1605286500,1.9957000017166138,2.0199999809265137,1.9500000476837158,2,171016
1605286800,1.9886000156402588,2,1.8300000429153442,1.899999976158142,266783
1605287100,1.9049999713897705,1.9299999475479126,1.850000023841858,1.9199999570846558,99231
1605287400,1.9149999618530273,2,1.899999976158142,1.9500000476837158,182084
1605287700,1.9500000476837158,1.9579999446868896,1.899999976158142,1.9199999570846558,63780
1605288000,1.923799991607666,1.923799991607666,1.850000023841858,1.8899999856948853,82822
1605288300,1.899999976158142,1.940000057220459,1.8966000080108643,1.910099983215332,55131
1605288600,1.909999966621399,2,1.909999966621399,1.9299999475479126,139648
1605288900,1.9199999570846558,1.9299999475479126,1.8700000047683716,1.9149999618530273,70939
1605289200,1.9163999557495117,1.9700000286102295,1.8899999856948853,1.9500000476837158,37387
1605289500,1.9500000476837158,2.069999933242798,1.9450000524520874,2.0350000858306885,353524
1605289800,2.0399999618530273,2.0450000762939453,1.9199999570846558,1.9501999616622925,216693
1605290100,1.9600000381469727,2.000499963760376,1.899999976158142,1.9950000047683716,108326
1605290400,2,2.1700000762939453,2,2.1549999713897705,656342
1605290700,2.1549999713897705,2.2699999809265137,2.130000114440918,2.130000114440918,1032059
1605291000,2.1500000953674316,2.3499999046325684,2.140000104904175,2.244999885559082,1227681
1605291300,2.240000009536743,2.2699999809265137,2.069999933242798,2.149899959564209,587675
1605291600,2.1459999084472656,2.259999990463257,2.069999933242798,2.2416000366210938,454558
1605291900,2.259999990463257,2.259999990463257,2.109999895095825,2.1243999004364014,272124
1605292200,2.119999885559082,2.309999942779541,2.0999999046325684,2.2699999809265137,704682
1605292500,2.2799999713897705,2.390000104904175,2.180000066757202,2.3499999046325684,1274637
1605292800,2.3499999046325684,2.390000104904175,2.259999990463257,2.3052000999450684,850056
1605293100,2.309999942779541,2.4800000190734863,2.309999942779541,2.430000066757202,1321585
1605293400,2.424999952316284,2.490000009536743,2.2300000190734863,2.25,1166680
1605293700,2.240000009536743,2.390000104904175,2.2300000190734863,2.319999933242798,768335
1605294000,2.319999933242798,2.319999933242798,2.25,2.2799999713897705,327515
1605294300,2.2799999713897705,2.2899999618530273,2.0999999046325684,2.140000104904175,742482
1605294600,2.134999990463257,2.1549999713897705,1.9700000286102295,2.049999952316284,737316
1605294900,2.059999942779541,2.1700000762939453,2.0199999809265137,2.1500000953674316,554619
1605295200,2.1600000858306885,2.240000009536743,2.059999942779541,2.119999885559082,584996
1605295500,2.119999885559082,2.2100000381469727,2.0999999046325684,2.1649999618530273,405628
1605295800,2.1649999618530273,2.200000047683716,2.0999999046325684,2.119999885559082,307361
1605296100,2.140000104904175,2.140000104904175,2.065000057220459,2.0999999046325684,299573
1605296400,2.1050000190734863,2.109999895095825,1.909999966621399,1.9699000120162964,526196
1605296700,1.965000033378601,2.0399999618530273,1.9199999570846558,2,261644
1605297000,1.999899983406067,2.0199999809265137,1.9500000476837158,2,163337
1605297300,2,2.049999952316284,1.9800000190734863,2.0397000312805176,180642
1605297600,2.039900064468384,2.130000114440918,2.009999990463257,2.100100040435791,351601
1605297900,2.1050000190734863,2.1500000953674316,1.9700000286102295,2.0399999618530273,295507
1605298200,2.0350000858306885,2.069999933242798,1.9900000095367432,2.0199999809265137,89888
1605298500,2.0199999809265137,2.0399999618530273,1.9199999570846558,1.9850000143051147,174934
1605298800,1.9880000352859497,2.0299999713897705,1.9600000381469727,2.0199999809265137,99475
1605299100,2.0250000953674316,2.0399999618530273,1.940000057220459,1.9699000120162964,143666
1605299400,1.968999981880188,2,1.9199999570846558,1.9600000381469727,105890
1605299700,1.9637999534606934,1.9637999534606934,1.8200000524520874,1.8801000118255615,294779
1605300000,1.8899999856948853,1.8899999856948853,1.8350000381469727,1.875,95220
1605300300,1.8700000047683716,1.8799999952316284,1.8200000524520874,1.840000033378601,100401
1605300600,1.840000033378601,1.9200999736785889,1.8300000429153442,1.899999976158142,183331
1605300900,1.899999976158142,1.9500000476837158,1.8799999952316284,1.9450000524520874,254019
1605301200,1.95,1.95,1.95,1.95,12718
1605302100,1.94,1.98,1.93,1.93,0
1605302400,1.93,1.96,1.93,1.96,0
1605302700,1.96,1.97,1.96,1.97,0
1605303000,1.97,1.97,1.94,1.97,0
1605303300,1.94,1.94,1.9,1.9,0
1605303600,1.89,1.89,1.81,1.83,0
1605303900,1.83,1.86,1.83,1.86,0
1605304200,1.88,1.88,1.87,1.88,0
1605304500,1.8892,1.8892,1.87,1.87,0
1605304800,1.87,1.8702,1.82,1.82,0
1605305100,1.82,1.86,1.82,1.86,0
1605305400,1.86,1.89,1.86,1.87,0
1605305700,1.86,1.86,1.86,1.86,0
1605306000,1.84,1.86,1.84,1.85,0
1605306300,1.85,1.85,1.84,1.84,0
1605306600,1.85,1.85,1.82,1.82,0
1605306900,1.84,1.84,1.84,1.84,0
1605307200,1.83,1.83,1.82,1.82,0
1605307500,1.81,1.81,1.81,1.81,0
1605307800,1.81,1.83,1.8,1.8,0
1605308100,1.83,1.83,1.83,1.83,0
1605308400,1.83,1.83,1.83,1.83,0
1605309000,1.81,1.85,1.81,1.85,0
1605309300,1.85,1.85,1.85,1.85,0
1605309600,1.86,1.86,1.85,1.85,0
1605310800,1.85,1.85,1.85,1.85,0
1605311100,1.85,1.86,1.85,1.86,0
1605311400,1.89,1.9,1.85,1.85,0
1605311700,1.92,1.93,1.92,1.93,0
1605312000,1.93,1.93,1.93,1.93,0
1605312600,1.93,1.93,1.93,1.93,0
1605312900,1.97,1.97,1.93,1.93,0
1605313200,1.89,1.89,1.89,1.89,0
1605313800,1.91,1.91,1.91,1.91,0
1605314100,1.93,1.93,1.93,1.93,0
1605315300,1.92,1.92,1.92,1.92,0
