Date,Open,High,Low,Close,Volume
1605269700,5.5,5.5,5.5,5.5,0
1605270000,5.5,5.5,5.5,5.5,0
1605270300,5.51,5.51,5.51,5.51,0
1605270600,5.52,5.52,5.52,5.52,0
1605273000,5.54,5.54,5.54,5.54,0
1605273300,5.54,5.5599,5.5,5.5599,0
1605273600,5.56,5.56,5.56,5.56,0
1605273900,5.5301,5.54,5.5301,5.54,0
1605274500,5.55,5.55,5.55,5.55,0
1605275100,5.56,5.56,5.56,5.56,0
1605275400,5.56,5.56,5.56,5.56,0
1605275700,5.57,5.57,5.57,5.57,0
1605276000,5.5699,5.57,5.5699,5.57,0
1605276300,5.57,5.57,5.57,5.57,0
1605276600,5.5699,5.61,5.5699,5.61,0
1605276900,5.62,5.62,5.57,5.58,0
1605277200,5.58,5.61,5.58,5.61,0
1605277500,5.6,5.62,5.6,5.62,0
1605277800,5.559999942779541,5.590000152587891,5.539999961853027,5.539999961853027,663897
1605278100,5.550000190734863,5.559999942779541,5.53000020980835,5.539999961853027,240411
1605278400,5.550000190734863,5.570000171661377,5.540999889373779,5.559999942779541,198077
1605278700,5.559999942779541,5.579999923706055,5.541500091552734,5.554999828338623,273152
1605279000,5.551400184631348,5.570000171661377,5.539999961853027,5.545000076293945,193561
1605279300,5.539999961853027,5.550000190734863,5.53000020980835,5.534999847412109,165755
1605279600,5.539999961853027,5.550000190734863,5.514999866485596,5.519899845123291,147512
1605279900,5.514999866485596,5.525000095367432,5.505000114440918,5.519999980926514,219531
1605280200,5.519999980926514,5.519999980926514,5.489999771118164,5.5,199972
1605280500,5.5,5.505000114440918,5.489999771118164,5.494999885559082,226273
1605280800,5.494999885559082,5.5,5.489999771118164,5.489999771118164,88900
1605281100,5.489999771118164,5.510000228881836,5.480000019073486,5.505000114440918,163936
1605281400,5.5,5.514999866485596,5.494999885559082,5.5,329701
1605281700,5.5,5.5,5.489999771118164,5.498000144958496,100496
1605282000,5.494999885559082,5.510000228881836,5.489999771118164,5.505000114440918,89824
1605282300,5.510000228881836,5.53000020980835,5.505000114440918,5.525000095367432,167763
1605282600,5.53000020980835,5.539999961853027,5.519999980926514,5.525000095367432,589418
1605282900,5.519999980926514,5.525000095367432,5.489999771118164,5.493000030517578,464009
1605283200,5.5,5.533400058746338,5.494999885559082,5.519999980926514,239924
1605283500,5.519999980926514,5.525000095367432,5.510000228881836,5.514999866485596,167662
1605283800,5.5100998878479,5.5177998542785645,5.5,5.5,77174
1605284100,5.505000114440918,5.519999980926514,5.5,5.514999866485596,78932
1605284400,5.510000228881836,5.534999847412109,5.505000114440918,5.53000020980835,318119
1605284700,5.53000020980835,5.53000020980835,5.525000095367432,5.53000020980835,52152
1605285000,5.53000020980835,5.550000190734863,5.525000095367432,5.539999961853027,294662
1605285300,5.539999961853027,5.554999828338623,5.5329999923706055,5.550000190734863,381746
1605285600,5.550000190734863,5.559999942779541,5.550000190734863,5.559999942779541,89320
1605285900,5.559999942779541,5.559999942779541,5.550000190734863,5.550099849700928,42217
1605286200,5.554999828338623,5.559999942779541,5.534999847412109,5.534999847412109,110224
1605286500,5.53000020980835,5.534999847412109,5.513800144195557,5.53000020980835,253230
1605286800,5.53000020980835,5.550000190734863,5.519999980926514,5.545000076293945,155938
1605287100,5.545000076293945,5.550000190734863,5.539999961853027,5.539999961853027,56538
1605287400,5.545000076293945,5.550000190734863,5.539999961853027,5.539999961853027,74965
1605287700,5.545000076293945,5.550000190734863,5.539999961853027,5.54010009765625,42479
1605288000,5.539999961853027,5.54010009765625,5.53000020980835,5.53000020980835,88603
1605288300,5.53000020980835,5.537899971008301,5.53000020980835,5.537899971008301,41448
1605288600,5.534999847412109,5.539999961853027,5.519999980926514,5.525000095367432,758564
1605288900,5.519999980926514,5.53000020980835,5.519999980926514,5.525000095367432,55055
1605289200,5.519999980926514,5.528600215911865,5.519999980926514,5.519999980926514,53728
1605289500,5.525000095367432,5.53000020980835,5.519999980926514,5.519999980926514,116763
1605289800,5.519999980926514,5.53000020980835,5.514999866485596,5.514999866485596,286352
1605290100,5.511499881744385,5.519999980926514,5.510000228881836,5.510000228881836,48336
1605290400,5.510000228881836,5.519999980926514,5.5,5.5,196968
1605290700,5.5,5.510000228881836,5.5,5.510000228881836,50781
1605291000,5.510000228881836,5.519999980926514,5.5,5.519999980926514,163353
1605291300,5.519999980926514,5.53000020980835,5.510000228881836,5.525000095367432,57838
1605291600,5.519999980926514,5.53000020980835,5.514999866485596,5.519999980926514,118798
1605291900,5.514999866485596,5.53000020980835,5.510000228881836,5.510000228881836,210148
1605292200,5.510000228881836,5.514999866485596,5.5,5.508600234985352,48351
1605292500,5.505000114440918,5.508500099182129,5.489999771118164,5.489999771118164,100546
1605292800,5.494999885559082,5.5,5.489999771118164,5.494999885559082,22099
1605293100,5.494999885559082,5.507900238037109,5.480000019073486,5.4878997802734375,163002
1605293400,5.485000133514404,5.4899001121521,5.46999979019165,5.480000019073486,93534
1605293700,5.476600170135498,5.494999885559082,5.474800109863281,5.489999771118164,198863
1605294000,5.490099906921387,5.494999885559082,5.474999904632568,5.474999904632568,99619
1605294300,5.46999979019165,5.480000019073486,5.46999979019165,5.476500034332275,100113
1605294600,5.474999904632568,5.489999771118164,5.46999979019165,5.485000133514404,160207
1605294900,5.483699798583984,5.488999843597412,5.480000019073486,5.485000133514404,66427
1605295200,5.485000133514404,5.5,5.485000133514404,5.494999885559082,106824
1605295500,5.492199897766113,5.494999885559082,5.480000019073486,5.485000133514404,109127
1605295800,5.485000133514404,5.489999771118164,5.480000019073486,5.485000133514404,47193
1605296100,5.489999771118164,5.489999771118164,5.480000019073486,5.485000133514404,62093
1605296400,5.485000133514404,5.489999771118164,5.480000019073486,5.485000133514404,35826
1605296700,5.485000133514404,5.489999771118164,5.480000019073486,5.485000133514404,58386
1605297000,5.489999771118164,5.5,5.489999771118164,5.5,42198
1605297300,5.5,5.510000228881836,5.494999885559082,5.510000228881836,95799
1605297600,5.505000114440918,5.519999980926514,5.5,5.514999866485596,234124
1605297900,5.514999866485596,5.519999980926514,5.5,5.5,160979
1605298200,5.503200054168701,5.505000114440918,5.489999771118164,5.494999885559082,124589
1605298500,5.494999885559082,5.5,5.480000019073486,5.489999771118164,373108
1605298800,5.489999771118164,5.5,5.480000019073486,5.489999771118164,243598
1605299100,5.489999771118164,5.5,5.480000019073486,5.5,115280
1605299400,5.5,5.5,5.480000019073486,5.485000133514404,413801
1605299700,5.480000019073486,5.489999771118164,5.480000019073486,5.485000133514404,146721
1605300000,5.480000019073486,5.510000228881836,5.480000019073486,5.5,531655
1605300300,5.5,5.510000228881836,5.494999885559082,5.5,294215
1605300600,5.5,5.518599987030029,5.485000133514404,5.510000228881836,496071
1605300900,5.510000228881836,5.519999980926514,5.489999771118164,5.489999771118164,1578579
1605301200,5.49,5.49,5.49,5.49,221409
1605302100,5.49,5.49,5.49,5.49,0
1605302400,5.51,5.51,5.51,5.51,0
1605303000,5.49,5.49,5.49,5.49,0
1605303300,5.5001,5.5001,5.5,5.5,0
1605304200,5.51,5.51,5.5,5.5,0
1605304800,5.51,5.51,5.51,5.51,0
1605305100,5.5098,5.5098,5.5098,5.5098,0
1605306300,5.51,5.51,5.51,5.51,0
1605306600,5.51,5.51,5.5,5.5,0
1605307800,5.52,5.52,5.51,5.51,0
1605308100,5.52,5.52,5.52,5.52,0
1605308700,5.52,5.52,5.52,5.52,0
1605309300,5.52,5.52,5.52,5.52,0
1605310500,5.53,5.53,5.5201,5.5201,0
1605310800,5.53,5.53,5.53,5.53,0
1605312000,5.52,5.52,5.52,5.52,0
1605315300,5.52,5.52,5.52,5.52,0
