Date,Open,High,Low,Close,Volume
1605269700,37.01,37.01,37,37,0
1605276600,36.84,36.84,36.84,36.84,0
1605277800,36.95000076293945,37.029998779296875,36.75,37.029998779296875,192815
1605278100,37.029998779296875,37.16999816894531,36.9900016784668,37.165000915527344,329862
1605278400,37.16999816894531,37.297000885009766,37.16999816894531,37.27000045776367,365610
1605278700,37.275001525878906,37.505001068115234,37.275001525878906,37.48500061035156,294003
1605279000,37.4900016784668,37.51499938964844,37.43000030517578,37.439998626708984,153032
1605279300,37.43000030517578,37.619998931884766,37.43000030517578,37.5,453799
1605279600,37.5,37.53499984741211,37.439998626708984,37.525001525878906,300571
1605279900,37.525001525878906,37.529998779296875,37.459999084472656,37.470001220703125,58857
1605280200,37.470001220703125,37.5099983215332,37.440101623535156,37.47999954223633,73606
1605280500,37.48500061035156,37.56999969482422,37.40999984741211,37.4900016784668,196852
1605280800,37.5,37.564998626708984,37.474998474121094,37.47999954223633,193076
1605281100,37.474998474121094,37.564998626708984,37.474998474121094,37.5099983215332,290560
1605281400,37.5099983215332,37.61000061035156,37.5,37.54499816894531,208407
1605281700,37.54999923706055,37.6150016784668,37.5,37.53499984741211,1509383
1605282000,37.53499984741211,37.630001068115234,37.529998779296875,37.625,188404
1605282300,37.625,37.720001220703125,37.599998474121094,37.70000076293945,171916
1605282600,37.70000076293945,37.709999084472656,37.65999984741211,37.685001373291016,61758
1605282900,37.685001373291016,37.689998626708984,37.56999969482422,37.599998474121094,95681
1605283200,37.61000061035156,37.73500061035156,37.61000061035156,37.69499969482422,77448
1605283500,37.69499969482422,37.70000076293945,37.665000915527344,37.70000076293945,134069
1605283800,37.689998626708984,37.70989990234375,37.650001525878906,37.650001525878906,51020
1605284100,37.64500045776367,37.68000030517578,37.61000061035156,37.630001068115234,48217
1605284400,37.630001068115234,37.650001525878906,37.61000061035156,37.62799835205078,47139
1605284700,37.625,37.654998779296875,37.560001373291016,37.650001525878906,107454
1605285000,37.650001525878906,37.689998626708984,37.599998474121094,37.63999938964844,2078336
1605285300,37.630001068115234,37.67499923706055,37.567501068115234,37.619998931884766,166479
1605285600,37.625,37.685001373291016,37.595001220703125,37.595001220703125,82577
1605285900,37.599998474121094,37.6349983215332,37.58000183105469,37.59000015258789,128849
1605286200,37.599998474121094,37.619998931884766,37.560001373291016,37.6150016784668,73308
1605286500,37.619998931884766,37.63999938964844,37.599998474121094,37.60499954223633,35451
1605286800,37.61000061035156,37.650001525878906,37.61000061035156,37.630001068115234,33647
1605287100,37.619998931884766,37.619998931884766,37.59000015258789,37.61000061035156,44460
1605287400,37.617000579833984,37.64500045776367,37.595001220703125,37.602699279785156,45531
1605287700,37.605098724365234,37.605098724365234,37.54999923706055,37.54999923706055,30927
1605288000,37.540000915527344,37.55500030517578,37.4900016784668,37.54999923706055,61073
1605288300,37.55500030517578,37.599998474121094,37.54999923706055,37.59000015258789,48665
1605288600,37.59000015258789,37.61000061035156,37.54999923706055,37.595001220703125,72301
1605288900,37.595001220703125,37.619998931884766,37.58000183105469,37.6150016784668,32243
1605289200,37.6150016784668,37.650001525878906,37.60499954223633,37.619998931884766,68126
1605289500,37.619998931884766,37.67499923706055,37.61000061035156,37.66999816894531,55585
1605289800,37.665000915527344,37.91999816894531,37.599998474121094,37.83000183105469,2390404
1605290100,37.83000183105469,37.84000015258789,37.79499816894531,37.79499816894531,52766
1605290400,37.79499816894531,37.79999923706055,37.7400016784668,37.744998931884766,56550
1605290700,37.744998931884766,37.75,37.70000076293945,37.724998474121094,44729
1605291000,37.724998474121094,37.72999954223633,37.709999084472656,37.720001220703125,22987
1605291300,37.724998474121094,37.77000045776367,37.724998474121094,37.755001068115234,50740
1605291600,37.75,37.7599983215332,37.709999084472656,37.75,45680
1605291900,37.755001068115234,37.77000045776367,37.744998931884766,37.7599983215332,67914
1605292200,37.755001068115234,37.7599983215332,37.720001220703125,37.744998931884766,53180
1605292500,37.744998931884766,37.790000915527344,37.744998931884766,37.779998779296875,89538
1605292800,37.78499984741211,37.83000183105469,37.77000045776367,37.80500030517578,101960
1605293100,37.79999923706055,37.834999084472656,37.79010009765625,37.810001373291016,74715
1605293400,37.81999969482422,37.81999969482422,37.779998779296875,37.807498931884766,92080
1605293700,37.80500030517578,37.84000015258789,37.775001525878906,37.810001373291016,138381
1605294000,37.810001373291016,37.83000183105469,37.78499984741211,37.78670120239258,67642
1605294300,37.78499984741211,37.810001373291016,37.7599983215332,37.790000915527344,130312
1605294600,37.78499984741211,37.81999969482422,37.75,37.755001068115234,154381
1605294900,37.7599983215332,37.79999923706055,37.7400016784668,37.79499816894531,88489
1605295200,37.790000915527344,37.93000030517578,37.78499984741211,37.86000061035156,243964
1605295500,37.8650016784668,37.900001525878906,37.83000183105469,37.88999938964844,98708
1605295800,37.88999938964844,37.90999984741211,37.86000061035156,37.86000061035156,71106
1605296100,37.8650016784668,37.970001220703125,37.84049987792969,37.94300079345703,292807
1605296400,37.939998626708984,37.94499969482422,37.86000061035156,37.8849983215332,287778
1605296700,37.88999938964844,37.900001525878906,37.845001220703125,37.880001068115234,166892
1605297000,37.880001068115234,38.06999969482422,37.8650016784668,38.060001373291016,162362
1605297300,38.06999969482422,38.13999938964844,38.040000915527344,38.04499816894531,128843
1605297600,38.04999923706055,38.06999969482422,38.0099983215332,38.01499938964844,92304
1605297900,38.02000045776367,38.04999923706055,37.9900016784668,38.04999923706055,114821
1605298200,38.04999923706055,38.04999923706055,37.9900016784668,38.025001525878906,103986
1605298500,38.029998779296875,38.029998779296875,37.959999084472656,38.005001068115234,176782
1605298800,38.0099983215332,38.01499938964844,37.97999954223633,38.0099983215332,60607
1605299100,38.01499938964844,38.01499938964844,37.9900016784668,38,112362
1605299400,37.994998931884766,38.07500076293945,37.9900016784668,38.04999923706055,290227
1605299700,38.04499816894531,38.150001525878906,38.040000915527344,38.099998474121094,221788
1605300000,38.099998474121094,38.13999938964844,38.09000015258789,38.095001220703125,152398
1605300300,38.09000015258789,38.119998931884766,38,38.099998474121094,1496316
1605300600,38.099998474121094,38.099998474121094,37.97999954223633,37.98500061035156,291159
1605300900,37.98500061035156,38.02000045776367,37.95209884643555,37.97999954223633,614818
1605301200,37.98,37.98,37.98,37.98,730904
1605302100,37.98,37.98,37.98,37.98,0
1605305400,37.98,37.98,37.98,37.98,0
1605305700,35.19899,35.19899,35.19899,35.19899,0
