Date,Open,High,Low,Close,Volume
1605258900,15.35,15.39,15.3,15.39,0
1605259200,15.39,15.5,15.39,15.48,0
1605259500,15.45,15.45,15.38,15.39,0
1605259800,15.39,15.4,15.31,15.4,0
1605260100,15.36,15.43,15.34,15.35,0
1605260400,15.4,15.42,15.35,15.42,0
1605260700,15.39,15.4,15.37,15.37,0
1605261000,15.38,15.41,15.38,15.41,0
1605261300,15.4,15.41,15.37,15.41,0
1605261600,15.38,15.41,15.38,15.41,0
1605261900,15.41,15.41,15.41,15.41,0
1605262200,15.42,15.44,15.42,15.42,0
1605262500,15.45,15.46,15.45,15.46,0
1605262800,15.47,15.55,15.47,15.55,0
1605263100,15.55,15.56,15.52,15.53,0
1605263400,15.52,15.56,15.48,15.5,0
1605263700,15.5,15.51,15.47,15.47,0
1605264000,15.5,15.51,15.5,15.5,0
1605264300,15.5,15.5,15.48,15.48,0
1605264600,15.48,15.48,15.47,15.47,0
1605264900,15.48,15.5,15.48,15.5,0
1605265200,15.47,15.52,15.46,15.5,0
1605265500,15.54,15.56,15.5,15.56,0
1605265800,15.58,15.58,15.51,15.56,0
1605266100,15.58,15.58,15.55,15.55,0
1605266400,15.54,15.55,15.49,15.55,0
1605266700,15.55,15.55,15.45,15.49,0
1605267000,15.47,15.47,15.45,15.45,0
1605267300,15.48,15.48,15.48,15.48,0
1605267600,15.48,15.5,15.46,15.46,0
1605267900,15.49,15.53,15.49,15.53,0
1605268200,15.53,15.55,15.5,15.5,0
1605268500,15.53,15.55,15.53,15.55,0
1605268800,15.55,15.55,15.53,15.55,0
1605269100,15.55,15.55,15.51,15.51,0
1605269400,15.55,15.58,15.55,15.57,0
1605269700,15.58,15.59,15.26,15.29,0
1605270000,15.3,15.4,15.27,15.37,0
1605270300,15.37,15.38,15.34,15.35,0
1605270600,15.34,15.34,15.26,15.28,0
1605270900,15.29,15.31,15.27,15.28,0
1605271200,15.29,15.32,15.27,15.3,0
1605271500,15.31,15.36,15.31,15.35,0
1605271800,15.33,15.42,15.32,15.42,0
1605272100,15.42,15.43,15.35,15.35,0
1605272400,15.35,15.42,15.35,15.41,0
1605272700,15.4,15.4,15.36,15.36,0
1605273000,15.35,15.37,15.33,15.33,0
1605273300,15.2999,15.51,15.27,15.3,0
1605273600,15.31,15.36,15.31,15.33,0
1605273900,15.34,15.39,15.34,15.38,0
1605274200,15.38,15.4,15.3,15.32,0
1605274500,15.3,15.36,15.28,15.28,0
1605274800,15.31,15.36,15.29,15.35,0
1605275100,15.3599,15.4,15.3598,15.37,0
1605275400,15.38,15.38,15.32,15.35,0
1605275700,15.37,15.37,15.33,15.3301,0
1605276000,15.35,15.35,15.34,15.34,0
1605276300,15.34,15.36,15.33,15.36,0
1605276600,15.35,15.38,15.32,15.3299,0
1605276900,15.3299,15.35,15.27,15.28,0
1605277200,15.3,15.35,15.27,15.34,0
1605277500,15.34,15.36,15.33,15.36,0
1605277800,15.1899995803833,15.390000343322754,15.079999923706055,15.106100082397461,14428656
1605278100,15.109999656677246,15.170000076293945,14.979999542236328,15.125,2846989
1605278400,15.125,15.260000228881836,15.093899726867676,15.104999542236328,4451486
1605278700,15.104999542236328,15.210000038146973,15.03499984741211,15.199999809265137,1993383
1605279000,15.199999809265137,15.255000114440918,15.104999542236328,15.21500015258789,2101700
1605279300,15.220000267028809,15.319999694824219,15.1899995803833,15.300000190734863,1815693
1605279600,15.292699813842773,15.324999809265137,15.25,15.26990032196045,2433064
1605279900,15.269000053405762,15.300000190734863,15.239999771118164,15.244999885559082,1368972
1605280200,15.25,15.265000343322754,15.199999809265137,15.208900451660156,2047830
1605280500,15.204999923706055,15.28499984741211,15.149999618530273,15.239999771118164,1016870
1605280800,15.239999771118164,15.239999771118164,15.149999618530273,15.165599822998047,1166233
1605281100,15.164999961853027,15.295000076293945,15.140000343322754,15.28499984741211,1058283
1605281400,15.28499984741211,15.4399995803833,15.260000228881836,15.425000190734863,1760798
1605281700,15.430000305175781,15.444999694824219,15.3149995803833,15.335000038146973,1237239
1605282000,15.34000015258789,15.404999732971191,15.3100004196167,15.399999618530273,1021163
1605282300,15.399999618530273,15.489999771118164,15.369999885559082,15.489999771118164,1411157
1605282600,15.479999542236328,15.600000381469727,15.470000267028809,15.59000015258789,2134008
1605282900,15.595000267028809,15.670000076293945,15.529999732971191,15.668899536132812,1710872
1605283200,15.670000076293945,15.729999542236328,15.649999618530273,15.720000267028809,1448958
1605283500,15.714799880981445,15.75,15.680000305175781,15.734999656677246,1121296
1605283800,15.729999542236328,15.75,15.649999618530273,15.729999542236328,1048040
1605284100,15.725000381469727,15.779999732971191,15.670000076293945,15.672499656677246,769583
1605284400,15.670000076293945,15.779999732971191,15.670000076293945,15.760000228881836,1061675
1605284700,15.760000228881836,15.8100004196167,15.710000038146973,15.78499984741211,912212
1605285000,15.786999702453613,15.84000015258789,15.739999771118164,15.8149995803833,1209081
1605285300,15.8100004196167,15.880000114440918,15.739999771118164,15.880000114440918,1168612
1605285600,15.880000114440918,16.024999618530273,15.872099876403809,15.994999885559082,1926585
1605285900,16,16.149999618530273,15.989999771118164,16.075000762939453,2183397
1605286200,16.075000762939453,16.1200008392334,15.960100173950195,15.972100257873535,2354873
1605286500,15.973699569702148,15.979999542236328,15.880000114440918,15.885000228881836,1051506
1605286800,15.880000114440918,16.014999389648438,15.869999885559082,15.984999656677246,2438569
1605287100,15.989999771118164,16.010000228881836,15.880000114440918,15.895000457763672,1872136
1605287400,15.899900436401367,15.949999809265137,15.84000015258789,15.896100044250488,11109987
1605287700,15.898500442504883,15.949999809265137,15.864999771118164,15.944999694824219,1086316
1605288000,15.944999694824219,15.949999809265137,15.899999618530273,15.942999839782715,1508844
1605288300,15.944199562072754,15.954999923706055,15.920000076293945,15.930999755859375,739393
1605288600,15.9350004196167,16.040000915527344,15.930000305175781,16.014999389648438,1469089
1605288900,16.014999389648438,16.040000915527344,15.9399995803833,15.96500015258789,1025712
1605289200,15.970000267028809,15.970000267028809,15.890000343322754,15.895000457763672,463400
1605289500,15.89169979095459,15.970000267028809,15.890000343322754,15.970000267028809,388670
1605289800,15.96500015258789,16,15.961600303649902,15.984999656677246,478692
1605290100,15.984999656677246,16.030000686645508,15.979999542236328,16.006500244140625,1527691
1605290400,16.010000228881836,16.010000228881836,15.979999542236328,15.994999885559082,716264
1605290700,16,16.010000228881836,15.989999771118164,15.993000030517578,897564
1605291000,15.989999771118164,16.020000457763672,15.979999542236328,16.014999389648438,2241378
1605291300,16.014999389648438,16.030000686645508,15.994999885559082,16.010000228881836,589576
1605291600,16.0049991607666,16.049999237060547,15.979999542236328,16.047000885009766,1599850
1605291900,16.045000076293945,16.174999237060547,16.041799545288086,16.16469955444336,3081476
1605292200,16.170000076293945,16.200000762939453,15.989999771118164,15.991800308227539,1497680
1605292500,16,16.0049991607666,15.970000267028809,15.971799850463867,1112398
1605292800,15.970000267028809,15.979999542236328,15.9350004196167,15.9350004196167,900381
1605293100,15.9399995803833,15.970000267028809,15.899999618530273,15.920000076293945,845739
1605293400,15.912400245666504,15.930000305175781,15.90999984741211,15.920000076293945,557755
1605293700,15.920000076293945,15.925000190734863,15.770000457763672,15.84000015258789,25496216
1605294000,15.84000015258789,16.049999237060547,15.84000015258789,15.934100151062012,2211450
1605294300,15.9399995803833,15.960000038146973,15.760000228881836,15.824999809265137,1675416
1605294600,15.819999694824219,15.84000015258789,15.800000190734863,15.828300476074219,840149
1605294900,15.824999809265137,15.84000015258789,15.760000228881836,15.774999618530273,914074
1605295200,15.774999618530273,15.899999618530273,15.760000228881836,15.789999961853027,1249690
1605295500,15.789999961853027,15.795100212097168,15.699999809265137,15.774999618530273,1395123
1605295800,15.779999732971191,15.8100004196167,15.770000457763672,15.795000076293945,622548
1605296100,15.789999961853027,15.859999656677246,15.789999961853027,15.854999542236328,1129400
1605296400,15.854999542236328,15.899999618530273,15.84000015258789,15.895000457763672,781597
1605296700,15.890000343322754,15.90999984741211,15.861800193786621,15.869999885559082,740596
1605297000,15.875,15.949999809265137,15.875,15.9399995803833,1012420
1605297300,15.9399995803833,16,15.930000305175781,15.960000038146973,2004484
1605297600,15.960000038146973,16.06999969482422,15.944999694824219,16.019899368286133,1501542
1605297900,16.014999389648438,16.049999237060547,15.984999656677246,15.991499900817871,1338564
1605298200,15.989999771118164,16,15.960000038146973,16,1254717
1605298500,15.989999771118164,16.040000915527344,15.989999771118164,16.010000228881836,751837
1605298800,16.010000228881836,16.020000457763672,15.970000267028809,15.994999885559082,885779
1605299100,16,16.059999465942383,15.989999771118164,16.045000076293945,1246756
1605299400,16.045000076293945,16.059999465942383,16.01300048828125,16.030000686645508,1037940
1605299700,16.040000915527344,16.059999465942383,16.030000686645508,16.049999237060547,651451
1605300000,16.049999237060547,16.100000381469727,16.045000076293945,16.066600799560547,1238621
1605300300,16.059999465942383,16.110000610351562,16.05500030517578,16.06999969482422,1105061
1605300600,16.06999969482422,16.079999923706055,16.020000457763672,16.02989959716797,1171696
1605300900,16.024999618530273,16.100000381469727,16.010000228881836,16.020000457763672,3977815
1605301200,16.021,16.021,16.01,16.01,1909180
1605302100,16.01,16.1,16.01,16.01,0
1605302400,16.01,16.1,15.965,16.04,0
1605302700,16.03,16.1,16.01,16.09,0
1605303000,16.09,16.09,16.04,16.04,0
1605303300,16.05,16.08,16.01,16.01,0
1605303600,16.04,16.08,16.04,16.07,0
1605303900,16.07,16.1,16.0602,16.1,0
1605304200,16.08,16.17,16.08,16.17,0
1605304500,16.17,16.17,16.13,16.14,0
1605304800,16.13,16.14,16.06,16.065,0
1605305100,16.08,16.13,16.08,16.12,0
1605305400,16.12,16.14,16.01,16.14,0
1605305700,16.14,16.18,16.13,16.18,0
1605306000,16.17,16.25,16.17,16.22,0
1605306300,16.24,16.25,16.17,16.17,0
1605306600,16.17,16.18,16.15,16.18,0
1605306900,16.18,16.18,16.13,16.15,0
1605307200,16.16,16.16,16.13,16.16,0
1605307500,16.15,16.16,16.13,16.1401,0
1605307800,16.16,16.16,16.13,16.15,0
1605308100,16.14,16.16,16.14,16.16,0
1605308400,16.16,16.16,16.15,16.15,0
1605308700,16.14,16.16,16.14,16.14,0
1605309000,16.14,16.16,16.14,16.16,0
1605309300,16.16,16.16,16.15,16.16,0
1605309600,16.15,16.16,16.14,16.16,0
1605309900,16.15,16.15,16.13,16.14,0
1605310200,16.14,16.14,16.13,16.13,0
1605310500,16.12,16.15,16.12,16.13,0
1605310800,16.15,16.16,16.1,16.11,0
1605311100,16.15,16.15,16.12,16.15,0
1605311400,16.15,16.16,16.14,16.16,0
1605311700,16.15,16.16,16.1,16.1,0
1605312000,16.1,16.12,16.1,16.12,0
1605312300,16.12,16.12,16.11,16.11,0
1605312600,16.12,16.15,16.11,16.13,0
1605312900,16.13,16.13,16.09,16.1,0
1605313200,16.08,16.15,16.08,16.15,0
1605313500,16.13,16.14,16.08,16.13,0
1605313800,16.14,16.14,16.13,16.14,0
1605314100,16.14,16.14,16.12,16.14,0
1605314400,16.13,16.14,16.1,16.14,0
1605314700,16.13,16.13,16.1,16.11,0
1605315000,16.11,16.12,16.08,16.1099,0
1605315300,16.1,16.12,16.1,16.12,0
