Date,Open,High,Low,Close,Volume
1605259200,47.98,47.98,47.98,47.98,0
1605260100,47.98,47.98,47.98,47.98,0
1605262200,48.17,48.17,48.17,48.17,0
1605269700,48.16,48.16,48.11,48.11,0
1605272400,48.02,48.02,48.01,48.01,0
1605274200,48,48,48,48,0
1605275400,48,48,48,48,0
1605275700,48.02,48.02,48.02,48.02,0
1605276000,48.02,48.02,47.75,47.75,0
1605276900,47.77,47.77,47.76,47.76,0
1605277200,47.88,47.88,47.88,47.88,0
1605277500,47.76,47.77,47.76,47.77,0
1605277800,47.810001373291016,48.540000915527344,47.72999954223633,48.29999923706055,695760
1605278100,48.31999969482422,48.46500015258789,48.310001373291016,48.40999984741211,367154
1605278400,48.400001525878906,48.4900016784668,48.38999938964844,48.47999954223633,224955
1605278700,48.4900016784668,48.560001373291016,48.459999084472656,48.5,185280
1605279000,48.505001068115234,48.540000915527344,48.40999984741211,48.474998474121094,144972
1605279300,48.47999954223633,48.58000183105469,48.47999954223633,48.564998626708984,141600
1605279600,48.560001373291016,48.66999816894531,48.54999923706055,48.64500045776367,235517
1605279900,48.64339828491211,48.790000915527344,48.619998931884766,48.724998474121094,229992
1605280200,48.724998474121094,48.77000045776367,48.58000183105469,48.584999084472656,287229
1605280500,48.584999084472656,48.597801208496094,48.474998474121094,48.51499938964844,189238
1605280800,48.51499938964844,48.56999969482422,48.48500061035156,48.51499938964844,151178
1605281100,48.51499938964844,48.637001037597656,48.494998931884766,48.637001037597656,227282
1605281400,48.6349983215332,48.729000091552734,48.630001068115234,48.709999084472656,114041
1605281700,48.720001220703125,48.744998931884766,48.63999938964844,48.65999984741211,119745
1605282000,48.654998779296875,48.72999954223633,48.6349983215332,48.69990158081055,124574
1605282300,48.689998626708984,48.7400016784668,48.6349983215332,48.650001525878906,243114
1605282600,48.65999984741211,48.66999816894531,48.599998474121094,48.654998779296875,81487
1605282900,48.652198791503906,48.69499969482422,48.61000061035156,48.665000915527344,131929
1605283200,48.66999816894531,48.75,48.665000915527344,48.724998474121094,108951
1605283500,48.72819900512695,48.81999969482422,48.710201263427734,48.80500030517578,102146
1605283800,48.79999923706055,48.80500030517578,48.744998931884766,48.77640151977539,102528
1605284100,48.779998779296875,48.83000183105469,48.7599983215332,48.814998626708984,86926
1605284400,48.81999969482422,48.82500076293945,48.75,48.79100036621094,80573
1605284700,48.79499816894531,48.810001373291016,48.720001220703125,48.777198791503906,151759
1605285000,48.77790069580078,48.80500030517578,48.7400016784668,48.76499938964844,97811
1605285300,48.7599983215332,48.790000915527344,48.709999084472656,48.7400016784668,79652
1605285600,48.75,48.899898529052734,48.7400016784668,48.8849983215332,207525
1605285900,48.88999938964844,48.91999816894531,48.84280014038086,48.90999984741211,385842
1605286200,48.90999984741211,48.95000076293945,48.869998931884766,48.95000076293945,102750
1605286500,48.94499969482422,48.97999954223633,48.915000915527344,48.97999954223633,150814
1605286800,48.970001220703125,48.97999954223633,48.93000030517578,48.95000076293945,133347
1605287100,48.959999084472656,49.029998779296875,48.939998626708984,49.029998779296875,184774
1605287400,49.029998779296875,49.060001373291016,48.97999954223633,49.04999923706055,146005
1605287700,49.05500030517578,49.060001373291016,48.93000030517578,48.935001373291016,191091
1605288000,48.939998626708984,48.959999084472656,48.93000030517578,48.939998626708984,101820
1605288300,48.93000030517578,48.970001220703125,48.93000030517578,48.939998626708984,83821
1605288600,48.941001892089844,48.95000076293945,48.86000061035156,48.87900161743164,307158
1605288900,48.880001068115234,48.97999954223633,48.880001068115234,48.959999084472656,79686
1605289200,48.96500015258789,49.029998779296875,48.959999084472656,49.0099983215332,145002
1605289500,49.0099983215332,49.0099983215332,48.95000076293945,49,79325
1605289800,48.994998931884766,49.04499816894531,48.994998931884766,49.02000045776367,79724
1605290100,49.02000045776367,49.03499984741211,48.97999954223633,49.0181999206543,94954
1605290400,49.02000045776367,49.06999969482422,49.0099983215332,49.06999969482422,150661
1605290700,49.06999969482422,49.130001068115234,49.0536003112793,49.09000015258789,126445
1605291000,49.09000015258789,49.150001525878906,49.08000183105469,49.10499954223633,138121
1605291300,49.099998474121094,49.16999816894531,49.095001220703125,49.16999816894531,112435
1605291600,49.16999816894531,49.16999816894531,49.04999923706055,49.09000015258789,166864
1605291900,49.099998474121094,49.16999816894531,49.08000183105469,49.130001068115234,160118
1605292200,49.130001068115234,49.18000030517578,49.11000061035156,49.16999816894531,219882
1605292500,49.16999816894531,49.18000030517578,49.119998931884766,49.150001525878906,190828
1605292800,49.13999938964844,49.15999984741211,49.11000061035156,49.13999938964844,107500
1605293100,49.1349983215332,49.209999084472656,49.1349983215332,49.20819854736328,174111
1605293400,49.209999084472656,49.22999954223633,49.15999984741211,49.15999984741211,77141
1605293700,49.16999816894531,49.20000076293945,49.10499954223633,49.119998931884766,179758
1605294000,49.1150016784668,49.16999816894531,49.06999969482422,49.09000015258789,148708
1605294300,49.09000015258789,49.119998931884766,49.06999969482422,49.099998474121094,469241
1605294600,49.099998474121094,49.11000061035156,49.03499984741211,49.04999923706055,102935
1605294900,49.040000915527344,49.04999923706055,48.9900016784668,49.02000045776367,149289
1605295200,49.02000045776367,49.154998779296875,49.0099983215332,49.08100128173828,154275
1605295500,49.084999084472656,49.130001068115234,49.05500030517578,49.130001068115234,81385
1605295800,49.125,49.13999938964844,49.06999969482422,49.07500076293945,99840
1605296100,49.08000183105469,49.099998474121094,49.04999923706055,49.08420181274414,115248
1605296400,49.088199615478516,49.09000015258789,49.029998779296875,49.029998779296875,108300
1605296700,49.040000915527344,49.060001373291016,49,49.04999923706055,130872
1605297000,49.04999923706055,49.08000183105469,49.0099983215332,49.08000183105469,109877
1605297300,49.07500076293945,49.16999816894531,49.060001373291016,49.150001525878906,133419
1605297600,49.150001525878906,49.16999816894531,49.095001220703125,49.1078987121582,144682
1605297900,49.11000061035156,49.1349983215332,49.07500076293945,49.10179901123047,118375
1605298200,49.11000061035156,49.130001068115234,49.08000183105469,49.099998474121094,124177
1605298500,49.099998474121094,49.130001068115234,49.06999969482422,49.125,107049
1605298800,49.130001068115234,49.13999938964844,49.11009979248047,49.125,106142
1605299100,49.125,49.13999938964844,49.06999969482422,49.099998474121094,206600
1605299400,49.10499954223633,49.189998626708984,49.084999084472656,49.16999816894531,289225
1605299700,49.16999816894531,49.22999954223633,49.15999984741211,49.220001220703125,232039
1605300000,49.220001220703125,49.244998931884766,49.16999816894531,49.18000030517578,306688
1605300300,49.17499923706055,49.209999084472656,49.1150016784668,49.1150016784668,344096
1605300600,49.119998931884766,49.18000030517578,48.97999954223633,48.97999954223633,718281
1605300900,48.98500061035156,49.06999969482422,48.97999954223633,49,900367
1605301200,49,49,49,49,2231624
1605302100,49,49,49,49,0
1605302400,49,49,48.975,48.975,0
1605302700,49,49,49,49,0
1605303300,48.9951,48.9951,48.9951,48.9951,0
1605303600,49,49,49,49,0
1605304200,48.98,49,48.98,49,0
1605304500,48.56,48.56,48.56,48.56,0
1605304800,49,49,48.99,48.99,0
1605305100,49,49,49,49,0
1605305400,49.08,49.08,49.08,49.08,0
1605307500,49,49,49,49,0
1605307800,49.05,49.05,49.05,49.05,0
1605309300,49.05,49.05,49.05,49.05,0
1605312900,48.9,48.9,48.9,48.9,0
