Date,Open,High,Low,Close,Volume
1605258900,140,141,140,140,0
1605259200,140,140,140,140,0
1605259500,140,140,140,140,0
1605259800,140,140,140,140,0
1605260100,140,140.1,140,140.1,0
1605260400,140,140,140,140,0
1605261000,140.4,140.4,140.4,140.4,0
1605261600,140.8,140.8,140.8,140.8,0
1605261900,140.7,140.7,140.7,140.7,0
1605262200,141,141,140.9,140.9,0
1605262500,141,141,141,141,0
1605262800,141,141,141,141,0
1605265500,141.5,141.5,141.49,141.5,0
1605265800,141.5,141.5,141.5,141.5,0
1605267000,141.2,141.5,141.03,141.5,0
1605267300,141.53,141.54,141.4,141.4,0
1605267600,141.5,141.5,141.5,141.5,0
1605268800,141.05,141.4,141.05,141.4,0
1605269100,141.4,141.4,141.4,141.4,0
1605269400,141.39,142.18,141.39,142.18,0
1605269700,141.33,141.75,141.15,141.71,0
1605270000,141.5,141.5,140.88,140.88,0
1605270300,140.75,140.75,140.1,140.1,0
1605270600,140.3,140.5,140.3,140.5,0
1605270900,140.75,140.75,140.7,140.7,0
1605271200,140.84,141.04,140.7,140.7,0
1605271500,140.5,140.62,140.5,140.62,0
1605271800,140.73,140.8,140.73,140.75,0
1605272100,140.63,140.75,140.63,140.75,0
1605272400,140.86,140.89,140.86,140.89,0
1605272700,140.89,140.92,140.89,140.9,0
1605273000,140.93,140.93,140.93,140.93,0
1605273300,141.21,142.01,140.0792,140.4,0
1605273600,140.412,140.5,140.41,140.41,0
1605273900,140.41,140.5,140,140,0
1605274200,140.2,140.2,139.53,139.87,0
1605274500,139.71,140,139.52,139.65,0
1605274800,139.86,140.25,139.86,140.0015,0
1605275100,140.19,140.19,140.01,140.1599,0
1605275400,140.16,140.2501,140.16,140.2501,0
1605275700,140.3499,140.35,139.86,140,0
1605276000,139.86,140.2,139.86,140.06,0
1605276300,140.06,140.15,139.9601,140.06,0
1605276600,140.19,140.5,140.09,140.1,0
1605276900,140.14,140.43,140.14,140.43,0
1605277200,140.38,141.04,140.3,140.798,0
1605277500,140.8853,141.53,140.86,141.1,0
1605277800,140.89999389648438,141.19000244140625,139.2899932861328,139.9324951171875,2094529
1605278100,139.93499755859375,140,138.05999755859375,138.05999755859375,1178455
1605278400,138.0500030517578,139.19000244140625,138.02000427246094,138.6300048828125,774236
1605278700,138.5800018310547,138.6300048828125,137.57000732421875,138.08999633789062,769731
1605279000,138.0800018310547,138.24000549316406,137.41000366210938,138.0050048828125,448702
1605279300,138.02999877929688,138.8300018310547,137.97000122070312,138.3800048828125,468505
1605279600,138.36000061035156,138.49000549316406,137.77000427246094,138.14999389648438,270398
1605279900,138.14999389648438,138.19000244140625,137.5800018310547,137.82000732421875,240051
1605280200,137.80999755859375,138.1999969482422,137.67999267578125,138.02000427246094,252517
1605280500,138.07000732421875,138.1999969482422,137.77000427246094,137.7899932861328,280460
1605280800,137.80999755859375,137.80999755859375,136.91000366210938,137.0449981689453,427491
1605281100,137.05999755859375,137.5886993408203,137.0200958251953,137.45689392089844,229018
1605281400,137.5,137.74000549316406,136.91549682617188,137.2100067138672,246947
1605281700,137.22999572753906,137.24429321289062,136.8800048828125,136.9949951171875,230109
1605282000,137.00999450683594,137.29969787597656,136.91000366210938,137.0500030517578,249238
1605282300,137.0222930908203,137.07000732421875,136.77000427246094,136.89500427246094,248924
1605282600,136.8800048828125,137.47000122070312,136.5500030517578,137.3800048828125,371338
1605282900,137.4199981689453,137.4199981689453,136.8699951171875,137.4199981689453,216768
1605283200,137.4199981689453,137.63999938964844,137.25,137.5500030517578,259828
1605283500,137.52999877929688,137.5500030517578,137.02999877929688,137.08999633789062,147704
1605283800,137.0749969482422,137.1199951171875,136.52000427246094,136.70989990234375,223084
1605284100,136.69500732421875,137.39999389648438,136.6750030517578,137.3000030517578,185361
1605284400,137.31500244140625,138.16000366210938,137.3101043701172,138.16000366210938,371723
1605284700,138.15769958496094,138.15769958496094,137.66000366210938,137.80999755859375,361911
1605285000,137.80999755859375,138.13999938964844,137.8000030517578,138.02999877929688,212710
1605285300,138.02999877929688,138.17999267578125,137.80499267578125,138.17999267578125,172360
1605285600,138.16000366210938,138.66000366210938,138.09429931640625,138.63999938964844,258175
1605285900,138.67999267578125,138.75999450683594,138.00999450683594,138.0500030517578,230396
1605286200,138.0500030517578,138.1699981689453,137.8050994873047,137.9499969482422,157460
1605286500,137.94000244140625,138.10000610351562,137.77999877929688,137.96009826660156,144870
1605286800,138.02499389648438,138.13999938964844,137.88009643554688,137.9949951171875,132815
1605287100,138.00779724121094,138.49000549316406,137.97000122070312,138.41000366210938,158974
1605287400,138.42999267578125,138.4329071044922,138.14999389648438,138.27000427246094,179401
1605287700,138.27999877929688,138.3509979248047,138.16000366210938,138.25,137783
1605288000,138.25,138.27000427246094,138,138.081298828125,112695
1605288300,138.0850067138672,138.5299072265625,138.0800018310547,138.44000244140625,128236
1605288600,138.44500732421875,138.75,138.25,138.67999267578125,204512
1605288900,138.67999267578125,138.89999389648438,138.57000732421875,138.66189575195312,199350
1605289200,138.66000366210938,138.7899932861328,138.41250610351562,138.44500732421875,172851
1605289500,138.44419860839844,138.52999877929688,138.1199951171875,138.27000427246094,127781
1605289800,138.27999877929688,138.42999267578125,138.0500030517578,138.2050018310547,111618
1605290100,138.1999969482422,138.2957000732422,137.92669677734375,137.97000122070312,92395
1605290400,137.97000122070312,138.14999389648438,137.94000244140625,138.02999877929688,88594
1605290700,138.0399932861328,138.1699981689453,137.52999877929688,137.68499755859375,160148
1605291000,137.67999267578125,137.7449951171875,137.52000427246094,137.6999969482422,100984
1605291300,137.69000244140625,137.75,137.38999938964844,137.72000122070312,117716
1605291600,137.6999969482422,137.71560668945312,137.51499938964844,137.52999877929688,97731
1605291900,137.5399932861328,137.9600067138672,137.44000244140625,137.94700622558594,118530
1605292200,137.9499969482422,137.9600067138672,137.52999877929688,137.57400512695312,82008
1605292500,137.55499267578125,137.7100067138672,137.52679443359375,137.68499755859375,101320
1605292800,137.68499755859375,137.86000061035156,137.6300048828125,137.77000427246094,89466
1605293100,137.76499938964844,138.10049438476562,137.7209930419922,138.06500244140625,82583
1605293400,138.07989501953125,138.25,138.06500244140625,138.11000061035156,73499
1605293700,138.09010314941406,138.4600067138672,138.08529663085938,138.3300018310547,91506
1605294000,138.3300018310547,138.36990356445312,138.07000732421875,138.15989685058594,116773
1605294300,138.15499877929688,138.30999755859375,138.08999633789062,138.30999755859375,95758
1605294600,138.2949981689453,138.3000030517578,137.97999572753906,138.01499938964844,100043
1605294900,138.02000427246094,138.3000030517578,137.88999938964844,138.2899932861328,84964
1605295200,138.27999877929688,138.67999267578125,138.26499938964844,138.52999877929688,171323
1605295500,138.53500366210938,138.5500030517578,138.38409423828125,138.4600067138672,85399
1605295800,138.47000122070312,138.60989379882812,138.4600067138672,138.49000549316406,82345
1605296100,138.48849487304688,138.6199951171875,138.3300018310547,138.60000610351562,93269
1605296400,138.60499572753906,138.82000732421875,138.60000610351562,138.61500549316406,123408
1605296700,138.6199951171875,138.7100067138672,138.36700439453125,138.41000366210938,88509
1605297000,138.4199981689453,138.61000061035156,138.39500427246094,138.5800018310547,68341
1605297300,138.57000732421875,138.9600067138672,138.57000732421875,138.9149932861328,128741
1605297600,138.91000366210938,138.9199981689453,138.72999572753906,138.83999633789062,129029
1605297900,138.84500122070312,138.8800048828125,138.63009643554688,138.72000122070312,101453
1605298200,138.72000122070312,138.72999572753906,138.5,138.6699981689453,147697
1605298500,138.65069580078125,138.7100067138672,138.41000366210938,138.4949951171875,138878
1605298800,138.49119567871094,138.5050048828125,138.3300018310547,138.34579467773438,111140
1605299100,138.34500122070312,138.5800018310547,138.33009338378906,138.5500030517578,144525
1605299400,138.55999755859375,138.89999389648438,138.51499938964844,138.6699981689453,179982
1605299700,138.67999267578125,138.6999969482422,138.52999877929688,138.5800018310547,1759242
1605300000,138.5800018310547,138.64999389648438,138.50999450683594,138.55999755859375,135861
1605300300,138.5449981689453,138.6300048828125,138.2899932861328,138.2899932861328,189824
1605300600,138.2899932861328,138.36000061035156,138.17999267578125,138.23500061035156,250941
1605300900,138.24000549316406,138.67999267578125,138.19000244140625,138.38999938964844,610389
1605301200,138.36,138.36,138.36,138.36,798033
1605302100,138.38,138.54,138.34,138.34,0
1605302400,138.45,138.5,138.45,138.5,0
1605302700,138.5,138.5,138.36,138.45,0
1605303000,138.45,138.45,138.45,138.45,0
1605303300,138.44,138.44,138.3,138.3,0
1605303600,138.25,138.36,138.25,138.36,0
1605303900,138.36,138.43,138.36,138.43,0
1605304200,138.36,138.45,138.36,138.45,0
1605304500,138.5,138.5,138.35,138.35,0
1605304800,138.36,138.5,138.36,138.5,0
1605305100,138.54,138.62,138.54,138.62,0
1605305400,138.5,138.5,138.5,138.5,0
1605305700,138.62,138.62,138.62,138.62,0
1605306300,138.52,138.5798,138.36,138.5798,0
1605306600,138.53,138.65,138.53,138.65,0
1605306900,138.65,138.65,138.65,138.65,0
1605307200,138.6,138.6,138.6,138.6,0
1605307500,138.6,138.66,138.6,138.66,0
1605307800,138.52,138.52,138.52,138.52,0
1605308400,138.55,138.55,138.55,138.55,0
1605308700,138.7,138.7,138.7,138.7,0
1605309000,138.7,138.7,138.7,138.7,0
1605309600,138.7,138.7,138.7,138.7,0
1605310500,138.55,138.55,138.55,138.55,0
1605311400,138.7,138.7,138.52,138.52,0
1605312600,138.47,138.47,138.47,138.47,0
1605312900,138.5,138.5,138.45,138.45,0
1605314700,138.36,138.38,138.36,138.38,0
1605315000,138.38,138.39,138.38,138.39,0
1605315300,138.44,138.49,138.38,138.38,0
