Date,Open,High,Low,Close,Volume
1605274800,68.84,68.84,68.84,68.84,0
1605275100,68.87,68.87,68.87,68.87,0
1605277800,68.75,68.80000305175781,68.72000122070312,68.79499816894531,404198
1605278100,68.79000091552734,68.86000061035156,68.73999786376953,68.84500122070312,231229
1605278400,68.83999633789062,68.875,68.83999633789062,68.86000061035156,219279
1605278700,68.86000061035156,68.93000030517578,68.86000061035156,68.91790008544922,299787
1605279000,68.91999816894531,68.93000030517578,68.87000274658203,68.91500091552734,144773
1605279300,68.91999816894531,68.9573974609375,68.91999816894531,68.93000030517578,351145
1605279600,68.93000030517578,68.94000244140625,68.88999938964844,68.91000366210938,508608
1605279900,68.8949966430664,68.98999786376953,68.88999938964844,68.9800033569336,201278
1605280200,68.9833984375,68.9833984375,68.91500091552734,68.94499969482422,238170
1605280500,68.94499969482422,68.94499969482422,68.87999725341797,68.8949966430664,284983
1605280800,68.9000015258789,68.91000366210938,68.87000274658203,68.8949966430664,194179
1605281100,68.9000015258789,68.95999908447266,68.87999725341797,68.95999908447266,261854
1605281400,68.95999908447266,68.9800033569336,68.92500305175781,68.96499633789062,174729
1605281700,68.96499633789062,68.9800033569336,68.9000015258789,68.9000015258789,223354
1605282000,68.9000015258789,69,68.9000015258789,68.98500061035156,263060
1605282300,68.96499633789062,69.00499725341797,68.94999694824219,69,168116
1605282600,69,69,68.93000030517578,68.94000244140625,154644
1605282900,68.94000244140625,68.94999694824219,68.8499984741211,68.91000366210938,362907
1605283200,68.91500091552734,68.99500274658203,68.91500091552734,68.98500061035156,107522
1605283500,68.98500061035156,69.05999755859375,68.98500061035156,69.04499816894531,108769
1605283800,69.05000305175781,69.06999969482422,69.02300262451172,69.04000091552734,247744
1605284100,69.05000305175781,69.08999633789062,69.02999877929688,69.06500244140625,148361
1605284400,69.06999969482422,69.08499908447266,69.02999877929688,69.02999877929688,84880
1605284700,69.02999877929688,69.05000305175781,68.97000122070312,68.98999786376953,658676
1605285000,68.98999786376953,68.99500274658203,68.87999725341797,68.87999725341797,426072
1605285300,68.88500213623047,68.91000366210938,68.86000061035156,68.86000061035156,354058
1605285600,68.86009979248047,68.97000122070312,68.86009979248047,68.94000244140625,237238
1605285900,68.93000030517578,68.98500061035156,68.91999816894531,68.98500061035156,109661
1605286200,68.98999786376953,68.98999786376953,68.95999908447266,68.97000122070312,98770
1605286500,68.97000122070312,69.01499938964844,68.97000122070312,69,155795
1605286800,69.01000213623047,69.0199966430664,68.9800033569336,68.98500061035156,93565
1605287100,68.98999786376953,69.01000213623047,68.98999786376953,69.01000213623047,106235
1605287400,69.01499938964844,69.04000091552734,69.01000213623047,69.0250015258789,149513
1605287700,69.02999877929688,69.04000091552734,68.99500274658203,69.02010345458984,245718
1605288000,69.02999877929688,69.04000091552734,69.01000213623047,69.0199966430664,75980
1605288300,69.0250015258789,69.05999755859375,69.0199966430664,69.02999877929688,171323
1605288600,69.03500366210938,69.05000305175781,69.02149963378906,69.04000091552734,141638
1605288900,69.04499816894531,69.08000183105469,69.04499816894531,69.06999969482422,256967
1605289200,69.072998046875,69.08999633789062,69.06999969482422,69.07499694824219,114120
1605289500,69.07499694824219,69.08000183105469,69.0199966430664,69.02999877929688,226317
1605289800,69.02999877929688,69.08000183105469,69.02999877929688,69.06500244140625,88188
1605290100,69.06999969482422,69.08499908447266,69.06500244140625,69.08000183105469,275530
1605290400,69.08000183105469,69.09500122070312,69.02999877929688,69.07499694824219,783617
1605290700,69.08000183105469,69.13999938964844,69.07499694824219,69.125,485341
1605291000,69.12999725341797,69.1500015258789,69.0999984741211,69.11000061035156,586710
1605291300,69.11000061035156,69.1500015258789,69.11000061035156,69.1500015258789,152584
1605291600,69.1500015258789,69.1500015258789,69.0999984741211,69.13999938964844,318413
1605291900,69.13999938964844,69.16999816894531,69.1050033569336,69.12000274658203,130681
1605292200,69.12000274658203,69.12000274658203,69.05999755859375,69.08000183105469,264065
1605292500,69.08000183105469,69.12000274658203,69.07499694824219,69.12000274658203,109505
1605292800,69.12000274658203,69.13500213623047,69.0999984741211,69.12000274658203,68171
1605293100,69.12000274658203,69.1500015258789,69.0999984741211,69.11380004882812,210270
1605293400,69.12000274658203,69.12999725341797,69.11499786376953,69.11699676513672,71654
1605293700,69.12000274658203,69.13999938964844,69.11000061035156,69.12999725341797,151426
1605294000,69.12999725341797,69.16000366210938,69.12999725341797,69.14009857177734,94408
1605294300,69.15499877929688,69.19999694824219,69.15499877929688,69.19000244140625,152261
1605294600,69.19000244140625,69.20500183105469,69.1449966430664,69.16999816894531,234954
1605294900,69.16000366210938,69.19999694824219,69.13999938964844,69.19999694824219,95607
1605295200,69.21499633789062,69.25,69.20999908447266,69.22000122070312,361672
1605295500,69.22000122070312,69.22000122070312,69.19000244140625,69.19999694824219,123812
1605295800,69.20429992675781,69.23999786376953,69.19010162353516,69.19499969482422,66303
1605296100,69.19999694824219,69.23500061035156,69.19000244140625,69.2249984741211,86112
1605296400,69.22000122070312,69.23989868164062,69.22000122070312,69.22000122070312,61300
1605296700,69.2249984741211,69.2300033569336,69.18000030517578,69.18000030517578,200416
1605297000,69.19000244140625,69.23500061035156,69.18000030517578,69.22899627685547,182388
1605297300,69.26000213623047,69.30999755859375,69.2300033569336,69.27999877929688,565383
1605297600,69.2699966430664,69.28500366210938,69.23999786376953,69.25,137878
1605297900,69.25,69.2750015258789,69.23500061035156,69.24500274658203,154598
1605298200,69.25,69.28500366210938,69.2249984741211,69.27999877929688,132717
1605298500,69.29000091552734,69.30000305175781,69.19000244140625,69.22000122070312,321460
1605298800,69.22000122070312,69.25,69.20999908447266,69.24500274658203,547931
1605299100,69.23999786376953,69.29000091552734,69.23999786376953,69.27999877929688,330079
1605299400,69.27999877929688,69.33999633789062,69.2699966430664,69.33000183105469,273648
1605299700,69.31999969482422,69.3550033569336,69.31999969482422,69.3550033569336,87819
1605300000,69.3499984741211,69.41000366210938,69.3499984741211,69.38500213623047,269176
1605300300,69.38999938964844,69.4000015258789,69.33000183105469,69.37000274658203,537936
1605300600,69.37000274658203,69.37999725341797,69.2750015258789,69.2750015258789,510934
1605300900,69.27999877929688,69.37000274658203,69.2300033569336,69.37000274658203,2500730
1605301200,69.37,69.37,69.37,69.37,345578
1605302100,69.36,69.39,69.34,69.37,0
1605303900,69.37,69.37,69.37,69.37,0
1605306600,69.33,69.33,69.33,69.33,0
1605309600,69.37,69.37,69.37,69.37,0
1605312900,69.4,69.4,69.4,69.4,0
