Date,Open,High,Low,Close,Volume
1605273300,30.91,30.91,30.74,30.74,0
1605273900,30.98,30.99,30.98,30.99,0
1605274500,30.93,30.93,30.88,30.88,0
1605274800,30.94,30.94,30.94,30.94,0
1605275400,30.92,31.01,30.92,31.01,0
1605276000,30.95,31.02,30.95,31.02,0
1605276900,30.99,30.99,30.99,30.99,0
1605277800,30.75,30.889999389648438,30.75,30.8700008392334,513394
1605278100,30.8700008392334,31.039899826049805,30.854999542236328,30.969999313354492,359705
1605278400,30.960500717163086,30.969999313354492,30.90999984741211,30.93000030517578,267671
1605278700,30.934999465942383,30.96500015258789,30.90999984741211,30.959999084472656,133791
1605279000,30.969999313354492,30.979999542236328,30.885000228881836,30.889999389648438,192432
1605279300,30.885000228881836,30.920000076293945,30.81999969482422,30.899999618530273,261627
1605279600,30.899999618530273,30.96500015258789,30.864999771118164,30.920000076293945,331162
1605279900,30.920000076293945,30.920000076293945,30.829999923706055,30.8799991607666,160927
1605280200,30.8700008392334,30.93000030517578,30.850000381469727,30.8700008392334,95936
1605280500,30.8700008392334,30.8700008392334,30.795000076293945,30.799999237060547,118676
1605280800,30.799999237060547,30.809999465942383,30.735000610351562,30.760000228881836,160098
1605281100,30.770000457763672,30.809999465942383,30.764999389648438,30.809999465942383,146163
1605281400,30.809999465942383,30.81999969482422,30.729999542236328,30.735000610351562,137165
1605281700,30.735000610351562,30.770000457763672,30.719999313354492,30.75,187936
1605282000,30.739999771118164,30.770000457763672,30.709999084472656,30.760000228881836,135039
1605282300,30.760000228881836,30.790000915527344,30.739999771118164,30.790000915527344,272460
1605282600,30.780000686645508,30.790000915527344,30.690000534057617,30.719999313354492,263270
1605282900,30.719999313354492,30.729999542236328,30.649999618530273,30.65999984741211,963008
1605283200,30.65999984741211,30.719999313354492,30.65999984741211,30.700000762939453,154547
1605283500,30.709999084472656,30.719999313354492,30.65999984741211,30.71500015258789,75992
1605283800,30.709999084472656,30.790000915527344,30.700000762939453,30.774999618530273,74282
1605284100,30.780000686645508,30.850000381469727,30.7549991607666,30.827899932861328,468367
1605284400,30.829999923706055,30.860000610351562,30.80500030517578,30.844999313354492,101957
1605284700,30.844999313354492,30.920000076293945,30.81999969482422,30.90999984741211,207104
1605285000,30.920000076293945,30.920000076293945,30.860000610351562,30.885000228881836,107187
1605285300,30.8799991607666,30.885000228881836,30.829999923706055,30.854999542236328,163151
1605285600,30.860000610351562,30.885000228881836,30.829999923706055,30.829999923706055,72925
1605285900,30.829999923706055,30.860000610351562,30.809999465942383,30.850000381469727,41893
1605286200,30.850000381469727,30.93000030517578,30.829999923706055,30.889999389648438,1159381
1605286500,30.889999389648438,31.014999389648438,30.875,31.014999389648438,110282
1605286800,31.020000457763672,31.06529998779297,30.959999084472656,30.959999084472656,223789
1605287100,30.959999084472656,31.030000686645508,30.959999084472656,31.020000457763672,78809
1605287400,31.020000457763672,31.030000686645508,30.985000610351562,31,178212
1605287700,31.010000228881836,31.010000228881836,30.979999542236328,30.985000610351562,132107
1605288000,30.989999771118164,31.010000228881836,30.96500015258789,30.979999542236328,108410
1605288300,30.979999542236328,31.010000228881836,30.979999542236328,31.0049991607666,145333
1605288600,31.0049991607666,31.059999465942383,31,31.045000076293945,139681
1605288900,31.049999237060547,31.059999465942383,31.010000228881836,31.020000457763672,45764
1605289200,31.014999389648438,31.075000762939453,31,31.059999465942383,80001
1605289500,31.06999969482422,31.114999771118164,31.030000686645508,31.059999465942383,119018
1605289800,31.05500030517578,31.100000381469727,31.05500030517578,31.084999084472656,129473
1605290100,31.09000015258789,31.125,31.079999923706055,31.1200008392334,130578
1605290400,31.1200008392334,31.239999771118164,31.1200008392334,31.200000762939453,3169145
1605290700,31.204999923706055,31.290000915527344,31.200000762939453,31.290000915527344,262038
1605291000,31.290000915527344,31.31999969482422,31.239999771118164,31.25,436514
1605291300,31.25,31.299999237060547,31.219999313354492,31.299999237060547,232993
1605291600,31.299999237060547,31.347700119018555,31.290000915527344,31.34000015258789,189166
1605291900,31.334999084472656,31.385000228881836,31.325000762939453,31.34000015258789,362897
1605292200,31.30500030517578,31.34000015258789,31.264999389648438,31.290000915527344,946003
1605292500,31.290000915527344,31.334999084472656,31.274999618530273,31.329999923706055,213156
1605292800,31.325000762939453,31.364999771118164,31.315000534057617,31.350000381469727,170158
1605293100,31.354999542236328,31.360000610351562,31.264999389648438,31.270000457763672,150751
1605293400,31.274999618530273,31.28499984741211,31.239999771118164,31.2549991607666,131172
1605293700,31.25,31.264999389648438,31.239999771118164,31.239999771118164,274418
1605294000,31.239999771118164,31.30500030517578,31.239999771118164,31.25,191210
1605294300,31.25,31.270000457763672,31.239999771118164,31.270000457763672,182491
1605294600,31.264999389648438,31.28499984741211,31.209999084472656,31.229999542236328,76335
1605294900,31.235000610351562,31.239999771118164,31.183799743652344,31.19499969482422,251382
1605295200,31.200000762939453,31.239999771118164,31.200000762939453,31.229999542236328,157594
1605295500,31.229999542236328,31.229999542236328,31.190000534057617,31.19499969482422,101447
1605295800,31.200000762939453,31.25,31.19499969482422,31.25,255749
1605296100,31.2450008392334,31.2549991607666,31.235000610351562,31.2450008392334,49015
1605296400,31.2450008392334,31.280000686645508,31.229999542236328,31.2549991607666,100905
1605296700,31.260000228881836,31.270000457763672,31.209999084472656,31.209999084472656,97694
1605297000,31.209999084472656,31.21500015258789,31.155000686645508,31.165000915527344,116183
1605297300,31.170000076293945,31.209999084472656,31.165000915527344,31.200000762939453,301982
1605297600,31.19499969482422,31.264999389648438,31.18000030517578,31.219999313354492,116329
1605297900,31.219999313354492,31.264999389648438,31.204999923706055,31.25,72650
1605298200,31.260000228881836,31.274999618530273,31.229999542236328,31.239999771118164,87066
1605298500,31.239999771118164,31.264999389648438,31.209999084472656,31.239999771118164,172545
1605298800,31.229999542236328,31.270000457763672,31.219999313354492,31.264999389648438,144712
1605299100,31.264999389648438,31.334999084472656,31.260000228881836,31.315000534057617,436164
1605299400,31.309999465942383,31.360000610351562,31.309999465942383,31.344999313354492,147817
1605299700,31.34000015258789,31.3700008392334,31.329999923706055,31.344999313354492,160738
1605300000,31.34000015258789,31.375,31.329999923706055,31.360000610351562,407016
1605300300,31.360000610351562,31.3700008392334,31.33009910583496,31.34000015258789,371066
1605300600,31.34000015258789,31.360000610351562,31.329999923706055,31.350000381469727,351580
1605300900,31.34000015258789,31.344999313354492,31.299999237060547,31.31999969482422,798269
1605301200,31.32,31.32,31.32,31.32,428656
1605302100,31.33,31.36,31.31,31.35,0
1605302400,31.37,31.37,31.33,31.36,0
1605302700,31.39,31.3902,31.39,31.3902,0
1605303000,31.4,31.4,31.34,31.34,0
1605303300,31.34,31.34,31.33,31.33,0
1605304500,31.37,31.37,31.37,31.37,0
1605306300,31.33,31.33,31.33,31.33,0
1605307800,31.48,31.48,31.48,31.48,0
