Date,Open,High,Low,Close,Volume
1605259500,15.4,15.45,15.4,15.45,0
1605260100,15.45,15.6,15.45,15.6,0
1605260400,15.6,15.67,15.6,15.6,0
1605260700,15.7,15.7,15.45,15.45,0
1605261000,15.5,15.5,15.5,15.5,0
1605261300,15.5,15.6,15.5,15.6,0
1605261600,15.52,15.6,15.51,15.6,0
1605261900,15.73,15.8,15.73,15.73,0
1605262200,15.79,15.81,15.74,15.74,0
1605262800,15.81,15.82,15.81,15.82,0
1605263400,15.85,15.85,15.84,15.85,0
1605263700,15.85,15.85,15.82,15.82,0
1605264000,15.85,15.87,15.85,15.87,0
1605264300,15.87,15.87,15.87,15.87,0
1605264600,15.95,15.95,15.95,15.95,0
1605264900,15.97,16.15,15.97,16.15,0
1605265200,16.2,16.22,16.01,16.01,0
1605265500,15.98,15.98,15.98,15.98,0
1605265800,15.95,15.95,15.95,15.95,0
1605266100,15.95,16,15.95,15.95,0
1605266400,15.89,16,15.88,16,0
1605266700,16,16,15.98,15.98,0
1605267000,15.98,16.35,15.98,16.35,0
1605267300,16.33,17.4,16.32,17.08,0
1605267600,17.08,17.08,16.82,16.98,0
1605267900,16.95,16.99,16.8,16.8,0
1605268200,16.78,16.78,16.5,16.5,0
1605268500,16.55,16.91,16.55,16.91,0
1605268800,16.88,16.99,16.78,16.83,0
1605269100,16.79,17,16.7,16.71,0
1605269400,16.75,16.88,16.75,16.88,0
1605269700,16.91,16.91,16.06,16.3,0
1605270000,16.25,16.55,16.21,16.49,0
1605270300,16.47,16.5,16.44,16.44,0
1605270600,16.44,16.79,16.44,16.77,0
1605270900,16.72,16.8,16.53,16.63,0
1605271200,16.64,16.65,16.48,16.57,0
1605271500,16.59,16.7,16.56,16.7,0
1605271800,16.7,17.1,16.7,17.1,0
1605272100,17.09,17.24,16.9,16.9,0
1605272400,16.87,17.15,16.87,17.15,0
1605272700,17.15,17.25,17.11,17.23,0
1605273000,17.23,17.24,17,17,0
1605273300,16.99,17.25,16.07,16.92,0
1605273600,16.9,17.08,16.9,16.9,0
1605273900,16.9,17,16.9,17,0
1605274200,16.98,17,16.85,16.85,0
1605274500,16.86,16.86,16.6,16.61,0
1605274800,16.6,16.79,16.6,16.7698,0
1605275100,16.77,16.79,16.5,16.52,0
1605275400,16.52,16.68,16.48,16.56,0
1605275700,16.6,16.64,16.43,16.43,0
1605276000,16.43,16.5,16,16.27,0
1605276300,16.3,16.5,16.28,16.5,0
1605276600,16.5,16.7,16.5,16.65,0
1605276900,16.63,16.75,16.31,16.4,0
1605277200,16.4,16.45,16.3,16.35,0
1605277500,16.34,16.7,16.34,16.69,0
1605277800,16.90999984741211,17.459999084472656,16.420000076293945,17.399999618530273,3880095
1605278100,17.420000076293945,17.639999389648438,17,17.510000228881836,2066019
1605278400,17.540000915527344,17.56999969482422,16.899999618530273,17.329999923706055,1402556
1605278700,17.34000015258789,17.3700008392334,16.899999618530273,17.024999618530273,875822
1605279000,17.049999237060547,17.440000534057617,16.959999084472656,17.366300582885742,744512
1605279300,17.360000610351562,17.5,17.329999923706055,17.469999313354492,653450
1605279600,17.469999313354492,18.149999618530273,17.450000762939453,17.774999618530273,1966620
1605279900,17.777700424194336,17.809999465942383,17.190000534057617,17.6200008392334,951901
1605280200,17.6299991607666,17.689899444580078,17.25,17.44499969482422,544632
1605280500,17.450000762939453,17.739999771118164,17.43000030517578,17.668100357055664,509765
1605280800,17.65999984741211,18.030000686645508,17.642499923706055,17.920000076293945,962918
1605281100,17.920000076293945,17.950000762939453,17.389999389648438,17.440000534057617,687139
1605281400,17.440000534057617,17.6200008392334,17.31999969482422,17.591999053955078,454067
1605281700,17.604999542236328,17.6299991607666,16.780000686645508,16.795000076293945,969077
1605282000,16.799999237060547,17.399999618530273,16.709999084472656,17.338300704956055,717157
1605282300,17.344499588012695,17.349899291992188,17,17,375462
1605282600,17.000200271606445,17.09980010986328,16.549999237060547,16.860000610351562,880842
1605282900,16.86840057373047,16.969999313354492,16,16.190000534057617,1098587
1605283200,16.256000518798828,16.489900588989258,15.869999885559082,16.450000762939453,846143
1605283500,16.469999313354492,16.8799991607666,16.459999084472656,16.879899978637695,535044
1605283800,16.87980079650879,17,16.709999084472656,16.989999771118164,471599
1605284100,16.989999771118164,17.149999618530273,16.5,16.510000228881836,555650
1605284400,16.508899688720703,17.059999465942383,16.459999084472656,16.940000534057617,367354
1605284700,16.920000076293945,16.969999313354492,16.600000381469727,16.729999542236328,220963
1605285000,16.729999542236328,16.81999969482422,16.649999618530273,16.770999908447266,156607
1605285300,16.760000228881836,16.959999084472656,16.75,16.920000076293945,220527
1605285600,16.899999618530273,17.18000030517578,16.8700008392334,16.975000381469727,351039
1605285900,16.959999084472656,17.450000762939453,16.950000762939453,17.310199737548828,530568
1605286200,17.315099716186523,17.399999618530273,17.010000228881836,17.115999221801758,325126
1605286500,17.110000610351562,17.229999542236328,17,17.1200008392334,288629
1605286800,17.1200008392334,17.270000457763672,16.920000076293945,17.239900588989258,222349
1605287100,17.194599151611328,17.25,16.90999984741211,17.239900588989258,423855
1605287400,17.209999084472656,17.600000381469727,17.18000030517578,17.524999618530273,730504
1605287700,17.527099609375,17.56999969482422,17.34000015258789,17.415800094604492,280755
1605288000,17.429899215698242,17.429899215698242,17.18000030517578,17.368000030517578,207064
1605288300,17.3700008392334,17.57990074157715,17.360000610351562,17.49970054626465,293102
1605288600,17.5,17.540000915527344,17.139999389648438,17.360000610351562,252032
1605288900,17.375,17.40999984741211,17.200000762939453,17.209999084472656,154192
1605289200,17.209999084472656,17.350000381469727,17.1200008392334,17.149999618530273,168097
1605289500,17.134000778198242,17.200000762939453,17.010000228881836,17.139999389648438,186850
1605289800,17.149999618530273,17.27989959716797,17.149999618530273,17.222299575805664,147415
1605290100,17.209999084472656,17.389999389648438,17.209999084472656,17.34000015258789,157707
1605290400,17.34000015258789,17.350000381469727,17.25,17.279499053955078,114289
1605290700,17.270000457763672,17.379899978637695,17.25,17.324600219726562,101825
1605291000,17.334999084472656,17.350000381469727,17.059999465942383,17.21500015258789,153006
1605291300,17.200000762939453,17.34000015258789,17.15999984741211,17.174999237060547,132119
1605291600,17.180700302124023,17.190200805664062,17.1200008392334,17.122299194335938,98563
1605291900,17.1299991607666,17.25,17.12019920349121,17.229999542236328,89708
1605292200,17.23200035095215,17.25,17.135000228881836,17.135000228881836,71754
1605292500,17.135000228881836,17.149999618530273,17.010000228881836,17.040000915527344,94348
1605292800,17.040000915527344,17.049999237060547,16.770000457763672,16.80500030517578,264407
1605293100,16.784000396728516,17,16.670000076293945,16.950000762939453,323347
1605293400,16.950000762939453,17,16.84000015258789,16.84000015258789,182989
1605293700,16.920000076293945,16.93000030517578,16.799999237060547,16.88010025024414,124868
1605294000,16.899999618530273,17,16.799999237060547,16.84000015258789,166151
1605294300,16.840900421142578,16.950000762939453,16.799999237060547,16.924999237060547,127464
1605294600,16.918500900268555,16.940000534057617,16.75,16.8799991607666,139121
1605294900,16.895000457763672,16.969999313354492,16.809999465942383,16.860000610351562,100163
1605295200,16.860000610351562,17.1299991607666,16.860000610351562,17.1200008392334,159356
1605295500,17.1200008392334,17.139999389648438,17,17.030399322509766,168358
1605295800,17.020000457763672,17.100000381469727,16.899999618530273,17.097000122070312,196160
1605296100,17.065000534057617,17.100000381469727,17.010000228881836,17.084999084472656,112036
1605296400,17.079999923706055,17.1200008392334,17,17.049999237060547,110932
1605296700,17.059999465942383,17.079999923706055,17.030000686645508,17.040000915527344,67231
1605297000,17.040000915527344,17.049999237060547,16.920000076293945,16.93000030517578,155658
1605297300,16.925399780273438,16.989999771118164,16.8799991607666,16.950000762939453,144514
1605297600,16.940000534057617,17.079999923706055,16.940000534057617,17.065000534057617,98901
1605297900,17.071500778198242,17.149999618530273,17,17.020299911499023,151457
1605298200,17.03499984741211,17.040000915527344,16.8799991607666,16.950000762939453,124538
1605298500,16.950000762939453,17.100000381469727,16.93000030517578,17.045000076293945,77407
1605298800,17.045000076293945,17.239999771118164,17.024999618530273,17.219999313354492,137362
1605299100,17.212200164794922,17.329999923706055,17.170000076293945,17.219999313354492,245776
1605299400,17.204999923706055,17.360000610351562,17.100000381469727,17.344999313354492,156130
1605299700,17.360000610351562,17.450000762939453,17.34000015258789,17.40999984741211,255186
1605300000,17.403600692749023,17.450000762939453,17.270000457763672,17.344999313354492,286226
1605300300,17.34000015258789,17.399999618530273,17.18000030517578,17.204999923706055,218522
1605300600,17.209999084472656,17.350000381469727,17.18000030517578,17.299999237060547,209863
1605300900,17.270000457763672,17.440000534057617,17.270000457763672,17.440000534057617,486717
1605301200,17.41,17.44,17.41,17.44,253308
1605302100,17.45,17.45,17.35,17.42,0
1605302400,17.44,17.5,17.44,17.45,0
1605302700,17.4602,17.56,17.4,17.55,0
1605303000,17.52,17.72,17.5,17.72,0
1605303300,17.7202,17.88,17.69,17.8,0
1605303600,17.8,17.8,17.6,17.7,0
1605303900,17.7,17.85,17.7,17.85,0
1605304200,17.86,17.88,17.78,17.83,0
1605304500,17.87,17.87,17.44,17.83,0
1605304800,17.8,17.8,17.71,17.7902,0
1605305100,17.8,17.89,17.8,17.8,0
1605305400,17.81,17.85,17.66,17.66,0
1605305700,17.8,17.81,17.66,17.81,0
1605306000,17.81,17.85,17.79,17.79,0
1605306300,17.79,17.79,17.7,17.7,0
1605306600,17.75,17.8,17.75,17.79,0
1605306900,17.79,17.8,17.7,17.75,0
1605307200,17.7,17.75,17.7,17.7,0
1605307500,17.7,17.7,17.3,17.43,0
1605307800,17.46,17.59,17.4,17.5,0
1605308100,17.49,17.59,17.44,17.45,0
1605308400,17.5,17.59,17.45,17.58,0
1605308700,17.5,17.59,17.45,17.45,0
1605309000,17.5,17.6899,17.5,17.6899,0
1605309300,17.5,17.6,17.5,17.52,0
1605309600,17.6,17.6,17.51,17.6,0
1605309900,17.6,17.62,17.59,17.62,0
1605310200,17.61,17.64,17.52,17.64,0
1605310500,17.52,17.64,17.52,17.61,0
1605310800,17.61,17.64,17.6,17.62,0
1605311100,17.62,17.64,17.5,17.5,0
1605311400,17.52,17.52,17.5,17.5,0
1605311700,17.5,17.5,17.5,17.5,0
1605312000,17.6,17.63,17.45,17.63,0
1605312300,17.6,17.63,17.6,17.63,0
1605312600,17.62,17.64,17.6,17.64,0
1605312900,17.69,17.74,17.69,17.74,0
1605313200,17.73,17.75,17.71,17.71,0
1605313500,17.71,17.75,17.6,17.65,0
1605313800,17.61,17.7,17.61,17.7,0
1605314100,17.61,17.61,17.6,17.61,0
1605314400,17.61,17.69,17.61,17.69,0
1605314700,17.64,17.68,17.6,17.65,0
1605315000,17.65,17.68,17.6,17.64,0
1605315300,17.64,17.64,17.48,17.48,0
