Date,Open,High,Low,Close,Volume
1605259800,47.29,47.34,47.29,47.34,0
1605260100,47.34,47.34,47.34,47.34,0
1605261600,47.35,47.35,47.35,47.35,0
1605262200,47.38,47.38,47.38,47.38,0
1605262500,47.36,47.36,47.36,47.36,0
1605269400,47.41,47.41,47.41,47.41,0
1605269700,47.34,47.46,47.34,47.46,0
1605270000,47.46,47.46,47.46,47.46,0
1605275100,47.36,47.36,47.36,47.36,0
1605276300,47.38,47.38,47.38,47.38,0
1605277800,47.369998931884766,47.52000045776367,47.369998931884766,47.43000030517578,626058
1605278100,47.43000030517578,47.4900016784668,47.400001525878906,47.47999954223633,488488
1605278400,47.47999954223633,47.5099983215332,47.470001220703125,47.47999954223633,439074
1605278700,47.4900016784668,47.564998626708984,47.4900016784668,47.540000915527344,201746
1605279000,47.54999923706055,47.55500030517578,47.47999954223633,47.494998931884766,277957
1605279300,47.494998931884766,47.529998779296875,47.47999954223633,47.494998931884766,59514
1605279600,47.4900016784668,47.494998931884766,47.40999984741211,47.439998626708984,169133
1605279900,47.435001373291016,47.439998626708984,47.400001525878906,47.43000030517578,72494
1605280200,47.42499923706055,47.42499923706055,47.36000061035156,47.369998931884766,62475
1605280500,47.380001068115234,47.380001068115234,47.29999923706055,47.310001373291016,64434
1605280800,47.31269836425781,47.33000183105469,47.279998779296875,47.30500030517578,180670
1605281100,47.29499816894531,47.31999969482422,47.27000045776367,47.310001373291016,101062
1605281400,47.310001373291016,47.33000183105469,47.2599983215332,47.29499816894531,321709
1605281700,47.290000915527344,47.290000915527344,47.22999954223633,47.23500061035156,60559
1605282000,47.23500061035156,47.29999923706055,47.220001220703125,47.290000915527344,74896
1605282300,47.29249954223633,47.310001373291016,47.279998779296875,47.290000915527344,107890
1605282600,47.310001373291016,47.310001373291016,47.23500061035156,47.25,53929
1605282900,47.25,47.25,47.16999816894531,47.209999084472656,110738
1605283200,47.209999084472656,47.255001068115234,47.20000076293945,47.2400016784668,92733
1605283500,47.25,47.29999923706055,47.2400016784668,47.290000915527344,55644
1605283800,47.28499984741211,47.290000915527344,47.2599983215332,47.279998779296875,43490
1605284100,47.279998779296875,47.33000183105469,47.279998779296875,47.30500030517578,91973
1605284400,47.30500030517578,47.34000015258789,47.29999923706055,47.334999084472656,83254
1605284700,47.33720016479492,47.34000015258789,47.27000045776367,47.275001525878906,86501
1605285000,47.275001525878906,47.275001525878906,47.220001220703125,47.25,123664
1605285300,47.244998931884766,47.275001525878906,47.2400016784668,47.2599983215332,54401
1605285600,47.2599983215332,47.29999923706055,47.255001068115234,47.279998779296875,80327
1605285900,47.279998779296875,47.290000915527344,47.27000045776367,47.279998779296875,33092
1605286200,47.290000915527344,47.310001373291016,47.279998779296875,47.279998779296875,79627
1605286500,47.279998779296875,47.33000183105469,47.279998779296875,47.314998626708984,177071
1605286800,47.31999969482422,47.33000183105469,47.290000915527344,47.29499816894531,68870
1605287100,47.29499816894531,47.29999923706055,47.2599983215332,47.279998779296875,62124
1605287400,47.279998779296875,47.310001373291016,47.27000045776367,47.27000045776367,51146
1605287700,47.27000045776367,47.290000915527344,47.25,47.28499984741211,58392
1605288000,47.279998779296875,47.29999923706055,47.279998779296875,47.290000915527344,50168
1605288300,47.29209899902344,47.32500076293945,47.290000915527344,47.30500030517578,154641
1605288600,47.29999923706055,47.310001373291016,47.279998779296875,47.279998779296875,19184
1605288900,47.290000915527344,47.314998626708984,47.290000915527344,47.30500030517578,8314
1605289200,47.310001373291016,47.34000015258789,47.29999923706055,47.314998626708984,25607
1605289500,47.31999969482422,47.33000183105469,47.310001373291016,47.33000183105469,46772
1605289800,47.32500076293945,47.345001220703125,47.32500076293945,47.34000015258789,37664
1605290100,47.345001220703125,47.369998931884766,47.34000015258789,47.3650016784668,45399
1605290400,47.369998931884766,47.380001068115234,47.36000061035156,47.3650016784668,83915
1605290700,47.362098693847656,47.38999938964844,47.36000061035156,47.38999938964844,24703
1605291000,47.38999938964844,47.40999984741211,47.380001068115234,47.3849983215332,39114
1605291300,47.38999938964844,47.415000915527344,47.380001068115234,47.40999984741211,16708
1605291600,47.404998779296875,47.415000915527344,47.38999938964844,47.400001525878906,25079
1605291900,47.400001525878906,47.41999816894531,47.38999938964844,47.400001525878906,59160
1605292200,47.400001525878906,47.409000396728516,47.36000061035156,47.369998931884766,27881
1605292500,47.369998931884766,47.43000030517578,47.36000061035156,47.41999816894531,828591
1605292800,47.41999816894531,47.52000045776367,47.400001525878906,47.50279998779297,1421040
1605293100,47.5,47.54999923706055,47.494998931884766,47.53499984741211,392712
1605293400,47.540000915527344,47.540000915527344,47.51499938964844,47.529998779296875,308352
1605293700,47.525001525878906,47.55500030517578,47.52000045776367,47.55500030517578,973512
1605294000,47.560001373291016,47.56999969482422,47.540000915527344,47.54499816894531,57219
1605294300,47.54999923706055,47.564998626708984,47.529998779296875,47.560001373291016,196354
1605294600,47.55500030517578,47.56999969482422,47.5,47.5099983215332,114646
1605294900,47.505001068115234,47.52000045776367,47.48500061035156,47.5099983215332,88507
1605295200,47.5099983215332,47.56999969482422,47.5099983215332,47.529998779296875,104609
1605295500,47.529998779296875,47.529998779296875,47.470001220703125,47.474998474121094,55584
1605295800,47.47999954223633,47.5099983215332,47.43000030517578,47.439998626708984,149239
1605296100,47.435001373291016,47.459999084472656,47.40999984741211,47.43000030517578,272376
1605296400,47.43000030517578,47.44150161743164,47.40999984741211,47.41999816894531,82174
1605296700,47.41999816894531,47.42499923706055,47.38999938964844,47.38999938964844,81671
1605297000,47.39500045776367,47.43000030517578,47.380001068115234,47.415000915527344,236016
1605297300,47.415000915527344,47.474998474121094,47.40999984741211,47.45500183105469,179322
1605297600,47.45000076293945,47.45500183105469,47.40999984741211,47.40999984741211,73318
1605297900,47.41999816894531,47.439998626708984,47.40999984741211,47.41999816894531,74169
1605298200,47.41999816894531,47.435001373291016,47.40999984741211,47.43000030517578,122894
1605298500,47.43000030517578,47.43000030517578,47.36000061035156,47.38999938964844,113811
1605298800,47.400001525878906,47.415000915527344,47.380001068115234,47.415000915527344,73044
1605299100,47.415000915527344,47.45000076293945,47.40999984741211,47.439998626708984,114091
1605299400,47.435001373291016,47.459999084472656,47.41999816894531,47.45000076293945,179282
1605299700,47.45000076293945,47.459999084472656,47.42499923706055,47.43000030517578,137383
1605300000,47.43000030517578,47.470001220703125,47.41999816894531,47.45000076293945,126232
1605300300,47.45000076293945,47.45500183105469,47.38999938964844,47.400001525878906,390409
1605300600,47.404998779296875,47.40999984741211,47.36000061035156,47.369998931884766,452353
1605300900,47.3650016784668,47.4900016784668,47.349998474121094,47.4900016784668,893582
1605301200,47.47,47.47,47.47,47.47,897903
1605302100,47.45,47.45,47.45,47.45,0
1605302400,47.49,47.5,47.49,47.5,0
1605302700,47.5,47.51,47.5,47.51,0
1605303600,47.5,47.5,47.47,47.47,0
1605303900,47.47,47.47,47.47,47.47,0
1605305400,47.5,47.5,47.5,47.5,0
1605309300,47.5,47.5,47.5,47.5,0
1605309900,47.47,47.47,47.47,47.47,0
1605313800,47.47,47.47,47.47,47.47,0
