Date,Open,High,Low,Close,Volume
1605261000,37.63,37.96,37.63,37.96,0
1605262800,37.84,37.84,37.84,37.84,0
1605269700,37.84,37.84,37.82,37.82,0
1605270000,37.85,37.86,37.85,37.86,0
1605270300,37.87,37.94,37.87,37.93,0
1605270600,37.95,38.06,37.95,38.06,0
1605270900,38.06,38.06,38.03,38.05,0
1605271200,38.01,38.07,38.01,38.07,0
1605271500,38.099,38.099,38.07,38.07,0
1605272100,38.07,38.085,38.05,38.07,0
1605272400,38.05,38.05,38.05,38.05,0
1605272700,38.07,38.07,38.05,38.07,0
1605273000,38.08,38.09,38.08,38.09,0
1605273300,38.0601,38.18,37.8701,38.1799,0
1605273600,38.17,38.19,38.14,38.14,0
1605273900,38.1499,38.15,38.09,38.15,0
1605274200,38.13,38.15,38.13,38.15,0
1605274500,38.15,38.2,38.15,38.17,0
1605274800,38.1699,38.17,38.1699,38.17,0
1605275100,38.16,38.19,38.16,38.1601,0
1605275400,38.17,38.25,38.17,38.25,0
1605275700,38.26,38.3,38.24,38.2601,0
1605276000,38.27,38.32,38.24,38.32,0
1605276300,38.3196,38.39,38.3,38.38,0
1605276600,38.39,38.39,38.35,38.37,0
1605276900,38.36,38.41,38.35,38.41,0
1605277200,38.41,38.42,38.36,38.36,0
1605277500,38.35,38.39,38.34,38.39,0
1605277800,38.34000015258789,38.349998474121094,37.9900016784668,38.06999969482422,708978
1605278100,38.06999969482422,38.150001525878906,38.0099983215332,38.09000015258789,257201
1605278400,38.099998474121094,38.23500061035156,38.09000015258789,38.20500183105469,355169
1605278700,38.20500183105469,38.2599983215332,38.13999938964844,38.13999938964844,228469
1605279000,38.13999938964844,38.20000076293945,38.11629867553711,38.130001068115234,220094
1605279300,38.130001068115234,38.18989944458008,38.09000015258789,38.15999984741211,201734
1605279600,38.15999984741211,38.20000076293945,38.060001373291016,38.07500076293945,138906
1605279900,38.06760025024414,38.11000061035156,38.03499984741211,38.06999969482422,186257
1605280200,38.060001373291016,38.060001373291016,37.900001525878906,37.95000076293945,247604
1605280500,37.95000076293945,37.9900016784668,37.90629959106445,37.939998626708984,122429
1605280800,37.939998626708984,37.994998931884766,37.88999938964844,37.904998779296875,175736
1605281100,37.90999984741211,37.970001220703125,37.88999938964844,37.95000076293945,135535
1605281400,37.959999084472656,37.9900016784668,37.88999938964844,37.919898986816406,140924
1605281700,37.90999984741211,37.95000076293945,37.86000061035156,37.8849983215332,115122
1605282000,37.880001068115234,37.974998474121094,37.869998931884766,37.959999084472656,123841
1605282300,37.959999084472656,38.08000183105469,37.959999084472656,38.08000183105469,150154
1605282600,38.08000183105469,38.09000015258789,38.04999923706055,38.064998626708984,134325
1605282900,38.06999969482422,38.06999969482422,37.9900016784668,38.040000915527344,144501
1605283200,38.03099822998047,38.16999816894531,38.03099822998047,38.150001525878906,378470
1605283500,38.15999984741211,38.20000076293945,38.132301330566406,38.189998626708984,133177
1605283800,38.18000030517578,38.220001220703125,38.090999603271484,38.11000061035156,97121
1605284100,38.10499954223633,38.18000030517578,38.095001220703125,38.11000061035156,122058
1605284400,38.11000061035156,38.18000030517578,38.099998474121094,38.16999816894531,107810
1605284700,38.16999816894531,38.20000076293945,38.13999938964844,38.17499923706055,139996
1605285000,38.16999816894531,38.220001220703125,38.154998779296875,38.165000915527344,193306
1605285300,38.16999816894531,38.20000076293945,38.154998779296875,38.16999816894531,98045
1605285600,38.16999816894531,38.21989822387695,38.15999984741211,38.21989822387695,164406
1605285900,38.209999084472656,38.21269989013672,38.150001525878906,38.189998626708984,60454
1605286200,38.189998626708984,38.189998626708984,38.084999084472656,38.099998474121094,99931
1605286500,38.099998474121094,38.119998931884766,38.0546989440918,38.06999969482422,84261
1605286800,38.07229995727539,38.1172981262207,38.060001373291016,38.099998474121094,38320
1605287100,38.11000061035156,38.130001068115234,38.095001220703125,38.11000061035156,36322
1605287400,38.117698669433594,38.16999816894531,38.11000061035156,38.150001525878906,88817
1605287700,38.150001525878906,38.154998779296875,38.11000061035156,38.11000061035156,39132
1605288000,38.099998474121094,38.11000061035156,38.07500076293945,38.084999084472656,58680
1605288300,38.09000015258789,38.119998931884766,38.08000183105469,38.119998931884766,36519
1605288600,38.119998931884766,38.1349983215332,38.09000015258789,38.130001068115234,78172
1605288900,38.130001068115234,38.1349983215332,38.090999603271484,38.119998931884766,40430
1605289200,38.119998931884766,38.150001525878906,38.10100173950195,38.130001068115234,78308
1605289500,38.130001068115234,38.13999938964844,38.100101470947266,38.11000061035156,41481
1605289800,38.1150016784668,38.130001068115234,38.095001220703125,38.095001220703125,54329
1605290100,38.095001220703125,38.11989974975586,38.08000183105469,38.09000015258789,43550
1605290400,38.099998474121094,38.11000061035156,38.04999923706055,38.064998626708984,62953
1605290700,38.060001373291016,38.08000183105469,38.040000915527344,38.06999969482422,62193
1605291000,38.060001373291016,38.095001220703125,38.04999923706055,38.064998626708984,61468
1605291300,38.06999969482422,38.09989929199219,38.04990005493164,38.09000015258789,36888
1605291600,38.08000183105469,38.084999084472656,38.029998779296875,38.04999923706055,131220
1605291900,38.04999923706055,38.089900970458984,38.040000915527344,38.060001373291016,56603
1605292200,38.04999923706055,38.060001373291016,38.02009963989258,38.03499984741211,50420
1605292500,38.029998779296875,38.03499984741211,37.95500183105469,37.95500183105469,194158
1605292800,37.959999084472656,37.974998474121094,37.939998626708984,37.959999084472656,102086
1605293100,37.959999084472656,37.994998931884766,37.900001525878906,37.90999984741211,108706
1605293400,37.904998779296875,37.90999984741211,37.86000061035156,37.875,114732
1605293700,37.875,37.93000030517578,37.869998931884766,37.92499923706055,69561
1605294000,37.92499923706055,37.96500015258789,37.88840103149414,37.900001525878906,85466
1605294300,37.89820098876953,37.93000030517578,37.875,37.88999938964844,59356
1605294600,37.88999938964844,37.91999816894531,37.849998474121094,37.90999984741211,79325
1605294900,37.904998779296875,37.92499923706055,37.8849983215332,37.91999816894531,70660
1605295200,37.91999816894531,37.970001220703125,37.89500045776367,37.90250015258789,59648
1605295500,37.900001525878906,37.900001525878906,37.83000183105469,37.849998474121094,100558
1605295800,37.86000061035156,37.869998931884766,37.82500076293945,37.849998474121094,81452
1605296100,37.849998474121094,37.880001068115234,37.834999084472656,37.86000061035156,88585
1605296400,37.86199951171875,37.88999938964844,37.86000061035156,37.869998931884766,84685
1605296700,37.880001068115234,37.91999816894531,37.880001068115234,37.91999816894531,104562
1605297000,37.91999816894531,37.95000076293945,37.915000915527344,37.94770050048828,148522
1605297300,37.95000076293945,38,37.95000076293945,37.99720001220703,146193
1605297600,37.9900016784668,38.029998779296875,37.970001220703125,38.02000045776367,156087
1605297900,38.01499938964844,38.029998779296875,38,38,82349
1605298200,38,38.0099983215332,37.974998474121094,37.994998931884766,111316
1605298500,37.994998931884766,38.00749969482422,37.941001892089844,37.95000076293945,189078
1605298800,37.95000076293945,37.970001220703125,37.935001373291016,37.959999084472656,76402
1605299100,37.95500183105469,38.029998779296875,37.95500183105469,38.02000045776367,160916
1605299400,38.02399826049805,38.04999923706055,38.0099983215332,38.02000045776367,212735
1605299700,38.0099983215332,38.040000915527344,38.005001068115234,38.02280044555664,181562
1605300000,38.025001525878906,38.06999969482422,38.0099983215332,38.064998626708984,207371
1605300300,38.060001373291016,38.06999969482422,38.02000045776367,38.03229904174805,267763
1605300600,38.040000915527344,38.11000061035156,37.880001068115234,37.974998474121094,2114670
1605300900,37.974998474121094,38.025001525878906,37.939998626708984,38,1152186
1605301200,38.01,38.01,38.01,38.01,3011731
1605302100,38.01,38.06,37.98,38.06,0
1605302400,38.05,38.05,37.98,38.01,0
1605302700,38.01,38.01,37.98,38,0
1605303000,38,38,37.9802,37.9802,0
1605303300,37.9802,37.9802,37.98,37.98,0
1605303600,37.98,37.98,37.98,37.98,0
1605303900,37.98,37.98,37.98,37.98,0
1605304200,37.9802,37.9802,37.98,37.98,0
1605304500,37.98,37.98,37.98,37.98,0
1605304800,37.98,37.9802,37.98,37.98,0
1605305100,37.98,37.9899,37.98,37.98,0
1605305400,38.01,38.01,37.98,37.98,0
1605305700,37.98,37.98,37.98,37.98,0
1605306000,37.98,37.98,37.98,37.98,0
1605308100,38.01,38.01,38.01,38.01,0
1605308400,38.01,38.01,38,38,0
1605309300,38.02,38.02,38,38.02,0
1605309900,38,38,38,38,0
1605310500,38.02,38.02,38.02,38.02,0
1605311400,38,38,38,38,0
1605311700,38,38,38,38,0
1605312000,38,38,38,38,0
1605312600,38.02,38.02,38.02,38.02,0
1605312900,38.02,38.04,38.02,38.04,0
1605314400,38.04,38.04,38.04,38.04,0
1605314700,38,38,38,38,0
1605315300,38.02,38.02,38.0001,38.0001,0
