Date,Open,High,Low,Close,Volume
1605258900,39.35,39.49,39.35,39.49,0
1605260100,39.65,39.91,39.65,39.91,0
1605262500,39.7,39.7,39.7,39.7,0
1605267600,39.8,39.8,39.8,39.8,0
1605267900,39.8,39.8,39.8,39.8,0
1605269700,39.62,39.65,39.61,39.61,0
1605270000,39.62,39.62,39.61,39.61,0
1605270300,39.61,39.61,39.61,39.61,0
1605270600,39.61,39.61,39.61,39.61,0
1605270900,39.61,39.61,39.61,39.61,0
1605271200,39.65,39.68,39.65,39.68,0
1605271500,39.74,39.8,39.69,39.8,0
1605271800,39.81,39.82,39.8,39.8,0
1605272100,39.8,39.8,39.75,39.75,0
1605272400,39.75,39.75,39.7,39.7,0
1605273300,39.6199,39.84,39.61,39.7,0
1605273600,39.7,39.7,39.7,39.7,0
1605273900,39.7,39.7,39.67,39.67,0
1605274200,39.7,39.7,39.67,39.7,0
1605274500,39.69,39.7,39.69,39.7,0
1605274800,39.7,39.7,39.6998,39.6998,0
1605275100,39.6999,39.7,39.6999,39.7,0
1605275400,39.69,39.7,39.68,39.68,0
1605275700,39.68,39.6999,39.68,39.68,0
1605276000,39.67,39.7,39.67,39.7,0
1605276300,39.69,39.7,39.67,39.6999,0
1605276600,39.68,39.7,39.68,39.7,0
1605276900,39.6902,39.7,39.66,39.6602,0
1605277200,39.6899,39.69,39.61,39.6102,0
1605277500,39.6402,39.6402,39.6102,39.62,0
1605277800,39.689998626708984,39.90999984741211,39.66999816894531,39.83599853515625,610313
1605278100,39.84000015258789,39.86000061035156,39.66999816894531,39.849998474121094,200077
1605278400,39.84000015258789,39.85499954223633,39.595001220703125,39.7400016784668,215202
1605278700,39.7599983215332,39.810001373291016,39.66999816894531,39.79999923706055,211883
1605279000,39.79999923706055,39.97999954223633,39.79999923706055,39.86650085449219,314449
1605279300,39.875,39.939998626708984,39.75,39.8650016784668,217859
1605279600,39.86000061035156,40,39.79999923706055,39.98500061035156,245384
1605279900,39.97999954223633,40.22999954223633,39.95000076293945,40.20000076293945,442668
1605280200,40.207000732421875,40.290000915527344,40.099998474121094,40.15999984741211,317246
1605280500,40.150001525878906,40.2599983215332,40.0900993347168,40.14400100708008,234805
1605280800,40.150001525878906,40.16830062866211,40.02000045776367,40.09450149536133,165037
1605281100,40.099998474121094,40.25,40.0099983215332,40.244998931884766,157210
1605281400,40.244998931884766,40.30139923095703,40.209999084472656,40.209999084472656,179100
1605281700,40.209999084472656,40.220001220703125,40.08000183105469,40.16999816894531,144652
1605282000,40.16999816894531,40.28499984741211,40.11159896850586,40.25149917602539,160792
1605282300,40.25,40.34000015258789,40.22999954223633,40.255001068115234,149075
1605282600,40.2599983215332,40.43000030517578,40.23500061035156,40.380001068115234,153314
1605282900,40.378299713134766,40.378299713134766,40.150001525878906,40.19499969482422,190020
1605283200,40.20000076293945,40.380001068115234,40.20000076293945,40.380001068115234,116954
1605283500,40.38999938964844,40.5099983215332,40.380001068115234,40.44499969482422,230606
1605283800,40.435001373291016,40.65999984741211,40.415000915527344,40.599998474121094,169586
1605284100,40.60070037841797,40.7400016784668,40.59000015258789,40.68000030517578,227487
1605284400,40.689998626708984,40.75979995727539,40.6150016784668,40.625,136058
1605284700,40.625,40.720001220703125,40.54999923706055,40.709999084472656,182947
1605285000,40.70000076293945,40.779998779296875,40.65999984741211,40.775001525878906,126166
1605285300,40.77000045776367,40.86579895019531,40.65999984741211,40.810001373291016,222168
1605285600,40.814998626708984,40.880001068115234,40.77000045776367,40.880001068115234,157235
1605285900,40.86830139160156,40.875,40.790000915527344,40.849998474121094,96775
1605286200,40.84830093383789,40.90999984741211,40.7599983215332,40.83000183105469,141092
1605286500,40.83000183105469,40.875,40.80500030517578,40.849998474121094,110441
1605286800,40.86000061035156,40.8650016784668,40.66999816894531,40.67290115356445,172034
1605287100,40.67829895019531,40.77000045776367,40.65999984741211,40.76499938964844,104495
1605287400,40.77000045776367,40.814998626708984,40.70000076293945,40.70240020751953,85343
1605287700,40.70880126953125,40.77000045776367,40.66999816894531,40.73500061035156,62901
1605288000,40.73820114135742,40.790000915527344,40.720001220703125,40.77000045776367,70831
1605288300,40.78499984741211,40.82500076293945,40.7599983215332,40.7599983215332,74412
1605288600,40.7599983215332,40.91999816894531,40.7598991394043,40.900001525878906,97759
1605288900,40.900001525878906,40.959999084472656,40.875,40.93000030517578,116657
1605289200,40.93000030517578,40.939998626708984,40.79499816894531,40.82099914550781,126651
1605289500,40.82899856567383,40.849998474121094,40.79999923706055,40.83000183105469,84767
1605289800,40.83000183105469,40.900001525878906,40.83000183105469,40.88520050048828,112713
1605290100,40.88999938964844,40.90999984741211,40.845001220703125,40.900001525878906,65416
1605290400,40.900001525878906,40.900001525878906,40.68000030517578,40.790000915527344,319996
1605290700,40.790000915527344,40.89500045776367,40.7400016784668,40.872398376464844,176128
1605291000,40.875,40.899898529052734,40.79499816894531,40.83000183105469,93499
1605291300,40.82500076293945,40.875,40.79010009765625,40.849998474121094,88546
1605291600,40.849998474121094,40.93000030517578,40.83000183105469,40.90010070800781,81387
1605291900,40.90999984741211,40.970001220703125,40.869998931884766,40.900001525878906,116316
1605292200,40.900001525878906,40.900001525878906,40.849998474121094,40.880001068115234,102109
1605292500,40.875,40.970001220703125,40.875,40.95500183105469,147675
1605292800,40.959999084472656,40.97999954223633,40.92499923706055,40.97999954223633,100408
1605293100,40.97999954223633,41.040000915527344,40.92499923706055,40.95500183105469,301664
1605293400,40.959999084472656,41,40.79999923706055,40.85770034790039,189863
1605293700,40.86000061035156,40.90999984741211,40.84000015258789,40.849998474121094,96343
1605294000,40.86000061035156,40.900001525878906,40.79999923706055,40.830101013183594,111501
1605294300,40.84000015258789,40.97999954223633,40.83000183105469,40.849998474121094,357563
1605294600,40.86000061035156,40.900001525878906,40.83000183105469,40.86000061035156,128026
1605294900,40.86000061035156,40.970001220703125,40.84000015258789,40.959999084472656,79749
1605295200,40.959999084472656,40.9900016784668,40.95500183105469,40.97999954223633,77511
1605295500,40.97999954223633,40.9900016784668,40.83000183105469,40.900001525878906,200091
1605295800,40.90999984741211,40.95000076293945,40.86000061035156,40.915000915527344,81557
1605296100,40.91999816894531,40.9900016784668,40.900001525878906,40.970001220703125,89690
1605296400,40.970001220703125,40.9900016784668,40.96009826660156,40.9900016784668,42601
1605296700,40.97999954223633,40.9900016784668,40.91999816894531,40.974998474121094,97341
1605297000,40.970001220703125,41,40.93000030517578,40.959999084472656,119529
1605297300,40.95249938964844,41.09000015258789,40.95000076293945,41.07500076293945,282703
1605297600,41.07830047607422,41.08000183105469,41.0099983215332,41.025001525878906,85957
1605297900,41.029998779296875,41.040000915527344,40.95000076293945,40.98500061035156,149836
1605298200,40.98500061035156,41.060001373291016,40.970001220703125,41.05099868774414,89332
1605298500,41.04999923706055,41.09000015258789,41.02000045776367,41.05500030517578,105639
1605298800,41.05500030517578,41.060001373291016,40.994998931884766,41.01499938964844,109375
1605299100,41.02000045776367,41.06999969482422,41.02000045776367,41.04999923706055,134636
1605299400,41.04999923706055,41.150001525878906,41.029998779296875,41.1349983215332,234453
1605299700,41.1349983215332,41.224998474121094,41.1349983215332,41.20830154418945,274717
1605300000,41.209999084472656,41.27000045776367,41.20000076293945,41.26499938964844,454622
1605300300,41.27000045776367,41.31999969482422,41.2599983215332,41.28499984741211,308617
1605300600,41.290000915527344,41.314998626708984,41.20500183105469,41.2599983215332,444227
1605300900,41.255001068115234,41.279998779296875,41.185001373291016,41.189998626708984,814099
1605301200,41.19,41.19,41.19,41.19,671062
1605302100,41.19,41.19,41,41,0
1605302400,41,41.19,40.895,41.03,0
1605302700,41.17,41.25,40.6905,41.21,0
1605303000,41.25,41.25,41.19,41.21,0
1605303300,41.2502,41.2502,41.2001,41.21,0
1605303600,41.21,41.23,41.21,41.23,0
1605303900,41.22,41.22,41.22,41.22,0
1605304200,41.26,41.2601,41.19,41.26,0
1605304500,41.26,41.26,41.25,41.25,0
1605304800,41.19,41.19,41.19,41.19,0
1605305100,41.21,41.21,41.21,41.21,0
1605305400,41.27,41.27,41.19,41.19,0
1605305700,41.27,41.27,41.27,41.27,0
1605306000,41.22,41.22,41.22,41.22,0
1605306600,41.22,41.25,41.06,41.25,0
1605306900,41.27,41.27,41.21,41.21,0
1605307200,41.26,41.26,41.26,41.26,0
1605307500,41.27,41.27,41.27,41.27,0
1605307800,41.29,41.29,41.29,41.29,0
1605308100,41.29,41.29,41.25,41.25,0
1605308400,41.22,41.26,41.22,41.22,0
1605308700,41.21,41.28,41.06,41.28,0
1605309000,41.12,41.12,41.06,41.06,0
1605309300,41.15,41.25,41.15,41.25,0
1605309600,41.2,41.2,41.2,41.2,0
1605309900,41.21,41.21,41.2,41.2,0
1605310200,41.17,41.25,41.17,41.25,0
1605310500,41.13,41.13,41.13,41.13,0
1605310800,41.24,41.24,41.16,41.16,0
1605311100,41.23,41.23,41.23,41.23,0
1605311400,41.23,41.23,41.2,41.2,0
1605311700,41.19,41.2,41.19,41.2,0
1605312000,41.15,41.27,41.15,41.22,0
1605312300,41.25,41.25,41.15,41.15,0
1605312900,41.17,41.17,41.16,41.16,0
1605313200,41.16,41.24,41.11,41.24,0
1605314100,41.23,41.23,41.23,41.23,0
1605314400,41.17,41.17,41.15,41.15,0
1605314700,41.15,41.17,41.08,41.15,0
1605315300,41.08,41.09,41.08,41.09,0
