Date,Open,High,Low,Close,Volume
1605259200,0.741,0.741,0.741,0.741,0
1605260100,0.7456,0.7456,0.745,0.745,0
1605260400,0.79,0.79,0.79,0.79,0
1605261600,0.777,0.79,0.777,0.79,0
1605262800,0.76,0.78,0.76,0.78,0
1605264900,0.78,0.78,0.78,0.78,0
1605265800,0.78,0.78,0.78,0.78,0
1605268200,0.78,0.78,0.78,0.78,0
1605269700,0.77,0.78,0.77,0.7799,0
1605270000,0.7799,0.7799,0.7799,0.7799,0
1605271800,0.77,0.77,0.77,0.77,0
1605272100,0.7649,0.7649,0.7649,0.7649,0
1605272400,0.7625,0.7625,0.7625,0.7625,0
1605273000,0.765,0.765,0.7624,0.763,0
1605273300,0.763,0.78,0.7624,0.763,0
1605273600,0.763,0.763,0.763,0.763,0
1605273900,0.7698,0.7698,0.7698,0.7698,0
1605274500,0.7653,0.7653,0.7631,0.7631,0
1605274800,0.7698,0.7698,0.7698,0.7698,0
1605275100,0.7632,0.7632,0.7632,0.7632,0
1605275400,0.7664,0.7664,0.76,0.7652,0
1605276000,0.7603,0.7662,0.7603,0.7604,0
1605276300,0.7604,0.7604,0.7603,0.7603,0
1605276600,0.7603,0.7661,0.76,0.76,0
1605276900,0.7606,0.7606,0.755,0.755,0
1605277200,0.7501,0.7501,0.7452,0.7453,0
1605277500,0.7453,0.75,0.7453,0.7498,0
1605277800,0.7501000165939331,0.7639999985694885,0.7501000165939331,0.7581999897956848,620583
1605278100,0.7580999732017517,0.7598999738693237,0.7515000104904175,0.7524999976158142,157993
1605278400,0.7530699968338013,0.7598999738693237,0.7461100220680237,0.7461100220680237,509857
1605278700,0.7461000084877014,0.7498000264167786,0.7433000206947327,0.746399998664856,188684
1605279000,0.7462999820709229,0.7470999956130981,0.7409999966621399,0.7411999702453613,248202
1605279300,0.7416999936103821,0.7425000071525574,0.7361000180244446,0.7368999719619751,305381
1605279600,0.7369999885559082,0.7400000095367432,0.7368999719619751,0.7398999929428101,165024
1605279900,0.739799976348877,0.741599977016449,0.7391999959945679,0.7414860129356384,218301
1605280200,0.7411999702453613,0.7458999752998352,0.7401999831199646,0.7450000047683716,110169
1605280500,0.7456009984016418,0.7491000294685364,0.7426999807357788,0.7457000017166138,242295
1605280800,0.7486000061035156,0.7549999952316284,0.7458000183105469,0.7542999982833862,143786
1605281100,0.7541999816894531,0.7545999884605408,0.7458999752998352,0.7473999857902527,214037
1605281400,0.7473099827766418,0.7473999857902527,0.7448999881744385,0.745934009552002,59646
1605281700,0.7455000281333923,0.7459999918937683,0.742900013923645,0.742900013923645,114089
1605282000,0.7441499829292297,0.7441999912261963,0.7400000095367432,0.7403990030288696,264233
1605282300,0.7401000261306763,0.7407000064849854,0.7400000095367432,0.7401000261306763,92773
1605282600,0.7400000095367432,0.7401000261306763,0.7400000095367432,0.7401000261306763,48070
1605282900,0.7400000095367432,0.7401000261306763,0.7400000095367432,0.7400000095367432,85650
1605283200,0.7400000095367432,0.7401000261306763,0.7400000095367432,0.7400500178337097,47731
1605283500,0.7400000095367432,0.7401000261306763,0.7400000095367432,0.7400500178337097,84637
1605283800,0.7400500178337097,0.7401000261306763,0.7400000095367432,0.7401000261306763,50230
1605284100,0.7400100231170654,0.7401000261306763,0.7390000224113464,0.739799976348877,102764
1605284400,0.7395009994506836,0.7398999929428101,0.7390000224113464,0.739300012588501,40037
1605284700,0.7393010258674622,0.7394000291824341,0.7390000224113464,0.7390000224113464,41568
1605285000,0.7393990159034729,0.7394000291824341,0.7371000051498413,0.7371000051498413,87309
1605285300,0.7371000051498413,0.7372990250587463,0.7365000247955322,0.7368000149726868,91376
1605285600,0.7365999817848206,0.7369999885559082,0.7365000247955322,0.7368000149726868,53621
1605285900,0.7368000149726868,0.7369999885559082,0.7360000014305115,0.7361000180244446,66522
1605286200,0.7361000180244446,0.746399998664856,0.7361000180244446,0.746399998664856,325135
1605286500,0.746399998664856,0.7534000277519226,0.746399998664856,0.7486000061035156,149497
1605286800,0.7493000030517578,0.75,0.748199999332428,0.75,150103
1605287100,0.7492499947547913,0.7504000067710876,0.7483000159263611,0.7491989731788635,102450
1605287400,0.7493500113487244,0.7534999847412109,0.7490000128746033,0.7526000142097473,170095
1605287700,0.7529500126838684,0.753000020980835,0.7433000206947327,0.7433000206947327,486809
1605288000,0.744700014591217,0.746999979019165,0.7404000163078308,0.7404000163078308,104836
1605288300,0.7401000261306763,0.7444000244140625,0.737500011920929,0.7441999912261963,170158
1605288600,0.742900013923645,0.7441999912261963,0.7376000285148621,0.7400000095367432,253773
1605288900,0.7398999929428101,0.7400000095367432,0.7372999787330627,0.7376999855041504,88995
1605289200,0.7376999855041504,0.7379999756813049,0.7355999946594238,0.7365000247955322,164008
1605289500,0.7365000247955322,0.7436000108718872,0.7355999946594238,0.7378000020980835,240962
1605289800,0.738099992275238,0.738099992275238,0.737500011920929,0.7379000186920166,101962
1605290100,0.7379999756813049,0.7379999756813049,0.7379000186920166,0.7379000186920166,74709
1605290400,0.7379999756813049,0.7379999756813049,0.7379000186920166,0.7379500269889832,25329
1605290700,0.7379000186920166,0.7400000095367432,0.737500011920929,0.739799976348877,162037
1605291000,0.739799976348877,0.7448999881744385,0.739799976348877,0.7432000041007996,181577
1605291300,0.7419999837875366,0.7444990277290344,0.7401000261306763,0.7419999837875366,65154
1605291600,0.7405999898910522,0.7413899898529053,0.7400000095367432,0.7400000095367432,56895
1605291900,0.7400000095367432,0.7401999831199646,0.7379999756813049,0.7379999756813049,63157
1605292200,0.7381500005722046,0.7386000156402588,0.738099992275238,0.7382000088691711,21803
1605292500,0.7383999824523926,0.7386000156402588,0.7360000014305115,0.7371000051498413,167012
1605292800,0.7372000217437744,0.7400000095367432,0.7361999750137329,0.7400000095367432,316651
1605293100,0.7390000224113464,0.7400000095367432,0.7379999756813049,0.7390999794006348,82124
1605293400,0.7386999726295471,0.7390999794006348,0.7379999756813049,0.7383999824523926,31002
1605293700,0.7383999824523926,0.7384999990463257,0.7383000254631042,0.7383990287780762,66426
1605294000,0.738319993019104,0.7384999990463257,0.7373999953269958,0.7373999953269958,57656
1605294300,0.7374100089073181,0.7382000088691711,0.7365000247955322,0.7372000217437744,64633
1605294600,0.7372999787330627,0.7382000088691711,0.7371000051498413,0.7377009987831116,96323
1605294900,0.7379999756813049,0.7382000088691711,0.7376000285148621,0.7378000020980835,115707
1605295200,0.7379999756813049,0.7379999756813049,0.7376000285148621,0.7378000020980835,45334
1605295500,0.7378000020980835,0.7379000186920166,0.7376999855041504,0.7377840280532837,68813
1605295800,0.7379000186920166,0.7379000186920166,0.7360000014305115,0.736299991607666,243701
1605296100,0.7361999750137329,0.7364000082015991,0.7360000014305115,0.7361000180244446,53464
1605296400,0.7361260056495667,0.7361999750137329,0.7360000014305115,0.7360000014305115,65693
1605296700,0.7360789775848389,0.7361000180244446,0.7350000143051147,0.7354999780654907,62494
1605297000,0.7350000143051147,0.7354999780654907,0.734000027179718,0.7348999977111816,48188
1605297300,0.7347999811172485,0.7354999780654907,0.734000027179718,0.7350000143051147,264427
1605297600,0.7354000210762024,0.7398999929428101,0.7342000007629395,0.7373999953269958,173710
1605297900,0.7382000088691711,0.7382000088691711,0.7372999787330627,0.7375500202178955,41480
1605298200,0.7382000088691711,0.7459999918937683,0.7371000051498413,0.7430999875068665,416048
1605298500,0.7430999875068665,0.7430999875068665,0.7427999973297119,0.7429999709129333,94017
1605298800,0.7430999875068665,0.7430999875068665,0.7426999807357788,0.7430999875068665,62348
1605299100,0.7430999875068665,0.7430999875068665,0.741100013256073,0.7429999709129333,241360
1605299400,0.7427999973297119,0.7429999709129333,0.7426999807357788,0.7427099943161011,26449
1605299700,0.7429990172386169,0.7429999709129333,0.7426999807357788,0.742900013923645,31558
1605300000,0.742900013923645,0.7429999709129333,0.7400000095367432,0.7407000064849854,134866
1605300300,0.7408000230789185,0.7409999966621399,0.7378000020980835,0.7400000095367432,187054
1605300600,0.739201009273529,0.7421000003814697,0.739201009273529,0.7418000102043152,129035
1605300900,0.7418000102043152,0.742900013923645,0.7383000254631042,0.7427999973297119,407962
1605301200,0.75,0.75,0.75,0.75,323067
1605302100,0.75,0.75,0.749,0.75,0
1605302400,0.75,0.75,0.75,0.75,0
1605302700,0.7473,0.75,0.7414,0.7414,0
1605303000,0.7474,0.7474,0.7474,0.7474,0
1605303300,0.7474,0.75,0.745,0.7474,0
1605303900,0.7474,0.7474,0.7474,0.7474,0
1605304200,0.7474,0.75,0.7474,0.75,0
1605304500,0.7525,0.7525,0.75,0.75,0
1605304800,0.7524,0.7524,0.7524,0.7524,0
1605305100,0.75,0.7524,0.75,0.7524,0
1605305400,0.7524,0.7524,0.75,0.75,0
1605305700,0.75,0.7524,0.75,0.75,0
1605306000,0.7524,0.7524,0.7524,0.7524,0
1605306300,0.7524,0.7524,0.7524,0.7524,0
1605306600,0.7524,0.7524,0.7524,0.7524,0
1605306900,0.7524,0.7524,0.752,0.7522,0
1605307200,0.7524,0.7524,0.752,0.7524,0
1605307500,0.7524,0.7524,0.7524,0.7524,0
1605308100,0.75,0.7523,0.75,0.7523,0
1605308400,0.75,0.7523,0.75,0.7523,0
1605308700,0.7523,0.7525,0.7523,0.7525,0
1605309000,0.7526,0.755,0.7526,0.755,0
1605309300,0.7599,0.7599,0.7599,0.7599,0
1605309600,0.76,0.76,0.76,0.76,0
1605309900,0.76,0.76,0.76,0.76,0
1605310200,0.7542,0.7542,0.7542,0.7542,0
1605310500,0.76,0.76,0.76,0.76,0
1605310800,0.76,0.76,0.76,0.76,0
1605311400,0.76,0.76,0.76,0.76,0
1605311700,0.7689,0.77,0.7689,0.77,0
1605312000,0.77,0.77,0.77,0.77,0
1605312300,0.77,0.77,0.77,0.77,0
1605312900,0.76,0.76,0.7599,0.7599,0
1605313500,0.76,0.76,0.76,0.76,0
1605314100,0.76,0.76,0.7502,0.7502,0
1605314400,0.76,0.76,0.76,0.76,0
1605314700,0.7502,0.7502,0.75,0.75,0
1605315000,0.76,0.76,0.76,0.76,0
1605315300,0.76,0.76,0.76,0.76,0
