Date,Open,High,Low,Close,Volume
1605258900,45.08,45.13,45.08,45.08,0
1605259200,45.1,45.1,45.1,45.1,0
1605259500,45.08,45.08,45.06,45.07,0
1605259800,45.07,45.09,45.07,45.09,0
1605260100,45.07,45.1,45.07,45.1,0
1605260700,45.13,45.15,45.13,45.15,0
1605261300,45.1,45.14,45.1,45.14,0
1605261900,45.12,45.12,45.12,45.12,0
1605262200,45.12,45.12,45.1,45.1,0
1605262500,45.14,45.15,45.14,45.15,0
1605262800,45.17,45.17,45.17,45.17,0
1605263400,45.17,45.17,45.17,45.17,0
1605263700,45.18,45.18,45.18,45.18,0
1605264600,45.14,45.14,45.14,45.14,0
1605265500,45.11,45.14,45.11,45.14,0
1605265800,45.14,45.14,45.14,45.14,0
1605266100,45.13,45.13,45.07,45.08,0
1605266700,45.1,45.1,45.1,45.1,0
1605268200,45.08,45.08,45.08,45.08,0
1605269400,45.12,45.14,45.12,45.14,0
1605269700,45.09,45.09,45.09,45.09,0
1605270000,45.08,45.13,45.08,45.11,0
1605270300,45.11,45.11,45.11,45.11,0
1605270600,45.1,45.1,45.08,45.08,0
1605270900,45.07,45.1,45.06,45.1,0
1605271500,45.09,45.11,45.06,45.07,0
1605271800,45.07,45.07,45.06,45.06,0
1605272100,45.08,45.08,45.08,45.08,0
1605272400,45.07,45.07,45.03,45.04,0
1605272700,45.07,45.08,45.05,45.06,0
1605273000,45.08,45.08,45.06,45.08,0
1605273300,45.0714,45.14,45.04,45.08,0
1605273600,45.06,45.08,45.0501,45.06,0
1605273900,45.06,45.07,45.055,45.07,0
1605274200,45.0799,45.08,45.05,45.08,0
1605274500,45.0799,45.08,45.05,45.05,0
1605274800,45.05,45.07,45.04,45.06,0
1605275100,45.07,45.12,45.07,45.11,0
1605275400,45.11,45.17,45.11,45.14,0
1605275700,45.1699,45.18,45.14,45.1598,0
1605276000,45.1598,45.18,45.15,45.16,0
1605276300,45.16,45.18,45.13,45.14,0
1605276600,45.14,45.16,45.14,45.14,0
1605276900,45.13,45.14,45.0707,45.13,0
1605277200,45.14,45.14,45.0812,45.12,0
1605277500,45.11,45.12,45.1,45.1,0
1605277800,44.9900016784668,45.2400016784668,44.970001220703125,45.15230178833008,1828994
1605278100,45.150001525878906,45.27000045776367,45.064998626708984,45.24700164794922,596480
1605278400,45.2400016784668,45.2599983215332,45.13999938964844,45.154998779296875,587745
1605278700,45.15999984741211,45.22999954223633,45.150001525878906,45.20989990234375,377839
1605279000,45.209999084472656,45.290000915527344,45.20009994506836,45.22999954223633,558702
1605279300,45.22999954223633,45.349998474121094,45.220001220703125,45.279998779296875,477909
1605279600,45.279998779296875,45.279998779296875,45.189998626708984,45.20000076293945,337163
1605279900,45.189998626708984,45.22999954223633,45.150001525878906,45.209999084472656,314333
1605280200,45.210201263427734,45.25,45.13999938964844,45.16999816894531,360897
1605280500,45.17499923706055,45.25,45.16999816894531,45.2400016784668,311834
1605280800,45.244998931884766,45.27000045776367,45.20500183105469,45.209999084472656,374201
1605281100,45.209999084472656,45.2599983215332,45.154998779296875,45.244998931884766,311401
1605281400,45.25,45.279998779296875,45.209999084472656,45.2599983215332,309171
1605281700,45.2599983215332,45.290000915527344,45.209999084472656,45.220001220703125,252089
1605282000,45.220001220703125,45.334999084472656,45.20500183105469,45.33000183105469,319704
1605282300,45.33000183105469,45.369998931884766,45.275001525878906,45.314998626708984,335174
1605282600,45.31999969482422,45.33000183105469,45.255001068115234,45.279998779296875,187190
1605282900,45.279998779296875,45.279998779296875,45.18000030517578,45.20000076293945,330008
1605283200,45.20000076293945,45.34000015258789,45.185001373291016,45.33000183105469,305131
1605283500,45.33000183105469,45.349998474121094,45.29499816894531,45.310001373291016,244898
1605283800,45.310001373291016,45.310001373291016,45.2599983215332,45.27170181274414,349187
1605284100,45.27000045776367,45.29999923706055,45.239898681640625,45.2400016784668,393408
1605284400,45.2400016784668,45.2599983215332,45.185001373291016,45.23500061035156,241854
1605284700,45.2400016784668,45.2599983215332,45.16999816894531,45.213401794433594,605816
1605285000,45.209999084472656,45.27000045776367,45.209999084472656,45.23400115966797,884153
1605285300,45.23500061035156,45.23500061035156,45.18000030517578,45.20610046386719,225689
1605285600,45.209999084472656,45.29499816894531,45.20180130004883,45.255001068115234,353047
1605285900,45.25,45.27000045776367,45.220001220703125,45.220001220703125,155419
1605286200,45.224998474121094,45.290000915527344,45.209999084472656,45.25849914550781,167784
1605286500,45.2599983215332,45.310001373291016,45.255001068115234,45.27000045776367,223963
1605286800,45.27989959716797,45.279998779296875,45.22999954223633,45.239898681640625,146873
1605287100,45.22999954223633,45.290000915527344,45.22999954223633,45.244998931884766,145464
1605287400,45.2400016784668,45.26499938964844,45.220001220703125,45.22999954223633,187505
1605287700,45.23899841308594,45.310001373291016,45.21500015258789,45.28369903564453,211475
1605288000,45.279998779296875,45.310001373291016,45.275001525878906,45.29499816894531,301588
1605288300,45.29999923706055,45.310001373291016,45.26499938964844,45.27000045776367,239917
1605288600,45.275001525878906,45.279998779296875,45.22999954223633,45.234100341796875,165971
1605288900,45.2400016784668,45.279998779296875,45.209999084472656,45.2776985168457,198816
1605289200,45.27180099487305,45.29999923706055,45.22999954223633,45.22999954223633,126384
1605289500,45.23500061035156,45.27000045776367,45.22999954223633,45.26499938964844,127443
1605289800,45.26499938964844,45.290000915527344,45.2599983215332,45.26499938964844,95891
1605290100,45.27000045776367,45.290000915527344,45.25,45.27000045776367,529730
1605290400,45.27000045776367,45.279998779296875,45.2400016784668,45.2400016784668,165448
1605290700,45.244998931884766,45.279998779296875,45.22999954223633,45.275001525878906,302530
1605291000,45.275001525878906,45.290000915527344,45.244998931884766,45.2599983215332,197799
1605291300,45.2599983215332,45.27000045776367,45.2400016784668,45.24610137939453,135785
1605291600,45.2400016784668,45.27000045776367,45.2307014465332,45.244998931884766,274491
1605291900,45.2400016784668,45.279998779296875,45.22999954223633,45.244998931884766,246083
1605292200,45.244998931884766,45.25,45.20500183105469,45.220001220703125,196815
1605292500,45.224998474121094,45.2400016784668,45.209999084472656,45.220001220703125,175730
1605292800,45.220001220703125,45.25749969482422,45.209999084472656,45.220001220703125,205716
1605293100,45.220001220703125,45.22999954223633,45.16999816894531,45.20500183105469,397955
1605293400,45.209999084472656,45.2400016784668,45.20000076293945,45.224998474121094,167381
1605293700,45.22200012207031,45.2400016784668,45.209999084472656,45.209999084472656,166536
1605294000,45.21500015258789,45.275001525878906,45.189998626708984,45.25,306661
1605294300,45.244998931884766,45.2599983215332,45.224998474121094,45.23500061035156,272005
1605294600,45.23500061035156,45.2400016784668,45.19499969482422,45.23500061035156,258839
1605294900,45.23500061035156,45.290000915527344,45.20500183105469,45.279998779296875,220695
1605295200,45.28499984741211,45.369998931884766,45.279998779296875,45.334999084472656,268445
1605295500,45.34000015258789,45.349998474121094,45.29999923706055,45.331199645996094,192066
1605295800,45.334999084472656,45.349998474121094,45.29999923706055,45.29999923706055,207509
1605296100,45.310001373291016,45.380001068115234,45.30500030517578,45.369998931884766,336864
1605296400,45.369998931884766,45.380001068115234,45.36000061035156,45.36000061035156,234431
1605296700,45.3650016784668,45.375,45.334999084472656,45.349998474121094,182913
1605297000,45.349998474121094,45.349998474121094,45.2599983215332,45.275001525878906,253103
1605297300,45.270999908447266,45.369998931884766,45.27000045776367,45.36000061035156,327012
1605297600,45.36000061035156,45.380001068115234,45.31999969482422,45.34669876098633,185185
1605297900,45.349998474121094,45.40999984741211,45.349998474121094,45.3849983215332,235924
1605298200,45.3849983215332,45.400001525878906,45.34000015258789,45.3650016784668,275816
1605298500,45.36000061035156,45.369998931884766,45.30500030517578,45.334999084472656,232973
1605298800,45.334999084472656,45.369998931884766,45.31999969482422,45.3650016784668,222153
1605299100,45.3650016784668,45.369998931884766,45.33000183105469,45.3650016784668,269452
1605299400,45.369998931884766,45.41999816894531,45.349998474121094,45.380001068115234,527494
1605299700,45.38999938964844,45.5,45.369998931884766,45.46500015258789,1111054
1605300000,45.470001220703125,45.58000183105469,45.46500015258789,45.5099983215332,610372
1605300300,45.5099983215332,45.529998779296875,45.439998626708984,45.44499969482422,628253
1605300600,45.44499969482422,45.5099983215332,45.380001068115234,45.45000076293945,959572
1605300900,45.45500183105469,45.52000045776367,45.40999984741211,45.459999084472656,1833545
1605301200,45.46,45.46,45.46,45.46,2812887
1605302100,45.46,45.49,45.44,45.48,0
1605302400,45.46,45.47,45.295,45.47,0
1605302700,45.47,45.48,45.3072,45.46,0
1605303000,45.45,45.45,45.41,45.42,0
1605303300,45.44,45.46,45.44,45.4554,0
1605303600,45.47,45.49,45.47,45.48,0
1605303900,45.5,45.5,45.5,45.5,0
1605304200,45.4632,45.47,45.46,45.46,0
1605304500,45.49,45.5,45.49,45.5,0
1605304800,45.46,45.46,45.46,45.46,0
1605305100,45.46,45.5,45.46,45.5,0
1605305400,45.46,45.4608,45.46,45.46,0
1605305700,45.49,45.49,45.46,45.46,0
1605306000,45.4601,45.49,45.46,45.49,0
1605306300,45.46,45.46,45.46,45.46,0
1605306600,45.47,45.47,45.46,45.46,0
1605306900,45.48,45.48,45.48,45.48,0
1605307200,45.49,45.49,45.49,45.49,0
1605307500,45.47,45.49,45.47,45.49,0
1605307800,45.47,45.5,45.47,45.47,0
1605308100,45.47,45.47,45.47,45.47,0
1605308400,45.47,45.47,45.47,45.47,0
1605309000,45.47,45.47,45.47,45.47,0
1605310800,45.47,45.47,45.47,45.47,0
1605311400,45.47,45.47,45.46,45.46,0
1605312000,45.47,45.49,45.46,45.49,0
1605312600,45.48,45.48,45.46,45.46,0
1605312900,45.48,45.48,45.48,45.48,0
1605313200,45.49,45.49,45.46,45.46,0
1605313800,45.48,45.49,45.48,45.49,0
1605314100,45.48,45.48,45.48,45.48,0
1605315000,45.48,45.48,45.46,45.46,0
1605315300,45.46,45.46,45.45,45.45,0
