Date,Open,High,Low,Close,Volume
1605258900,170.89,171.04,170.89,171.04,0
1605259200,171.02,171.07,171.02,171.04,0
1605259500,171.04,171.04,170.91,170.91,0
1605259800,171.1,171.22,171.1,171.22,0
1605260100,171.27,171.34,171.25,171.34,0
1605260400,171.3,171.3,171.28,171.29,0
1605260700,171.34,171.57,171.34,171.45,0
1605261000,171.4,171.46,171.4,171.46,0
1605261300,171.42,171.46,171.42,171.46,0
1605261600,171.42,171.42,171.3,171.34,0
1605261900,171.4,171.58,171.38,171.58,0
1605262200,171.62,171.62,171.6,171.6,0
1605262500,171.62,171.64,171.57,171.64,0
1605262800,171.7,171.72,171.66,171.68,0
1605263100,171.64,171.64,171.54,171.54,0
1605263400,171.48,171.82,171.48,171.73,0
1605263700,171.76,171.76,171.66,171.7,0
1605264000,171.66,171.88,171.66,171.73,0
1605264300,171.76,171.76,171.71,171.72,0
1605264600,171.67,171.82,171.67,171.81,0
1605264900,171.78,171.89,171.69,171.84,0
1605265200,171.78,171.82,171.78,171.82,0
1605265500,171.88,171.9,171.88,171.9,0
1605265800,171.84,171.84,171.82,171.82,0
1605266100,171.88,171.88,171.6,171.6,0
1605266400,171.64,171.7,171.64,171.7,0
1605266700,171.72,171.82,171.66,171.7,0
1605267000,171.6,171.6,171.54,171.58,0
1605267300,171.64,171.64,171.45,171.57,0
1605267600,171.48,171.67,171.48,171.64,0
1605267900,171.6,171.6,171.54,171.54,0
1605268200,171.58,171.58,171.54,171.54,0
1605268500,171.57,171.64,171.53,171.53,0
1605268800,171.48,171.64,171.48,171.64,0
1605269100,171.7,171.74,171.6,171.63,0
1605269400,171.66,171.8,171.6,171.72,0
1605269700,171.73,171.73,171.3,171.3,0
1605270000,171.26,171.29,171.23,171.27,0
1605270300,171.27,171.27,171.26,171.26,0
1605270600,171.16,171.19,171.16,171.19,0
1605270900,171.15,171.15,171.07,171.08,0
1605271200,171,171.16,171,171.15,0
1605271500,171.14,171.25,171.1,171.21,0
1605271800,171.1,171.17,171.08,171.15,0
1605272100,171.16,171.16,171.06,171.06,0
1605272400,171.13,171.16,170.97,170.97,0
1605272700,171,171.07,171,171.07,0
1605273000,171.06,171.09,170.97,170.98,0
1605273300,171.33,171.66,170.25,171.07,0
1605273600,171.1,171.15,171.1,171.15,0
1605273900,171.12,171.15,171.1,171.15,0
1605274200,171.09,171.09,170.95,170.99,0
1605274500,170.99,171.1,170.99,171.1,0
1605274800,171.13,171.13,171.1,171.1,0
1605275100,171.22,171.42,171.22,171.41,0
1605275400,171.38,171.61,171.32,171.59,0
1605275700,171.61,171.61,171.34,171.34,0
1605276000,171.3,171.33,171.26,171.33,0
1605276300,171.26,171.31,171.26,171.29,0
1605276600,171.3,171.36,171.23,171.35,0
1605276900,171.3,171.31,171.2,171.23,0
1605277200,171.23,171.23,171.17,171.18,0
1605277500,171.13,171.1395,171.13,171.1395,0
1605277800,171.77000427246094,172.22500610351562,171.50999450683594,172.1999969482422,1191639
1605278100,172.17999267578125,172.47999572753906,171.83999633789062,172.42999267578125,477206
1605278400,172.39999389648438,172.60000610351562,172.33999633789062,172.5399932861328,405499
1605278700,172.5399932861328,172.80999755859375,172.41000366210938,172.76499938964844,461827
1605279000,172.77000427246094,173.01499938964844,172.61000061035156,172.77000427246094,246257
1605279300,172.76499938964844,172.8699951171875,172.7100067138672,172.80999755859375,294060
1605279600,172.77999877929688,172.94000244140625,172.64999389648438,172.85000610351562,667575
1605279900,172.83999633789062,173.17999267578125,172.7949981689453,173.11990356445312,307176
1605280200,173.1199951171875,173.25,172.82000732421875,172.82000732421875,305394
1605280500,172.82000732421875,172.86000061035156,172.3800048828125,172.41000366210938,497559
1605280800,172.39100646972656,172.55999755859375,172.35000610351562,172.38999938964844,197507
1605281100,172.41000366210938,172.8300018310547,172.33999633789062,172.80999755859375,136678
1605281400,172.8000030517578,172.88999938964844,172.66000366210938,172.7899932861328,364477
1605281700,172.8000030517578,172.8300018310547,172.25999450683594,172.36000061035156,140331
1605282000,172.33999633789062,172.67999267578125,172.25,172.60000610351562,143585
1605282300,172.61000061035156,172.72000122070312,172.47000122070312,172.5500030517578,157261
1605282600,172.5399932861328,172.5500030517578,172.22999572753906,172.2949981689453,151146
1605282900,172.3000030517578,172.31500244140625,171.82000732421875,171.94000244140625,190192
1605283200,171.9499969482422,172.1199951171875,171.94000244140625,172.02000427246094,138148
1605283500,172.02999877929688,172.24000549316406,172.0175018310547,172.09500122070312,359655
1605283800,172.09500122070312,172.24000549316406,172.0500030517578,172.1699981689453,112671
1605284100,172.19000244140625,172.52000427246094,172.1199951171875,172.50999450683594,140232
1605284400,172.50999450683594,172.69000244140625,172.41000366210938,172.65499877929688,79972
1605284700,172.66000366210938,172.80999755859375,172.27999877929688,172.66000366210938,357772
1605285000,172.64999389648438,172.72500610351562,172.41000366210938,172.4250030517578,130044
1605285300,172.4199981689453,172.4499969482422,172.24000549316406,172.37899780273438,141480
1605285600,172.36000061035156,172.5399932861328,172.35000610351562,172.4499969482422,154616
1605285900,172.4600067138672,172.47999572753906,172.36000061035156,172.41000366210938,109617
1605286200,172.39999389648438,172.4600067138672,172.27999877929688,172.3300018310547,101122
1605286500,172.3249969482422,172.39999389648438,172.17999267578125,172.17999267578125,177460
1605286800,172.17999267578125,172.35000610351562,172.16000366210938,172.2899932861328,125377
1605287100,172.29110717773438,172.3300018310547,172.1999969482422,172.25,72072
1605287400,172.22999572753906,172.3699951171875,172.14999389648438,172.1699981689453,107701
1605287700,172.16000366210938,172.17999267578125,171.9600067138672,171.9600067138672,111870
1605288000,171.9499969482422,172.02000427246094,171.85000610351562,171.8800048828125,97987
1605288300,171.90499877929688,172.07000732421875,171.90499877929688,171.93499755859375,122766
1605288600,171.93099975585938,172.2100067138672,171.9199981689453,172.2100067138672,238633
1605288900,172.2100067138672,172.24000549316406,172.11000061035156,172.2050018310547,153893
1605289200,172.2100067138672,172.3000030517578,172.05999755859375,172.10000610351562,227624
1605289500,172.10000610351562,172.50999450683594,172.10000610351562,172.5,277652
1605289800,172.5,172.61000061035156,172.41000366210938,172.52000427246094,253918
1605290100,172.52000427246094,172.55999755859375,172.33999633789062,172.4499969482422,146918
1605290400,172.4600067138672,172.49000549316406,172.14999389648438,172.2100067138672,258144
1605290700,172.22999572753906,172.5050048828125,172.22000122070312,172.49000549316406,162162
1605291000,172.49000549316406,172.50999450683594,172.17999267578125,172.22999572753906,180166
1605291300,172.24000549316406,172.3699951171875,172.17999267578125,172.33999633789062,80284
1605291600,172.32000732421875,172.32000732421875,172,172.14999389648438,236087
1605291900,172.13999938964844,172.36000061035156,172.0800018310547,172.17999267578125,249314
1605292200,172.1999969482422,172.1999969482422,171.8699951171875,171.97999572753906,234138
1605292500,172.00999450683594,172.3300018310547,171.97000122070312,172.27999877929688,161510
1605292800,172.2899932861328,172.50999450683594,172.25,172.47500610351562,245567
1605293100,172.4600067138672,172.5399932861328,172.22999572753906,172.27999877929688,117141
1605293400,172.2899932861328,172.4600067138672,172.2899932861328,172.31500244140625,80253
1605293700,172.30999755859375,172.44000244140625,172.22999572753906,172.33999633789062,90802
1605294000,172.33999633789062,172.49000549316406,172.30999755859375,172.375,121024
1605294300,172.3800048828125,172.60000610351562,172.36000061035156,172.52999877929688,170732
1605294600,172.5500030517578,172.63999938964844,172.4600067138672,172.5189971923828,491048
1605294900,172.5,172.69000244140625,172.33999633789062,172.69000244140625,157639
1605295200,172.6699981689453,172.88999938964844,172.6699981689453,172.74000549316406,251685
1605295500,172.75,172.8800048828125,172.71499633789062,172.86000061035156,200976
1605295800,172.875,173.02999877929688,172.86000061035156,172.9499969482422,185458
1605296100,172.94400024414062,173.49000549316406,172.89999389648438,173.38999938964844,393960
1605296400,173.3800048828125,173.50999450683594,173.33999633789062,173.46499633789062,301401
1605296700,173.46499633789062,173.57000732421875,173.24000549316406,173.3000030517578,737406
1605297000,173.3000030517578,173.6199951171875,173.24000549316406,173.5500030517578,511693
1605297300,173.5399932861328,173.85000610351562,173.52000427246094,173.75,418645
1605297600,173.74000549316406,173.85000610351562,173.57000732421875,173.60000610351562,271948
1605297900,173.61000061035156,173.8000030517578,173.5800018310547,173.73500061035156,319023
1605298200,173.73500061035156,173.77000427246094,173.52999877929688,173.6999969482422,268989
1605298500,173.7100067138672,173.72999572753906,173.39999389648438,173.6199951171875,303433
1605298800,173.60499572753906,173.6300048828125,173.49000549316406,173.60000610351562,225319
1605299100,173.58999633789062,173.59500122070312,173.4199981689453,173.42999267578125,354918
1605299400,173.44000244140625,173.66000366210938,173.3782958984375,173.57000732421875,768724
1605299700,173.5800018310547,173.75999450683594,173.5399932861328,173.67999267578125,375229
1605300000,173.68499755859375,174.01499938964844,173.66000366210938,174.00999450683594,513460
1605300300,174,174.12640380859375,173.82000732421875,173.82000732421875,594105
1605300600,173.80999755859375,173.86000061035156,173.3350067138672,173.38499450683594,579677
1605300900,173.38999938964844,173.58999633789062,173.27000427246094,173.50999450683594,1303484
1605301200,173.5,173.5,173.44,173.5,395448
1605302100,173.52,173.6,173.38,173.54,0
1605302400,173.54,173.62,173.49,173.6,0
1605302700,173.6,173.63,173.3679,173.58,0
1605303000,173.6,173.75,169.8505,173.69,0
1605303300,173.69,173.72,173.644,173.72,0
1605303600,173.73,173.78,173.7,173.7,0
1605303900,173.63,173.64,173.5,173.57,0
1605304200,173.6,173.66,169.8505,173.62,0
1605304500,173.65,173.65,173.62,173.65,0
1605304800,173.66,173.74,173.66,173.67,0
1605305100,173.61,173.65,173.55,173.55,0
1605305400,173.55,173.65,173.53,173.65,0
1605305700,173.65,173.7,173.65,173.7,0
1605306000,173.7,173.7,173.68,173.68,0
1605306300,173.68,173.68,173.55,173.58,0
1605306600,173.6,173.6,173.6,173.6,0
1605306900,173.61,173.61,173.54,173.54,0
1605307200,173.52,173.6,173.51,173.58,0
1605308100,173.58,173.58,173.58,173.58,0
1605308400,173.53,173.58,173.46,173.46,0
1605308700,173.41,173.61,173.4,173.6,0
1605309000,173.66,173.69,173.66,173.69,0
1605309600,173.5,173.5,173.5,173.5,0
1605310200,173.7,173.7,173.65,173.65,0
1605310500,173.72,173.78,173.7,173.7,0
1605310800,173.7,173.7,173.7,173.7,0
1605311100,173.7,173.7,173.7,173.7,0
1605312000,173.7,173.79,173.7,173.79,0
1605312300,173.79,174,173.79,174,0
1605312600,174.02,174.08,173.9,173.9,0
1605312900,173.88,173.9,173.88,173.9,0
1605313500,173.86,173.86,173.86,173.86,0
1605313800,173.9,173.9,173.9,173.9,0
1605314400,173.94,173.96,173.94,173.96,0
1605314700,173.85,173.85,173.8,173.8,0
1605315000,173.76,173.84,173.76,173.84,0
1605315300,173.95,173.95,173.88,173.88,0
