Date,Open,High,Low,Close,Volume
1605258900,89.4,90.15,89.4,90,0
1605259200,89.9,89.98,89,89.4,0
1605259500,89.47,89.99,89.47,89.95,0
1605259800,89.95,90,89.95,90,0
1605260100,90.1,90.44,90.1,90.29,0
1605260400,90.2,90.24,89.9,89.9,0
1605260700,89.92,90,89.92,89.99,0
1605261000,89.9,89.9,89.89,89.89,0
1605261300,90,90.24,90,90.24,0
1605261600,90.16,90.2,90.16,90.2,0
1605261900,90.3,90.7,90.3,90.58,0
1605262200,90.58,90.6,90.55,90.55,0
1605262500,90.71,90.83,90.6,90.6,0
1605262800,90.6,90.6,90.4,90.4,0
1605263100,90.35,90.35,90.2,90.33,0
1605263400,90.55,90.55,90.53,90.55,0
1605263700,90.59,90.59,90.59,90.59,0
1605264000,90.5,90.5,90.5,90.5,0
1605264300,90.5,90.5,90.16,90.16,0
1605264600,90.22,90.37,90.22,90.37,0
1605264900,90.31,90.5,90.31,90.5,0
1605265200,90.57,90.68,90.57,90.68,0
1605265500,90.68,90.77,90.68,90.75,0
1605265800,90.78,90.8,90.75,90.8,0
1605266100,90.73,90.75,90.5,90.56,0
1605266400,90.55,90.55,90.5,90.55,0
1605266700,90.55,90.55,90.15,90.26,0
1605267000,90.5,90.5,90.3,90.3,0
1605267300,90.3,90.4,90.3,90.4,0
1605267600,90.3,90.3,90.3,90.3,0
1605267900,90.31,90.35,90.26,90.26,0
1605268200,90.26,90.29,90.22,90.22,0
1605268500,90.25,90.25,90.2,90.2,0
1605268800,90.17,90.17,90.12,90.12,0
1605269100,90.11,90.18,90.11,90.18,0
1605269400,90.11,90.13,89.99,89.99,0
1605269700,89.91,90,89.8,90,0
1605270000,90,90,90,90,0
1605270300,89.98,89.98,89.9,89.9,0
1605270600,89.91,89.92,89.9,89.92,0
1605270900,89.94,89.98,89.94,89.98,0
1605271200,89.99,90,89.98,90,0
1605271500,89.99,90,89.94,90,0
1605271800,89.95,90.05,89.95,90.05,0
1605272100,90.05,90.15,89.98,89.99,0
1605272400,89.99,90,89.92,90,0
1605272700,90.15,90.15,90.11,90.15,0
1605273000,90.09,90.15,90.09,90.15,0
1605273300,88.76,90.15,88.76,90,0
1605273600,90,90.3,90,90.27,0
1605273900,90.3,90.44,90.25,90.44,0
1605274200,90.47,90.56,90.45,90.56,0
1605274500,90.56,90.64,90.47,90.49,0
1605274800,90.5574,90.72,90.51,90.69,0
1605275100,90.74,90.8,90.6,90.64,0
1605275400,90.68,90.77,90.45,90.5,0
1605275700,90.54,90.55,90.33,90.46,0
1605276000,90.47,90.47,90.2,90.33,0
1605276300,90.33,90.41,90.19,90.39,0
1605276600,90.4,90.47,90.25,90.35,0
1605276900,90.36,90.47,90.35,90.4699,0
1605277200,90.41,90.75,90.4,90.65,0
1605277500,90.65,90.7,90.5399,90.55,0
1605277800,90.93350219726562,91.00499725341797,90,90.0199966430664,1846805
1605278100,90.03500366210938,90.66000366210938,89.75,90.08000183105469,784214
1605278400,90.1500015258789,91.18000030517578,89.93000030517578,90.95999908447266,917646
1605278700,91,91.08000183105469,90.48999786376953,90.95249938964844,451329
1605279000,90.91000366210938,91.11000061035156,90.70999908447266,91.01010131835938,626700
1605279300,91.01000213623047,91.44999694824219,90.81999969482422,90.8499984741211,487742
1605279600,90.8499984741211,91,90.31420135498047,90.81999969482422,381863
1605279900,90.83499908447266,91.05000305175781,90.41000366210938,90.41000366210938,287284
1605280200,90.44000244140625,90.51000213623047,89.87000274658203,89.93000030517578,552421
1605280500,89.94000244140625,90.08000183105469,89.48999786376953,89.89469909667969,422229
1605280800,89.9000015258789,90.31999969482422,89.69000244140625,89.87999725341797,445562
1605281100,89.88999938964844,89.9000015258789,89.48999786376953,89.51000213623047,250567
1605281400,89.51000213623047,89.5199966430664,88.69000244140625,88.79000091552734,546125
1605281700,88.78469848632812,88.91500091552734,88.47000122070312,88.70600128173828,240323
1605282000,88.75,89.37000274658203,88.62000274658203,89.30149841308594,184820
1605282300,89.33000183105469,89.44830322265625,89.0199966430664,89.16000366210938,182544
1605282600,89.15499877929688,89.25900268554688,88.44000244140625,88.80999755859375,302103
1605282900,88.81999969482422,88.87999725341797,88.20999908447266,88.5,245585
1605283200,88.51000213623047,88.81999969482422,88.41999816894531,88.79000091552734,184587
1605283500,88.7699966430664,89.06999969482422,88.70999908447266,88.98999786376953,148217
1605283800,89.00499725341797,89.19999694824219,88.97000122070312,89.11000061035156,174662
1605284100,89.11000061035156,89.62000274658203,89.11000061035156,89.41999816894531,181254
1605284400,89.41000366210938,89.83999633789062,89.2699966430664,89.76000213623047,171798
1605284700,89.75499725341797,89.83000183105469,89.5199966430664,89.62999725341797,201027
1605285000,89.62999725341797,89.81999969482422,89.58999633789062,89.80500030517578,183136
1605285300,89.80000305175781,90.04000091552734,89.55999755859375,89.86000061035156,195777
1605285600,89.8550033569336,89.94999694824219,89.66000366210938,89.80999755859375,138360
1605285900,89.79000091552734,90.16000366210938,89.75,90.11799621582031,167424
1605286200,90.12000274658203,90.33999633789062,89.98999786376953,90.06500244140625,148540
1605286500,90.08000183105469,90.25,90.04000091552734,90.21369934082031,280295
1605286800,90.21990203857422,90.2699966430664,89.95999908447266,90.19000244140625,220098
1605287100,90.1500015258789,90.16500091552734,89.83000183105469,89.83999633789062,88288
1605287400,89.86000061035156,90.08999633789062,89.77999877929688,89.95999908447266,115212
1605287700,89.95999908447266,89.9800033569336,89.83000183105469,89.87000274658203,80155
1605288000,89.87000274658203,89.87000274658203,89.66000366210938,89.83000183105469,106091
1605288300,89.87000274658203,90.08999633789062,89.8102035522461,90.05000305175781,92653
1605288600,90.05999755859375,90.19000244140625,89.90599822998047,90.12000274658203,115818
1605288900,90.12999725341797,90.38400268554688,90.12999725341797,90.29000091552734,99235
1605289200,90.30999755859375,90.62999725341797,90.30999755859375,90.55000305175781,164758
1605289500,90.52999877929688,90.63999938964844,90.33000183105469,90.63990020751953,104460
1605289800,90.62000274658203,90.98999786376953,90.5999984741211,90.9800033569336,262757
1605290100,90.97000122070312,91.4000015258789,90.97000122070312,91.3676986694336,475730
1605290400,91.37000274658203,91.37999725341797,91.01000213623047,91.19000244140625,220915
1605290700,91.19000244140625,91.19000244140625,90.79010009765625,91,190839
1605291000,91,91.14700317382812,90.66999816894531,90.66999816894531,283349
1605291300,90.66999816894531,90.9800033569336,90.47019958496094,90.9800033569336,174778
1605291600,90.95999908447266,91.3499984741211,90.91999816894531,91.30999755859375,240313
1605291900,91.30000305175781,91.58000183105469,91.29000091552734,91.37989807128906,232143
1605292200,91.3561019897461,91.38999938964844,90.80999755859375,90.88999938964844,224548
1605292500,90.88999938964844,90.88999938964844,90.4000015258789,90.44000244140625,158186
1605292800,90.43000030517578,91.02300262451172,90.30000305175781,90.41999816894531,160172
1605293100,90.41000366210938,90.52999877929688,90.2699966430664,90.52999877929688,138223
1605293400,90.54000091552734,90.73999786376953,90.5,90.55999755859375,100888
1605293700,90.56999969482422,90.62999725341797,90.3499984741211,90.46499633789062,116313
1605294000,90.4800033569336,90.72000122070312,90.4000015258789,90.47000122070312,211411
1605294300,90.4800033569336,90.80999755859375,90.4800033569336,90.75,140167
1605294600,90.73999786376953,90.77999877929688,90.41000366210938,90.49800109863281,107200
1605294900,90.4800033569336,90.77999877929688,90.4000015258789,90.73999786376953,117266
1605295200,90.74500274658203,90.86000061035156,90.6520004272461,90.70999908447266,121575
1605295500,90.70999908447266,90.70999908447266,90.47000122070312,90.54000091552734,127219
1605295800,90.55000305175781,90.8499984741211,90.55000305175781,90.76000213623047,110591
1605296100,90.73999786376953,90.9800033569336,90.73999786376953,90.8499984741211,133635
1605296400,90.8499984741211,90.98500061035156,90.80000305175781,90.9800033569336,175372
1605296700,90.97000122070312,91.12999725341797,90.71499633789062,90.7300033569336,144894
1605297000,90.72000122070312,90.79000091552734,90.55000305175781,90.55999755859375,95574
1605297300,90.55999755859375,90.75,90.51000213623047,90.625,104155
1605297600,90.62000274658203,91,90.62000274658203,90.9968032836914,139861
1605297900,90.99099731445312,91.02999877929688,90.6500015258789,90.66999816894531,137026
1605298200,90.66500091552734,90.91999816894531,90.5999984741211,90.9000015258789,126744
1605298500,90.87999725341797,90.98989868164062,90.62999725341797,90.93340301513672,181542
1605298800,90.93000030517578,91.23999786376953,90.93000030517578,91.19000244140625,263929
1605299100,91.19000244140625,91.45999908447266,91.19000244140625,91.37000274658203,241700
1605299400,91.37000274658203,91.66169738769531,91.31999969482422,91.61000061035156,343063
1605299700,91.61000061035156,91.7645034790039,91.54000091552734,91.65499877929688,256093
1605300000,91.66000366210938,92.11000061035156,91.5999984741211,92.08999633789062,446186
1605300300,92.11000061035156,92.12999725341797,91.8499984741211,91.98500061035156,382378
1605300600,92,92.19000244140625,91.97000122070312,92.12999725341797,622874
1605300900,92.13999938964844,92.33000183105469,91.9000015258789,92.02999877929688,1062081
1605301200,92.08,92.08,92.08,92.08,588889
1605302100,92.08,92.34,90.593,92.14,0
1605302400,92.33,92.43,90.608,90.608,0
1605302700,92.36,92.6,92.36,92.5,0
1605303000,92.45,92.7,92.45,92.7,0
1605303300,92.71,92.71,91.88,92,0
1605303600,92,92,91.88,91.88,0
1605303900,92,92,91.19,91.46,0
1605304200,91.44,92.08,91.4,91.7,0
1605304500,91.71,92,91.69,91.69,0
1605304800,91.69,92.08,91.69,91.95,0
1605305100,91.7,92,91.7,92,0
1605305400,92.11,92.12,92.1,92.1,0
1605305700,92.13,92.15,92.08,92.1,0
1605306000,92.19,92.28,91.99,91.99,0
1605306300,91.8,92.09,91.8,91.97,0
1605306600,91.9701,91.99,91.97,91.99,0
1605306900,91.98,92.09,91.97,91.97,0
1605307200,92.05,92.15,92.05,92.15,0
1605307500,92.1,92.25,92.1,92.1,0
1605307800,92.16,92.47,92.16,92.47,0
1605308100,92.45,92.48,92.4,92.48,0
1605308400,92.4,92.56,92.4,92.56,0
1605308700,92.67,92.73,92.67,92.7,0
1605309000,92.73,93.13,92.7,93.13,0
1605309300,93.19,93.3,92.95,93,0
1605309600,92.95,93.15,92.93,93.15,0
1605309900,93.15,93.4,93.03,93.37,0
1605310200,93.4,93.8,93.25,93.8,0
1605310500,93.6,93.85,93.2,93.2,0
1605310800,93.1,93.82,93.1,93.33,0
1605311100,93.19,93.4,93.18,93.29,0
1605311400,93.29,93.3,93.29,93.3,0
1605311700,93.33,93.5,93.33,93.5,0
1605312000,93.48,93.66,93.45,93.5,0
1605312300,93.4,93.48,93.36,93.39,0
1605312600,93.36,93.5,93.36,93.45,0
1605312900,93.37,93.45,93.37,93.4,0
1605313200,93.45,93.5,93.45,93.5,0
1605313500,93.5,93.5,93.41,93.41,0
1605313800,93.5,93.6,93.45,93.45,0
1605314100,93.45,93.6,93.41,93.58,0
1605314400,93.52,93.55,93.41,93.41,0
1605314700,93.5,93.52,93.42,93.5,0
1605315000,93.47,93.49,93.45,93.49,0
1605315300,93.46,93.47,93.4,93.46,0
