Date,Open,High,Low,Close,Volume
1605258900,34.68,37.9,34.55,37.44,0
1605259200,37.42,37.8,36.79,37.6,0
1605259500,37.6,38.7,37.6,38.37,0
1605259800,38.36,38.89,38.16,38.66,0
1605260100,38.66,39.5,38.66,39.17,0
1605260400,39.13,39.19,38.25,38.57,0
1605260700,38.51,38.9,37.6,38,0
1605261000,37.99,38.2,37.05,37.6,0
1605261300,37.6,37.98,37.5,37.6,0
1605261600,37.62,37.66,36.85,36.89,0
1605261900,36.86,37,36.05,36.15,0
1605262200,36.13,37.07,35.55,36.7,0
1605262500,36.68,37.24,36.35,37.1,0
1605262800,37.18,37.25,36.5,36.8,0
1605263100,36.8,37.26,36.8,36.98,0
1605263400,36.98,37.68,36.98,37.65,0
1605263700,37.68,38,37.4,37.7,0
1605264000,37.68,38.18,37.65,37.86,0
1605264300,37.85,38.21,37.85,38.21,0
1605264600,38.25,38.35,38.04,38.33,0
1605264900,38.34,38.43,38.22,38.28,0
1605265200,38.22,38.33,37.4,37.79,0
1605265500,37.79,38.1,37.74,38.08,0
1605265800,38.1,38.1,37.8,38.01,0
1605266100,38,38.14,37.9,37.95,0
1605266400,38,38.15,37.96,38.07,0
1605266700,38.1,38.45,38.1,38.2,0
1605267000,38.2,38.46,38.2,38.38,0
1605267300,38.38,38.38,37.96,38.24,0
1605267600,38.24,38.38,38.13,38.13,0
1605267900,38.13,38.23,38.03,38.18,0
1605268200,38.17,38.27,38.12,38.12,0
1605268500,38.15,38.3,37.95,38.3,0
1605268800,38.28,38.67,38.28,38.31,0
1605269100,38.36,38.45,38.05,38.1,0
1605269400,38.18,38.39,37.88,37.89,0
1605269700,37.92,40.33,37.86,40.01,0
1605270000,40.01,40.02,39,39.32,0
1605270300,39.34,40.85,39.34,40.75,0
1605270600,40.76,41.7,40.72,40.8,0
1605270900,40.8,41.47,40.39,41,0
1605271200,41,41.37,40.48,40.97,0
1605271500,40.97,41.7,40.86,41.3,0
1605271800,41.3,41.36,40.88,41.06,0
1605272100,41.1,41.17,40.4,40.6,0
1605272400,40.64,41.23,40.64,41.03,0
1605272700,41.08,41.1,40.8,41.03,0
1605273000,41.02,41.19,40.91,41,0
1605273300,41,41.7,38.22,40.88,0
1605273600,40.8802,41.1,40.65,40.72,0
1605273900,40.72,40.75,40.11,40.31,0
1605274200,40.31,40.82,39.88,39.92,0
1605274500,39.9,39.98,39.3,39.8002,0
1605274800,39.85,39.92,39.5,39.69,0
1605275100,39.68,39.71,38.56,39.02,0
1605275400,39.0302,39.47,38.25,38.6,0
1605275700,38.61,38.79,37.59,37.83,0
1605276000,37.75,38.17,37.13,37.64,0
1605276300,37.65,38.31,37.32,38.29,0
1605276600,38.3,38.34,37.51,37.73,0
1605276900,37.7,37.85,36.66,36.68,0
1605277200,36.68,37.23,36.39,36.86,0
1605277500,36.8602,37.62,36.8,37.6,0
1605277800,38,40.80550003051758,38,39.709999084472656,29308206
1605278100,39.79999923706055,40.599998474121094,38.54999923706055,39.275001525878906,6760699
1605278400,39.275001525878906,39.38999938964844,37.560001373291016,38.45000076293945,5599412
1605278700,38.46500015258789,39.650001525878906,38,39.45000076293945,3684564
1605279000,39.435001373291016,39.58000183105469,38.43000030517578,38.730098724365234,2867721
1605279300,38.790000915527344,40.29999923706055,38.66999816894531,39.599998474121094,4458421
1605279600,39.679901123046875,39.70000076293945,38.68000030517578,39.09000015258789,2429981
1605279900,39.08000183105469,39.380001068115234,38.11000061035156,38.43000030517578,2623050
1605280200,38.43000030517578,38.432098388671875,36.66999816894531,37.474998474121094,5130687
1605280500,37.5,38.380001068115234,37.31999969482422,38.33000183105469,3401176
1605280800,38.33000183105469,38.339900970458984,37,37.04999923706055,2496376
1605281100,37.060001373291016,37.2599983215332,36.04999923706055,36.459999084472656,4152591
1605281400,36.47999954223633,36.56999969482422,35.61000061035156,35.97999954223633,3818924
1605281700,35.939998626708984,36.189998626708984,33.119998931884766,33.33000183105469,5240925
1605282000,33.27000045776367,35.45000076293945,33.11000061035156,34.790000915527344,5763940
1605282300,34.720001220703125,34.9900016784668,33.349998474121094,33.595001220703125,2831796
1605282600,33.54010009765625,34.20000076293945,30.770000457763672,32.97880172729492,6518406
1605282900,32.970001220703125,33.09000015258789,31.329999923706055,32.220001220703125,4304851
1605283200,32.2400016784668,33.54999923706055,31.020000457763672,33.47999954223633,4127238
1605283500,33.4900016784668,34.45000076293945,33.0099983215332,33.52000045776367,3697938
1605283800,33.52000045776367,34.77000045776367,33.11000061035156,34.56999969482422,2615580
1605284100,34.58000183105469,34.77000045776367,33.83000183105469,34.470001220703125,2288675
1605284400,34.459999084472656,34.650001525878906,33.630001068115234,34.029998779296875,1881754
1605284700,34.029998779296875,34.20000076293945,32.86000061035156,33.05500030517578,1648761
1605285000,33.03670120239258,33.650001525878906,32.7599983215332,33.4900016784668,1211243
1605285300,33.50379943847656,33.650001525878906,32.79999923706055,33.060001373291016,1052263
1605285600,33.06999969482422,33.45000076293945,32.81999969482422,33.150001525878906,1039324
1605285900,33.119998931884766,34.25,32.939998626708984,33.88999938964844,1813513
1605286200,33.900001525878906,34.119998931884766,33.439998626708984,33.70009994506836,795325
1605286500,33.70650100708008,33.97999954223633,33.150001525878906,33.5,858007
1605286800,33.459999084472656,33.5,32.970001220703125,32.9900016784668,823155
1605287100,33,33,32.08000183105469,32.66999816894531,1619942
1605287400,32.70000076293945,33.2400016784668,32.349998474121094,32.435001373291016,1246682
1605287700,32.4547004699707,32.790000915527344,32.04999923706055,32.08000183105469,1098617
1605288000,32.060001373291016,32.75,31.68000030517578,32.67499923706055,1495693
1605288300,32.70000076293945,32.7400016784668,32.22999954223633,32.32899856567383,632481
1605288600,32.345001220703125,33.41999816894531,32.119998931884766,33.16999816894531,1244651
1605288900,33.16999816894531,34.0099983215332,33.1411018371582,33.39500045776367,1771447
1605289200,33.39500045776367,33.900001525878906,33.349998474121094,33.53499984741211,789609
1605289500,33.510101318359375,33.79999923706055,33.29999923706055,33.47999954223633,758686
1605289800,33.5,34.16999816894531,33.41999816894531,34.10649871826172,1022008
1605290100,34.11000061035156,34.29999923706055,33.599998474121094,33.869998931884766,913161
1605290400,33.845001220703125,33.93000030517578,33.06999969482422,33.43659973144531,788250
1605290700,33.43000030517578,33.61000061035156,33.369998931884766,33.4900016784668,439714
1605291000,33.4900016784668,33.54999923706055,33.11000061035156,33.119998931884766,512331
1605291300,33.150001525878906,33.154998779296875,32.779998779296875,32.880001068115234,671687
1605291600,32.83000183105469,33.4900016784668,32.79999923706055,33.130001068115234,615706
1605291900,33.15999984741211,33.599998474121094,33.12009811401367,33.19499969482422,428188
1605292200,33.19499969482422,33.38990020751953,32.77000045776367,32.827999114990234,410653
1605292500,32.771400451660156,33.34000015258789,32.760101318359375,33.15869903564453,509444
1605292800,33.17499923706055,33.20000076293945,32.70000076293945,32.80580139160156,553201
1605293100,32.82500076293945,32.900001525878906,32.3307991027832,32.4900016784668,681907
1605293400,32.49399948120117,33.20000076293945,32.349998474121094,32.890201568603516,689292
1605293700,32.8849983215332,32.8849983215332,32.22999954223633,32.3494987487793,765004
1605294000,32.310001373291016,32.61000061035156,32.08000183105469,32.1156005859375,675563
1605294300,32.150001525878906,32.459999084472656,31.65999984741211,31.670000076293945,1412917
1605294600,31.738399505615234,32.25,31.670000076293945,32,951012
1605294900,31.969999313354492,32.5,31.899999618530273,32.005001068115234,669777
1605295200,32.00600051879883,32.27000045776367,31.700000762939453,31.90019989013672,847335
1605295500,31.90999984741211,31.90999984741211,31,31.299999237060547,1494257
1605295800,31.25349998474121,31.639999389648438,31.079999923706055,31.5,862420
1605296100,31.40999984741211,31.489999771118164,30.690000534057617,31,1357831
1605296400,30.993999481201172,31.229999542236328,30.600000381469727,30.600000381469727,858172
1605296700,30.600099563598633,31,30.110000610351562,30.69499969482422,1797434
1605297000,30.65999984741211,31.1299991607666,30.360000610351562,30.79990005493164,1366149
1605297300,30.774999618530273,31.299999237060547,30.530000686645508,30.649999618530273,1224505
1605297600,30.6830997467041,30.989999771118164,30.350000381469727,30.579999923706055,813363
1605297900,30.649900436401367,30.84000015258789,30.420000076293945,30.433700561523438,689911
1605298200,30.459999084472656,30.979999542236328,30.229999542236328,30.950000762939453,1115993
1605298500,30.950000762939453,31.25,30.75,30.799999237060547,1116897
1605298800,30.799999237060547,31.219999313354492,30.75,31.219999313354492,737560
1605299100,31.21500015258789,31.440000534057617,30.920000076293945,31.08989906311035,1047481
1605299400,31.08989906311035,31.399999618530273,30.81999969482422,31.350000381469727,840027
1605299700,31.350000381469727,31.360000610351562,30.850000381469727,30.864999771118164,702360
1605300000,30.8700008392334,31.190000534057617,30.850000381469727,31.04010009765625,472692
1605300300,31.048500061035156,31.420000076293945,30.940000534057617,31.350000381469727,836340
1605300600,31.350000381469727,31.520000457763672,31.149999618530273,31.209999084472656,814529
1605300900,31.25,31.309999465942383,31.110000610351562,31.145700454711914,851487
1605301200,31.2,31.2,31.2,31.2,290930
1605302100,31.2,31.2,30.9,31.05,0
1605302400,31.1,31.25,31.1,31.25,0
1605302700,31.24,31.38,31.05,31.1,0
1605303000,31.1,31.11,30.75,30.77,0
1605303300,30.77,30.83,30.55,30.65,0
1605303600,30.69,30.88,30.52,30.79,0
1605303900,30.85,30.86,30.69,30.69,0
1605304200,30.69,31.2,30.55,30.59,0
1605304500,30.6,30.75,30.59,30.62,0
1605304800,30.63,31.2,30.56,30.6,0
1605305100,30.6,30.6,30.5,30.57,0
1605305400,30.56,30.57,30.51,30.57,0
1605305700,30.56,30.65,30.54,30.65,0
1605306000,30.62,30.65,30.55,30.6,0
1605306300,30.6,30.73,30.6,30.6501,0
1605306600,30.67,30.67,30.4,30.45,0
1605306900,30.41,30.45,30.3,30.41,0
1605307200,30.49,30.49,30.38,30.45,0
1605307500,30.45,31.2,30.4,30.4501,0
1605307800,30.46,30.6,30.45,30.59,0
1605308100,30.55,30.63,30.55,30.6,0
1605308400,30.6,30.65,30.6,30.64,0
1605308700,30.65,30.65,30.59,30.61,0
1605309000,30.61,30.61,30.46,30.52,0
1605309300,30.58,30.59,30.48,30.48,0
1605309600,30.51,30.59,30.47,30.47,0
1605309900,30.47,30.48,30.3,30.3,0
1605310200,30.3,30.46,30.25,30.4,0
1605310500,30.38,30.45,30.36,30.36,0
1605310800,30.36,30.4,30.33,30.4,0
1605311100,30.45,30.46,30.37,30.39,0
1605311400,30.4,30.4,30.38,30.38,0
1605311700,30.38,30.45,30.38,30.45,0
1605312000,30.45,30.46,30.1,30.28,0
1605312300,30.24,30.39,30.17,30.2,0
1605312600,30.2,30.25,30.17,30.23,0
1605312900,30.24,30.25,30.15,30.15,0
1605313200,30.17,30.18,30.12,30.12,0
1605313500,30.17,30.41,30.13,30.29,0
1605313800,30.29,30.37,30.26,30.37,0
1605314100,30.37,30.43,30.35,30.35,0
1605314400,30.31,30.37,30.12,30.15,0
1605314700,30.2,30.2,30.15,30.1799,0
1605315000,30.1701,30.33,30.15,30.33,0
1605315300,30.31,30.39,30.25,30.39,0
