Date,Open,High,Low,Close,Volume
1605261600,7.12,7.14,7.09,7.09,0
1605264000,7.16,7.16,7.09,7.11,0
1605265500,7.13,7.15,7.13,7.15,0
1605266100,7.16,7.17,7.16,7.17,0
1605266400,7.17,7.17,7.17,7.17,0
1605266700,7.16,7.16,7.16,7.16,0
1605267300,7.16,7.16,7.15,7.15,0
1605269700,7.15,7.15,7.09,7.1,0
1605270000,7.1,7.1,7.1,7.1,0
1605270300,7.11,7.11,7.11,7.11,0
1605270600,7.1,7.11,7.1,7.11,0
1605270900,7.1,7.1,7.1,7.1,0
1605271200,7.1,7.1,7.1,7.1,0
1605271500,7.11,7.12,7.11,7.12,0
1605271800,7.13,7.13,7.09,7.09,0
1605272100,7.12,7.12,7.12,7.12,0
1605272400,7.12,7.12,7.1,7.1,0
1605272700,7.11,7.11,7.1,7.1,0
1605273000,7.1,7.1,7.1,7.1,0
1605273300,7.1199,7.14,7.09,7.1,0
1605273600,7.1,7.1,7.09,7.09,0
1605273900,7.09,7.09,7.06,7.08,0
1605274200,7.06,7.09,7.06,7.09,0
1605274500,7.09,7.1,7.0802,7.0902,0
1605274800,7.1,7.11,7.1,7.1,0
1605275100,7.11,7.12,7.11,7.12,0
1605275400,7.11,7.13,7.11,7.11,0
1605275700,7.1,7.12,7.1,7.12,0
1605276000,7.11,7.1199,7.11,7.1199,0
1605276300,7.1002,7.1002,7.1002,7.1002,0
1605276600,7.1099,7.11,7.1,7.11,0
1605276900,7.11,7.11,7.1,7.1,0
1605277200,7.11,7.11,7.09,7.09,0
1605277500,7.0999,7.1,7.08,7.0802,0
1605277800,7.070000171661377,7.110000133514404,7.03000020980835,7.070000171661377,1019463
1605278100,7.079999923706055,7.079999923706055,7,7.045000076293945,633402
1605278400,7.045000076293945,7.059999942779541,7,7.004000186920166,623559
1605278700,7.005000114440918,7.039999961853027,6.96999979019165,7.03000020980835,802621
1605279000,7.039400100708008,7.070000171661377,7,7.0370001792907715,487036
1605279300,7.039999961853027,7.110000133514404,7.019999980926514,7.105000019073486,564794
1605279600,7.105000019073486,7.159999847412109,7.090000152587891,7.15500020980835,681335
1605279900,7.15500020980835,7.21999979019165,7.139999866485596,7.210000038146973,920514
1605280200,7.204999923706055,7.260000228881836,7.199999809265137,7.215000152587891,767842
1605280500,7.210000038146973,7.239999771118164,7.179999828338623,7.184999942779541,564856
1605280800,7.190000057220459,7.199999809265137,7.170000076293945,7.184999942779541,351908
1605281100,7.184999942779541,7.190000057220459,7.159999847412109,7.164999961853027,198899
1605281400,7.164999961853027,7.230000019073486,7.164999961853027,7.215000152587891,346197
1605281700,7.215000152587891,7.230000019073486,7.179999828338623,7.190000057220459,355483
1605282000,7.190000057220459,7.190000057220459,7.170000076293945,7.170000076293945,205406
1605282300,7.173500061035156,7.179999828338623,7.119999885559082,7.125,224086
1605282600,7.119999885559082,7.150000095367432,7.119999885559082,7.137899875640869,206409
1605282900,7.130000114440918,7.139999866485596,7.110000133514404,7.125,209196
1605283200,7.125,7.130000114440918,7.099999904632568,7.114999771118164,243836
1605283500,7.114999771118164,7.1479997634887695,7.114999771118164,7.1479997634887695,165072
1605283800,7.14769983291626,7.159999847412109,7.099999904632568,7.114999771118164,222210
1605284100,7.119999885559082,7.139999866485596,7.114999771118164,7.135000228881836,108551
1605284400,7.130000114440918,7.148099899291992,7.119999885559082,7.125,212908
1605284700,7.130000114440918,7.150000095367432,7.110000133514404,7.1417999267578125,181609
1605285000,7.144999980926514,7.190000057220459,7.139999866485596,7.184999942779541,241358
1605285300,7.184999942779541,7.199999809265137,7.14169979095459,7.184999942779541,298545
1605285600,7.196599960327148,7.25,7.191800117492676,7.240099906921387,426678
1605285900,7.241600036621094,7.25,7.199999809265137,7.215000152587891,267686
1605286200,7.210000038146973,7.21999979019165,7.199999809265137,7.215000152587891,209188
1605286500,7.210000038146973,7.230000019073486,7.199999809265137,7.224999904632568,185770
1605286800,7.223999977111816,7.260000228881836,7.21999979019165,7.257999897003174,260033
1605287100,7.255000114440918,7.289999961853027,7.25,7.260000228881836,291753
1605287400,7.264999866485596,7.309999942779541,7.244999885559082,7.304999828338623,342870
1605287700,7.304999828338623,7.324999809265137,7.295000076293945,7.295000076293945,302375
1605288000,7.295000076293945,7.309999942779541,7.260000228881836,7.266600131988525,184181
1605288300,7.264999866485596,7.300000190734863,7.260000228881836,7.295000076293945,170279
1605288600,7.295000076293945,7.340000152587891,7.295000076293945,7.335000038146973,404546
1605288900,7.3317999839782715,7.340000152587891,7.329999923706055,7.329999923706055,258527
1605289200,7.329999923706055,7.330100059509277,7.304999828338623,7.304999828338623,271656
1605289500,7.304999828338623,7.329999923706055,7.304999828338623,7.324999809265137,116587
1605289800,7.320000171661377,7.338799953460693,7.300000190734863,7.315000057220459,188720
1605290100,7.320000171661377,7.320000171661377,7.28000020980835,7.284999847412109,234288
1605290400,7.289999961853027,7.289999961853027,7.25,7.255000114440918,239430
1605290700,7.255000114440918,7.28000020980835,7.255000114440918,7.260000228881836,180997
1605291000,7.264999866485596,7.264999866485596,7.194399833679199,7.194399833679199,289609
1605291300,7.195000171661377,7.239999771118164,7.190000057220459,7.239999771118164,229174
1605291600,7.239999771118164,7.289999961853027,7.230000019073486,7.255199909210205,304823
1605291900,7.25,7.269999980926514,7.25,7.255000114440918,103118
1605292200,7.255000114440918,7.260000228881836,7.21999979019165,7.224999904632568,115592
1605292500,7.226600170135498,7.25,7.21999979019165,7.244999885559082,192048
1605292800,7.244999885559082,7.260000228881836,7.230000019073486,7.255000114440918,139859
1605293100,7.255000114440918,7.269999980926514,7.239999771118164,7.239999771118164,142688
1605293400,7.244999885559082,7.25,7.21999979019165,7.21999979019165,97224
1605293700,7.21999979019165,7.230000019073486,7.195000171661377,7.204999923706055,188800
1605294000,7.20550012588501,7.21999979019165,7.199999809265137,7.204999923706055,217973
1605294300,7.204999923706055,7.210000038146973,7.190000057220459,7.190000057220459,184909
1605294600,7.195000171661377,7.210000038146973,7.184999942779541,7.195000171661377,215609
1605294900,7.192299842834473,7.204999923706055,7.179999828338623,7.184999942779541,201538
1605295200,7.184999942779541,7.199999809265137,7.179999828338623,7.195000171661377,105548
1605295500,7.195000171661377,7.199999809265137,7.179999828338623,7.179999828338623,104598
1605295800,7.190000057220459,7.21999979019165,7.179999828338623,7.215000152587891,432183
1605296100,7.210100173950195,7.230000019073486,7.210000038146973,7.224999904632568,190100
1605296400,7.224999904632568,7.239999771118164,7.21999979019165,7.21999979019165,307483
1605296700,7.222099781036377,7.230000019073486,7.210000038146973,7.215000152587891,181253
1605297000,7.210000038146973,7.25,7.210000038146973,7.244999885559082,175976
1605297300,7.244999885559082,7.28000020980835,7.239999771118164,7.275000095367432,354030
1605297600,7.275000095367432,7.289999961853027,7.260000228881836,7.275000095367432,242123
1605297900,7.277699947357178,7.28000020980835,7.269999980926514,7.275000095367432,130110
1605298200,7.28000020980835,7.295000076293945,7.260000228881836,7.295000076293945,271464
1605298500,7.295000076293945,7.300000190734863,7.289999961853027,7.295000076293945,112727
1605298800,7.300000190734863,7.309999942779541,7.282100200653076,7.295000076293945,279128
1605299100,7.300000190734863,7.300000190734863,7.289999961853027,7.300000190734863,117729
1605299400,7.295000076293945,7.320000171661377,7.295000076293945,7.315000057220459,274979
1605299700,7.315000057220459,7.329999923706055,7.315000057220459,7.324999809265137,294100
1605300000,7.324999809265137,7.360000133514404,7.322400093078613,7.355000019073486,391639
1605300300,7.360000133514404,7.380000114440918,7.349999904632568,7.355000019073486,658960
1605300600,7.355000019073486,7.360000133514404,7.309999942779541,7.315000057220459,663071
1605300900,7.315000057220459,7.360000133514404,7.309999942779541,7.349999904632568,1010304
1605301200,7.355,7.36,7.355,7.36,706018
1605302100,7.36,7.36,7.34,7.35,0
1605302400,7.32,7.35,7.32,7.34,0
1605302700,7.34,7.35,7.34,7.34,0
1605303000,7.34,7.35,7.34,7.34,0
1605303300,7.35,7.35,7.34,7.34,0
1605303600,7.34,7.34,7.34,7.34,0
1605304200,7.34,7.36,7.31,7.36,0
1605304500,7.33,7.33,7.31,7.33,0
1605304800,7.33,7.34,7.33,7.34,0
1605305100,7.34,7.34,7.3398,7.3398,0
1605305400,7.3399,7.34,7.33,7.34,0
1605305700,7.33,7.35,7.31,7.35,0
1605306000,7.35,7.37,7.31,7.35,0
1605306300,7.37,7.37,7.35,7.37,0
1605306600,7.36,7.37,7.36,7.37,0
1605306900,7.37,7.37,7.36,7.36,0
1605307200,7.3698,7.3698,7.36,7.36,0
1605307500,7.35,7.35,7.35,7.35,0
1605307800,7.36,7.36,7.35,7.35,0
1605308100,7.35,7.37,7.35,7.37,0
1605308400,7.37,7.37,7.37,7.37,0
1605308700,7.36,7.36,7.36,7.36,0
1605309000,7.36,7.36,7.36,7.36,0
1605309300,7.36,7.36,7.36,7.36,0
1605309600,7.36,7.36,7.3599,7.3599,0
1605309900,7.36,7.36,7.35,7.35,0
1605310200,7.36,7.36,7.36,7.36,0
1605310500,7.36,7.37,7.36,7.37,0
1605310800,7.37,7.37,7.36,7.36,0
1605311100,7.36,7.36,7.36,7.36,0
1605311400,7.36,7.37,7.36,7.37,0
1605311700,7.37,7.37,7.37,7.37,0
1605312000,7.37,7.37,7.36,7.37,0
1605312300,7.37,7.37,7.33,7.33,0
1605312900,7.36,7.36,7.34,7.34,0
1605313500,7.36,7.36,7.3599,7.36,0
1605314100,7.35,7.36,7.34,7.34,0
1605314400,7.36,7.37,7.36,7.37,0
1605314700,7.37,7.37,7.36,7.36,0
1605315000,7.37,7.38,7.37,7.38,0
1605315300,7.38,7.38,7.36,7.37,0
