Date,Open,High,Low,Close,Volume
1605269700,23.9,23.9,23.9,23.9,0
1605270300,23.85,23.85,23.85,23.85,0
1605271200,23.9,23.9,23.9,23.9,0
1605271500,23.88,23.88,23.88,23.88,0
1605271800,23.91,23.91,23.91,23.91,0
1605272400,24,24,24,24,0
1605273300,23.86,24.01,23.86,24.01,0
1605273600,23.95,23.95,23.95,23.95,0
1605273900,23.95,23.95,23.91,23.91,0
1605274200,23.9,23.9,23.75,23.75,0
1605274500,23.85,23.86,23.84,23.85,0
1605274800,23.7602,23.7602,23.7602,23.7602,0
1605275100,23.77,23.78,23.75,23.75,0
1605275400,23.75,23.75,23.69,23.69,0
1605275700,23.81,23.82,23.81,23.82,0
1605276600,23.7,23.78,23.5651,23.78,0
1605276900,23.6,23.74,23.6,23.73,0
1605277200,23.68,23.69,23.68,23.69,0
1605277800,23.719999313354492,24.229999542236328,23.719999313354492,24.0231990814209,600159
1605278100,24.030000686645508,24.135000228881836,23.84000015258789,24.12350082397461,167924
1605278400,24.1299991607666,24.274999618530273,24.040000915527344,24.25,285064
1605278700,24.2450008392334,24.31999969482422,24.15999984741211,24.290000915527344,145949
1605279000,24.299999237060547,24.360000610351562,24.229999542236328,24.350000381469727,201331
1605279300,24.360000610351562,24.4950008392334,24.360000610351562,24.4950008392334,173459
1605279600,24.489999771118164,24.549999237060547,24.3799991607666,24.459999084472656,271088
1605279900,24.450000762939453,24.584999084472656,24.440000534057617,24.55500030517578,124302
1605280200,24.559999465942383,24.579999923706055,24.489999771118164,24.524999618530273,146811
1605280500,24.524999618530273,24.54010009765625,24.40999984741211,24.424999237060547,110551
1605280800,24.420000076293945,24.420000076293945,24.32159996032715,24.360000610351562,105847
1605281100,24.356199264526367,24.427000045776367,24.32159996032715,24.42490005493164,80646
1605281400,24.420000076293945,24.459999084472656,24.389999389648438,24.440000534057617,106003
1605281700,24.440000534057617,24.454099655151367,24.3700008392334,24.405000686645508,108271
1605282000,24.405000686645508,24.5,24.389999389648438,24.4950008392334,87292
1605282300,24.5,24.514999389648438,24.475000381469727,24.514999389648438,74035
1605282600,24.517000198364258,24.600000381469727,24.517000198364258,24.600000381469727,56285
1605282900,24.59160041809082,24.610000610351562,24.540000915527344,24.579999923706055,99788
1605283200,24.59000015258789,24.68000030517578,24.579999923706055,24.662500381469727,82981
1605283500,24.666200637817383,24.700000762939453,24.639999389648438,24.670000076293945,76070
1605283800,24.665000915527344,24.75,24.639999389648438,24.7450008392334,65133
1605284100,24.75,24.799999237060547,24.739999771118164,24.774999618530273,147257
1605284400,24.770000457763672,24.920000076293945,24.770000457763672,24.920000076293945,251817
1605284700,24.90999984741211,24.969999313354492,24.860000610351562,24.90839958190918,188135
1605285000,24.90999984741211,25.049999237060547,24.889999389648438,25.0049991607666,264258
1605285300,25.0049991607666,25.100000381469727,24.989999771118164,25.079999923706055,163330
1605285600,25.09000015258789,25.149999618530273,25.079999923706055,25.1299991607666,113744
1605285900,25.1200008392334,25.209999084472656,25.108400344848633,25.149999618530273,117709
1605286200,25.145000457763672,25.2450008392334,25.135000228881836,25.222900390625,145431
1605286500,25.225000381469727,25.290000915527344,25.204999923706055,25.273000717163086,320946
1605286800,25.274999618530273,25.649999618530273,25.274999618530273,25.584999084472656,621445
1605287100,25.584999084472656,25.68549919128418,25.540000915527344,25.628400802612305,330576
1605287400,25.6200008392334,25.649999618530273,25.575000762939453,25.625,210028
1605287700,25.6299991607666,25.65999984741211,25.549999237060547,25.575000762939453,244384
1605288000,25.579999923706055,25.639999389648438,25.385499954223633,25.434999465942383,326773
1605288300,25.440000534057617,25.459999084472656,25.389999389648438,25.40999984741211,107853
1605288600,25.399999618530273,25.420000076293945,25.34000015258789,25.40570068359375,149384
1605288900,25.40999984741211,25.43000030517578,25.299999237060547,25.299999237060547,101026
1605289200,25.300800323486328,25.329999923706055,25.280000686645508,25.299999237060547,186554
1605289500,25.29840087890625,25.329999923706055,25.270000457763672,25.31999969482422,130520
1605289800,25.329999923706055,25.3799991607666,25.32430076599121,25.350000381469727,119033
1605290100,25.360000610351562,25.389999389648438,25.299999237060547,25.365400314331055,68576
1605290400,25.3700008392334,25.375,25.290000915527344,25.299999237060547,59520
1605290700,25.299999237060547,25.3700008392334,25.295000076293945,25.33099937438965,69660
1605291000,25.334999084472656,25.34000015258789,25.280000686645508,25.290000915527344,81904
1605291300,25.28499984741211,25.327699661254883,25.28499984741211,25.31999969482422,41975
1605291600,25.309999465942383,25.334999084472656,25.290000915527344,25.31369972229004,111409
1605291900,25.309999465942383,25.399999618530273,25.309999465942383,25.389999389648438,118424
1605292200,25.395000457763672,25.46500015258789,25.34000015258789,25.344999313354492,83890
1605292500,25.344999313354492,25.405000686645508,25.331600189208984,25.399999618530273,76537
1605292800,25.409900665283203,25.40999984741211,25.350000381469727,25.404300689697266,113633
1605293100,25.399999618530273,25.434999465942383,25.360000610351562,25.37299919128418,62656
1605293400,25.374399185180664,25.399999618530273,25.3700008392334,25.395000457763672,45076
1605293700,25.389999389648438,25.44540023803711,25.375,25.43000030517578,61262
1605294000,25.440000534057617,25.489999771118164,25.424999237060547,25.429899215698242,110660
1605294300,25.43000030517578,25.440000534057617,25.405000686645508,25.424999237060547,65602
1605294600,25.421499252319336,25.440000534057617,25.344999313354492,25.354999542236328,100817
1605294900,25.360000610351562,25.364999771118164,25.309999465942383,25.334999084472656,88133
1605295200,25.34000015258789,25.420000076293945,25.34000015258789,25.385000228881836,87896
1605295500,25.385000228881836,25.385000228881836,25.290000915527344,25.325000762939453,85964
1605295800,25.325000762939453,25.34630012512207,25.295000076293945,25.299999237060547,58102
1605296100,25.299999237060547,25.40999984741211,25.299999237060547,25.40999984741211,68661
1605296400,25.40839958190918,25.450000762939453,25.3799991607666,25.441600799560547,111000
1605296700,25.44499969482422,25.514999389648438,25.44499969482422,25.489999771118164,209742
1605297000,25.5,25.59000015258789,25.489999771118164,25.579999923706055,170239
1605297300,25.575000762939453,25.68899917602539,25.56999969482422,25.635000228881836,295639
1605297600,25.6299991607666,25.700000762939453,25.6299991607666,25.665000915527344,150765
1605297900,25.670000076293945,25.674999237060547,25.6200008392334,25.670000076293945,118272
1605298200,25.670000076293945,25.690000534057617,25.624099731445312,25.68000030517578,178973
1605298500,25.68000030517578,25.690000534057617,25.6299991607666,25.670000076293945,103770
1605298800,25.670000076293945,25.700000762939453,25.6299991607666,25.639999389648438,267047
1605299100,25.635000228881836,25.719999313354492,25.6299991607666,25.709999084472656,218436
1605299400,25.709999084472656,25.75,25.665000915527344,25.700000762939453,225819
1605299700,25.703100204467773,25.7450008392334,25.690000534057617,25.735000610351562,241043
1605300000,25.735000610351562,25.809999465942383,25.729999542236328,25.80500030517578,430568
1605300300,25.809999465942383,25.8799991607666,25.80500030517578,25.84000015258789,472612
1605300600,25.829999923706055,25.84000015258789,25.729999542236328,25.80500030517578,805251
1605300900,25.80500030517578,25.899999618530273,25.780000686645508,25.899999618530273,1546446
1605301200,25.9,25.9,25.9,25.9,679951
1605302100,25.9,25.92,25.87,25.9,0
1605302400,25.87,25.89,25.8,25.8,0
1605302700,25.76,25.88,25.293,25.88,0
1605303000,25.81,25.86,25.76,25.85,0
1605303300,25.83,25.85,25.83,25.85,0
1605303600,25.8,25.86,25.8,25.85,0
1605303900,25.8598,25.88,25.82,25.82,0
1605304200,25.82,25.9,25.8102,25.8102,0
1605304500,25.8102,25.8102,25.8102,25.8102,0
1605304800,25.8102,25.8102,25.8102,25.8102,0
1605305100,25.81,25.9,25.79,25.89,0
1605305400,25.9,25.95,25.9,25.95,0
1605305700,25.92,25.95,25.92,25.95,0
1605306000,25.97,25.98,25.92,25.9202,0
1605306300,25.92,25.99,25.92,25.9898,0
1605306600,25.93,25.93,25.92,25.92,0
1605306900,25.92,25.92,25.92,25.92,0
1605307200,25.9001,25.93,25.9,25.93,0
1605307500,25.9,25.9,25.9,25.9,0
1605307800,25.83,25.83,25.83,25.83,0
1605308100,25.93,25.95,25.93,25.95,0
1605309000,25.9,25.9,25.9,25.9,0
1605309600,25.94,25.94,25.91,25.91,0
1605309900,25.91,25.9699,25.91,25.9699,0
1605310200,25.9,25.9,25.9,25.9,0
1605310500,25.9,25.96,25.9,25.9,0
1605310800,25.9,25.95,25.9,25.95,0
1605311100,25.9499,25.9499,25.9499,25.9499,0
1605311400,25.95,25.95,25.95,25.95,0
1605311700,25.9,25.9,25.9,25.9,0
1605312000,25.9,25.95,25.9,25.95,0
1605312300,25.95,25.95,25.95,25.95,0
1605312600,25.9001,25.9001,25.9,25.9,0
1605313500,25.82,25.82,25.82,25.82,0
1605314400,25.81,25.81,25.81,25.81,0
1605314700,25.85,25.85,25.85,25.85,0
1605315000,25.83,25.83,25.83,25.83,0
1605315300,25.84,25.84,25.84,25.84,0
