Date,Open,High,Low,Close,Volume
1605264000,4.75,4.75,4.75,4.75,0
1605270000,4.86,4.86,4.86,4.86,0
1605270300,4.87,4.87,4.87,4.87,0
1605270600,4.88,4.88,4.87,4.87,0
1605270900,4.87,4.87,4.87,4.87,0
1605271500,4.89,4.89,4.89,4.89,0
1605272100,4.88,4.88,4.87,4.87,0
1605273000,4.87,4.87,4.87,4.87,0
1605273300,4.8899,4.89,4.85,4.8501,0
1605273600,4.86,4.86,4.86,4.86,0
1605273900,4.86,4.86,4.85,4.8501,0
1605274500,4.85,4.85,4.85,4.85,0
1605274800,4.85,4.86,4.85,4.86,0
1605275100,4.86,4.86,4.8599,4.86,0
1605275400,4.86,4.86,4.86,4.86,0
1605275700,4.85,4.86,4.85,4.86,0
1605276000,4.8599,4.8599,4.85,4.85,0
1605276300,4.8599,4.8599,4.8599,4.8599,0
1605276600,4.8499,4.85,4.84,4.85,0
1605276900,4.8402,4.87,4.84,4.87,0
1605277200,4.86,4.87,4.84,4.84,0
1605277500,4.86,4.89,4.86,4.89,0
1605277800,4.869999885559082,4.940000057220459,4.860000133514404,4.920000076293945,989920
1605278100,4.927599906921387,4.934999942779541,4.880000114440918,4.920000076293945,448972
1605278400,4.914999961853027,4.96999979019165,4.914999961853027,4.945199966430664,714394
1605278700,4.945000171661377,4.960000038146973,4.920000076293945,4.960000038146973,244498
1605279000,4.95389986038208,4.960000038146973,4.920000076293945,4.960000038146973,305225
1605279300,4.954999923706055,4.989999771118164,4.949999809265137,4.978300094604492,514306
1605279600,4.9781999588012695,4.989999771118164,4.960000038146973,4.989999771118164,251470
1605279900,4.989999771118164,4.997600078582764,4.954999923706055,4.989999771118164,342412
1605280200,4.9882001876831055,5.010000228881836,4.949999809265137,4.949999809265137,395055
1605280500,4.954999923706055,4.980000019073486,4.949999809265137,4.969799995422363,269843
1605280800,4.96999979019165,4.980000019073486,4.949999809265137,4.974400043487549,257879
1605281100,4.980000019073486,5,4.960000038146973,4.989999771118164,344340
1605281400,4.985000133514404,4.994999885559082,4.954999923706055,4.965000152587891,214424
1605281700,4.965000152587891,4.965000152587891,4.929999828338623,4.944799900054932,301628
1605282000,4.945000171661377,4.980000019073486,4.942399978637695,4.960000038146973,181994
1605282300,4.965000152587891,4.96999979019165,4.940000057220459,4.945000171661377,173672
1605282600,4.949999809265137,4.96999979019165,4.945000171661377,4.9644999504089355,354054
1605282900,4.965000152587891,4.96999979019165,4.929999828338623,4.934999942779541,385032
1605283200,4.930099964141846,4.940000057220459,4.920000076293945,4.925000190734863,141273
1605283500,4.920000076293945,4.927000045776367,4.90500020980835,4.917799949645996,159752
1605283800,4.920000076293945,4.929999828338623,4.909999847412109,4.925000190734863,77962
1605284100,4.929999828338623,4.929999828338623,4.900000095367432,4.909999847412109,108034
1605284400,4.909999847412109,4.929999828338623,4.90500020980835,4.914999961853027,190880
1605284700,4.920000076293945,4.940000057220459,4.909999847412109,4.940000057220459,219991
1605285000,4.940000057220459,4.945000171661377,4.929999828338623,4.929999828338623,288494
1605285300,4.934999942779541,4.934999942779541,4.909999847412109,4.929999828338623,87632
1605285600,4.929999828338623,4.940000057220459,4.920000076293945,4.938700199127197,103644
1605285900,4.935299873352051,4.940000057220459,4.920000076293945,4.925000190734863,131101
1605286200,4.925000190734863,4.940000057220459,4.920000076293945,4.929999828338623,95694
1605286500,4.925000190734863,4.929999828338623,4.909999847412109,4.920000076293945,142200
1605286800,4.920000076293945,4.929999828338623,4.909999847412109,4.925000190734863,102141
1605287100,4.922900199890137,4.929999828338623,4.920000076293945,4.925000190734863,33734
1605287400,4.925000190734863,4.929999828338623,4.914999961853027,4.914999961853027,99020
1605287700,4.909999847412109,4.929999828338623,4.909999847412109,4.929999828338623,102540
1605288000,4.929999828338623,4.929999828338623,4.920000076293945,4.925000190734863,64545
1605288300,4.929999828338623,4.940000057220459,4.920000076293945,4.940000057220459,111139
1605288600,4.940000057220459,4.949999809265137,4.929999828338623,4.940000057220459,168864
1605288900,4.945000171661377,4.949999809265137,4.929999828338623,4.934800148010254,204171
1605289200,4.934999942779541,4.940000057220459,4.920000076293945,4.925000190734863,61766
1605289500,4.920000076293945,4.940000057220459,4.910099983215332,4.940000057220459,201342
1605289800,4.940000057220459,4.949999809265137,4.929999828338623,4.949999809265137,98753
1605290100,4.949999809265137,4.949999809265137,4.940000057220459,4.940899848937988,41158
1605290400,4.949999809265137,4.960000038146973,4.932400226593018,4.951600074768066,251052
1605290700,4.9558000564575195,4.974999904632568,4.949999809265137,4.974999904632568,90537
1605291000,4.975299835205078,4.980000019073486,4.949999809265137,4.954999923706055,213433
1605291300,4.954999923706055,4.96999979019165,4.949999809265137,4.965000152587891,148851
1605291600,4.965000152587891,4.96999979019165,4.949999809265137,4.960000038146973,152796
1605291900,4.960000038146973,4.96999979019165,4.960000038146973,4.965000152587891,99523
1605292200,4.96999979019165,4.96999979019165,4.949999809265137,4.960000038146973,155498
1605292500,4.954999923706055,4.989999771118164,4.954999923706055,4.974999904632568,246821
1605292800,4.976600170135498,4.980000019073486,4.96999979019165,4.980000019073486,114429
1605293100,4.980000019073486,4.989999771118164,4.960000038146973,4.974999904632568,211313
1605293400,4.980000019073486,4.989999771118164,4.96999979019165,4.985000133514404,251821
1605293700,4.985000133514404,4.989999771118164,4.96999979019165,4.980000019073486,169264
1605294000,4.978099822998047,4.989999771118164,4.96999979019165,4.983699798583984,358371
1605294300,4.985000133514404,5,4.985000133514404,4.994999885559082,243215
1605294600,4.998300075531006,5.010000228881836,4.989999771118164,5,281415
1605294900,4.994999885559082,5.019999980926514,4.989999771118164,5.014999866485596,233534
1605295200,5.015999794006348,5.03000020980835,5.015999794006348,5.03000020980835,208379
1605295500,5.02239990234375,5.045000076293945,5.019999980926514,5.045000076293945,291366
1605295800,5.039999961853027,5.074999809265137,5.039999961853027,5.059999942779541,792874
1605296100,5.054999828338623,5.059999942779541,5.039999961853027,5.050000190734863,418869
1605296400,5.050000190734863,5.050000190734863,5.03000020980835,5.04010009765625,313767
1605296700,5.039999961853027,5.047599792480469,5.014999866485596,5.025000095367432,288530
1605297000,5.025000095367432,5.045000076293945,5.019999980926514,5.045000076293945,271873
1605297300,5.045000076293945,5.074999809265137,5.040999889373779,5.051700115203857,481689
1605297600,5.050000190734863,5.070000171661377,5.039999961853027,5.058300018310547,531939
1605297900,5.059999942779541,5.070000171661377,5.034999847412109,5.034999847412109,448629
1605298200,5.030600070953369,5.039999961853027,5.019999980926514,5.034999847412109,222165
1605298500,5.039999961853027,5.059999942779541,5.03000020980835,5.054999828338623,988780
1605298800,5.054999828338623,5.059999942779541,5.03000020980835,5.034999847412109,359718
1605299100,5.031099796295166,5.039999961853027,5.019999980926514,5.025000095367432,178368
1605299400,5.025000095367432,5.054999828338623,5.019999980926514,5.054999828338623,408428
1605299700,5.054999828338623,5.059999942779541,5.039999961853027,5.054999828338623,249121
1605300000,5.050000190734863,5.059999942779541,5.039999961853027,5.054999828338623,278322
1605300300,5.050000190734863,5.059999942779541,5.045000076293945,5.050000190734863,409379
1605300600,5.050000190734863,5.059999942779541,5.039999961853027,5.045000076293945,471361
1605300900,5.039999961853027,5.059999942779541,5.039999961853027,5.050000190734863,824675
1605301200,5.06,5.06,5.06,5.06,985954
1605302100,5.06,5.06,5.02,5.03,0
1605302400,5.02,5.05,5.02,5.04,0
1605302700,5.02,5.02,5.02,5.02,0
1605303000,5.02,5.03,5.02,5.03,0
1605303600,5.03,5.03,5.03,5.03,0
1605303900,5.03,5.03,5.02,5.02,0
1605304200,5.01,5.05,5.01,5.05,0
1605305400,5.03,5.04,5.03,5.04,0
1605305700,5.04,5.04,5.02,5.02,0
1605306000,5.04,5.04,5.02,5.04,0
1605306600,5.0398,5.0398,5.0398,5.0398,0
1605307500,5.02,5.02,5.02,5.02,0
1605307800,5.02,5.04,5.02,5.04,0
1605308100,5.02,5.02,5.02,5.02,0
1605308400,5.02,5.02,5.01,5.01,0
1605309600,5.06,5.06,5.06,5.06,0
1605309900,5.04,5.04,5.04,5.04,0
1605310200,5.04,5.04,5.04,5.04,0
1605310500,5.03,5.03,5.03,5.03,0
1605310800,5.03,5.03,5.03,5.03,0
1605311100,5.03,5.03,5,5,0
1605312300,5.04,5.04,5.04,5.04,0
1605312900,5.04,5.04,5.04,5.04,0
1605314400,5.04,5.04,5.04,5.04,0
1605314700,5.04,5.04,5.01,5.01,0
1605315300,5.03,5.03,5.03,5.03,0
