Date,Open,High,Low,Close,Volume
1605259200,0.072,0.072,0.0703,0.0703,0
1605259500,0.071,0.071,0.0703,0.0703,0
1605259800,0.0705,0.0705,0.0705,0.0705,0
1605260100,0.071,0.071,0.071,0.071,0
1605261600,0.0715,0.0715,0.0705,0.0705,0
1605263100,0.071,0.071,0.071,0.071,0
1605264300,0.071,0.071,0.071,0.071,0
1605268200,0.0715,0.0715,0.0715,0.0715,0
1605268500,0.0715,0.075,0.0711,0.075,0
1605268800,0.075,0.075,0.075,0.075,0
1605269700,0.0725,0.0725,0.0725,0.0725,0
1605270000,0.073,0.073,0.0725,0.0725,0
1605270600,0.0722,0.0722,0.0715,0.0722,0
1605272100,0.0733,0.0733,0.0731,0.0731,0
1605272400,0.0733,0.0735,0.0733,0.0733,0
1605272700,0.073,0.073,0.0715,0.0716,0
1605273300,0.0725,0.0747,0.0717,0.0728,0
1605273600,0.073,0.0733,0.0727,0.0733,0
1605274200,0.072,0.072,0.072,0.072,0
1605274800,0.0721,0.073,0.0721,0.0722,0
1605275100,0.0723,0.0723,0.0721,0.0721,0
1605275400,0.0721,0.0721,0.072,0.072,0
1605275700,0.0721,0.073,0.0721,0.073,0
1605276000,0.0721,0.0721,0.0721,0.0721,0
1605276300,0.0722,0.0722,0.072,0.0722,0
1605276600,0.0721,0.0729,0.072,0.0729,0
1605276900,0.0725,0.0729,0.0721,0.0728,0
1605277200,0.0728,0.0729,0.072,0.072,0
1605277500,0.0727,0.0729,0.072,0.0721,0
1605277800,0.07339999824762344,0.07339999824762344,0.07209999859333038,0.07249999791383743,1537830
1605278100,0.0729999989271164,0.07320000231266022,0.0723000019788742,0.07249999791383743,197982
1605278400,0.07279899716377258,0.07479999959468842,0.07119999825954437,0.07342600077390671,1179106
1605278700,0.0746999979019165,0.0746999979019165,0.07240000367164612,0.07354000210762024,407468
1605279000,0.07360000163316727,0.07450000196695328,0.07300099730491638,0.07440000027418137,188414
1605279300,0.0738999992609024,0.07440000027418137,0.07240000367164612,0.07389900088310242,659348
1605279600,0.0737999975681305,0.07400000095367432,0.07280000299215317,0.07370000332593918,198006
1605279900,0.07370000332593918,0.07370000332593918,0.07240000367164612,0.07320000231266022,251714
1605280200,0.07320000231266022,0.07360000163316727,0.07240000367164612,0.0731000006198883,285925
1605280500,0.0731000006198883,0.07320000231266022,0.07199999690055847,0.0728989988565445,280166
1605280800,0.07270999997854233,0.0737999975681305,0.07270000129938126,0.0737999975681305,216139
1605281100,0.07340099662542343,0.0737999975681305,0.0729999989271164,0.0737999975681305,128618
1605281400,0.07349999994039536,0.0737999975681305,0.07329999655485153,0.0737999975681305,153601
1605281700,0.0737999975681305,0.0737999975681305,0.07339999824762344,0.07370000332593918,91208
1605282000,0.07370000332593918,0.07370000332593918,0.07280000299215317,0.07309900224208832,135091
1605282300,0.07280000299215317,0.07280000299215317,0.07109999656677246,0.07250099629163742,1268790
1605282600,0.07270000129938126,0.07349999994039536,0.07249999791383743,0.07304999977350235,89381
1605282900,0.0731000006198883,0.07349999994039536,0.0729999989271164,0.07329999655485153,102505
1605283200,0.07321000099182129,0.07349999994039536,0.07260099798440933,0.07289999723434448,440489
1605283500,0.0729990005493164,0.0729999989271164,0.07199999690055847,0.0722000002861023,385529
1605283800,0.0722000002861023,0.07280000299215317,0.07199999690055847,0.07240000367164612,175049
1605284100,0.07240000367164612,0.0731000006198883,0.0722000002861023,0.0731000006198883,228043
1605284400,0.07300099730491638,0.07370000332593918,0.07199999690055847,0.0729999989271164,514548
1605284700,0.0729999989271164,0.0729999989271164,0.07199999690055847,0.0723000019788742,173280
1605285000,0.07270000129938126,0.07270000129938126,0.07199999690055847,0.07209999859333038,179259
1605285300,0.07209999859333038,0.07289999723434448,0.07199999690055847,0.07289999723434448,234911
1605285600,0.07259999960660934,0.07289999723434448,0.0722000002861023,0.07270000129938126,92378
1605285900,0.07270000129938126,0.0729999989271164,0.07249999791383743,0.07289999723434448,85341
1605286200,0.07289999723434448,0.0729999989271164,0.0722000002861023,0.0722000002861023,193041
1605286500,0.07209999859333038,0.07289999723434448,0.07209999859333038,0.0722000002861023,50083
1605286800,0.07225000113248825,0.07270000129938126,0.07199999690055847,0.0722000002861023,216506
1605287100,0.0722000002861023,0.0722000002861023,0.07209999859333038,0.0722000002861023,63113
1605287400,0.0722000002861023,0.0722000002861023,0.07209999859333038,0.0722000002861023,37641
1605287700,0.0722000002861023,0.0722000002861023,0.07209999859333038,0.07219599932432175,29590
1605288000,0.07209999859333038,0.0737999975681305,0.07209999859333038,0.07270000129938126,266165
1605288300,0.07249999791383743,0.07270000129938126,0.07249999791383743,0.07270000129938126,46623
1605288600,0.07270000129938126,0.07349999994039536,0.07270000129938126,0.07339899986982346,143423
1605288900,0.07339999824762344,0.07339999824762344,0.0731000006198883,0.0732010006904602,23879
1605289200,0.07329999655485153,0.07329999655485153,0.0729999989271164,0.0731000006198883,43001
1605289500,0.0731000006198883,0.0731000006198883,0.07249999791383743,0.0731000006198883,205086
1605289800,0.07309900224208832,0.0731000006198883,0.07249999791383743,0.07249999791383743,28901
1605290100,0.07289999723434448,0.07327999919652939,0.07249999791383743,0.0732010006904602,189530
1605290400,0.07329999655485153,0.07329999655485153,0.07259999960660934,0.07289999723434448,226133
1605290700,0.0729999989271164,0.07329999655485153,0.07270000129938126,0.07270000129938126,86504
1605291000,0.07259999960660934,0.0729999989271164,0.07249999791383743,0.07249999791383743,102316
1605291300,0.0729999989271164,0.0729999989271164,0.0722000002861023,0.07249999791383743,100705
1605291600,0.07289999723434448,0.0729999989271164,0.07249999791383743,0.0729999989271164,32711
1605291900,0.0729999989271164,0.07329999655485153,0.0729999989271164,0.0729999989271164,8798
1605292200,0.07315000146627426,0.07329999655485153,0.0729999989271164,0.0731000006198883,267142
1605292500,0.07320000231266022,0.07329999655485153,0.0729999989271164,0.0729999989271164,114835
1605292800,0.0729999989271164,0.0729999989271164,0.07270000129938126,0.0729999989271164,33946
1605293100,0.07289999723434448,0.0729999989271164,0.07270000129938126,0.07280000299215317,39132
1605293400,0.07249999791383743,0.07251299917697906,0.0723000019788742,0.07240000367164612,104542
1605293700,0.07249999791383743,0.0729999989271164,0.07240000367164612,0.07240000367164612,59015
1605294000,0.07254999876022339,0.07270000129938126,0.07199999690055847,0.07249999791383743,792903
1605294300,0.07249999791383743,0.0729999989271164,0.07229900360107422,0.0729999989271164,135900
1605294600,0.0729999989271164,0.0729999989271164,0.07249999791383743,0.0729999989271164,52741
1605294900,0.0729999989271164,0.0729999989271164,0.07249999791383743,0.07259999960660934,106118
1605295200,0.07259999960660934,0.07289999723434448,0.07249999791383743,0.07280000299215317,92105
1605295500,0.07280000299215317,0.07280000299215317,0.07209999859333038,0.07209999859333038,57432
1605295800,0.07209999859333038,0.07270000129938126,0.07208999991416931,0.07270000129938126,65670
1605296100,0.07270000129938126,0.07270000129938126,0.0722000002861023,0.07245100289583206,72997
1605296400,0.07228299975395203,0.07270000129938126,0.07228299975395203,0.07259999960660934,25637
1605296700,0.07259999960660934,0.07270000129938126,0.07240000367164612,0.07259999960660934,41134
1605297000,0.07259999960660934,0.07289999723434448,0.07209999859333038,0.07209999859333038,67960
1605297300,0.07240000367164612,0.07270000129938126,0.0722000002861023,0.07249999791383743,167590
1605297600,0.07249999791383743,0.0729999989271164,0.07249999791383743,0.07289999723434448,206788
1605297900,0.07289999723434448,0.07289999723434448,0.07259999960660934,0.07260999828577042,89342
1605298200,0.07270000129938126,0.07270000129938126,0.0723000019788742,0.07259999960660934,41667
1605298500,0.0723000019788742,0.07270000129938126,0.0722000002861023,0.07249999791383743,49884
1605298800,0.07270000129938126,0.0729999989271164,0.07270000129938126,0.0729999989271164,46116
1605299100,0.07280000299215317,0.0729999989271164,0.07249999791383743,0.07289999723434448,97834
1605299400,0.07289999723434448,0.07289999723434448,0.07249999791383743,0.07259999960660934,243439
1605299700,0.07259999960660934,0.07259999960660934,0.07235600054264069,0.07240000367164612,214687
1605300000,0.0723000019788742,0.07240000367164612,0.0722000002861023,0.07240000367164612,41436
1605300300,0.07240000367164612,0.07240000367164612,0.07209999859333038,0.0723000019788742,92754
1605300600,0.0723000019788742,0.07240000367164612,0.0723000019788742,0.0723000019788742,79164
1605300900,0.0723000019788742,0.07280000299215317,0.07219000160694122,0.07280000299215317,463575
1605301200,0.0723,0.0723,0.0723,0.0723,12664
1605302100,0.0725,0.0728,0.0722,0.0722,0
1605302400,0.0722,0.0722,0.0719,0.072,0
1605302700,0.072,0.0728,0.072,0.0728,0
1605303000,0.0728,0.0728,0.0723,0.0723,0
1605303300,0.0728,0.0728,0.0728,0.0728,0
1605303600,0.0727,0.0727,0.0727,0.0727,0
1605303900,0.0723,0.0728,0.0715,0.0715,0
1605304200,0.0728,0.0734,0.0723,0.0734,0
1605304500,0.0722,0.0734,0.0722,0.0727,0
1605304800,0.0734,0.0734,0.0722,0.0722,0
1605305100,0.0731,0.0731,0.0724,0.0724,0
1605305400,0.0727,0.0733,0.0724,0.0724,0
1605305700,0.073,0.073,0.073,0.073,0
1605306000,0.0727,0.073,0.0727,0.073,0
1605306300,0.073,0.073,0.073,0.073,0
1605306600,0.073,0.073,0.073,0.073,0
1605306900,0.073,0.073,0.073,0.073,0
1605307200,0.073,0.073,0.0727,0.0727,0
1605307500,0.0732,0.0733,0.0724,0.0727,0
1605307800,0.0727,0.0728,0.0727,0.0727,0
1605308100,0.0733,0.0733,0.0724,0.0724,0
1605308400,0.0724,0.0724,0.0724,0.0724,0
1605308700,0.0724,0.0724,0.0723,0.0723,0
1605309000,0.0724,0.0731,0.0724,0.0724,0
1605309600,0.0724,0.0724,0.0724,0.0724,0
1605310200,0.0724,0.0732,0.0724,0.0732,0
1605311100,0.0732,0.0732,0.0732,0.0732,0
1605314700,0.0725,0.0725,0.0725,0.0725,0
1605315000,0.073,0.073,0.073,0.073,0
