Date,Open,High,Low,Close,Volume
1605258900,19,19,19,19,0
1605260100,19.08,19.08,19.08,19.08,0
1605260400,19.22,19.22,19.22,19.22,0
1605262200,19.28,19.28,19.28,19.28,0
1605263100,19.38,19.38,19.38,19.38,0
1605263400,19.38,19.38,19.28,19.36,0
1605264000,19.45,19.45,19.45,19.45,0
1605265500,19.37,19.5,19.36,19.5,0
1605265800,19.57,19.7,19.57,19.6,0
1605266100,19.6,19.61,19.6,19.61,0
1605266400,19.6,19.6,19.5,19.5,0
1605267900,19.47,19.47,19.47,19.47,0
1605268500,19.5,19.5,19.5,19.5,0
1605269700,19.5,19.55,19.25,19.26,0
1605270000,19.26,19.3,19.26,19.3,0
1605270300,19.35,19.36,19.35,19.36,0
1605270600,19.37,19.37,19.26,19.26,0
1605270900,19.25,19.25,19.25,19.25,0
1605271200,19.25,19.25,19.25,19.25,0
1605271500,19.27,19.31,19.26,19.26,0
1605271800,19.27,19.28,19.27,19.28,0
1605272100,19.31,19.33,19.28,19.33,0
1605272400,19.33,19.33,19.29,19.29,0
1605272700,19.28,19.32,19.28,19.28,0
1605273000,19.26,19.26,19.25,19.25,0
1605273300,19.5,19.5,19.22,19.26,0
1605273600,19.22,19.27,19.22,19.26,0
1605273900,19.2998,19.2998,19.2998,19.2998,0
1605274200,19.2799,19.31,19.26,19.29,0
1605274500,19.25,19.28,19.2,19.21,0
1605274800,19.23,19.23,19.23,19.23,0
1605275100,19.23,19.23,19.12,19.12,0
1605275400,19.12,19.15,19.07,19.14,0
1605275700,19.15,19.15,19.12,19.14,0
1605276000,19.17,19.18,19.14,19.15,0
1605276300,19.15,19.2,19.15,19.18,0
1605276600,19.2,19.2,19.12,19.2,0
1605276900,19.15,19.2,19.13,19.2,0
1605277200,19.19,19.19,19.1,19.1,0
1605277500,19.1,19.1,19.08,19.1,0
1605277800,19.280000686645508,19.639999389648438,19.229999542236328,19.28499984741211,1619641
1605278100,19.280000686645508,19.545000076293945,19.15999984741211,19.53529930114746,648913
1605278400,19.540000915527344,19.56999969482422,19.40250015258789,19.506000518798828,613692
1605278700,19.502199172973633,19.565000534057617,19.3799991607666,19.545000076293945,411238
1605279000,19.54050064086914,19.68000030517578,19.510299682617188,19.655000686645508,578321
1605279300,19.65999984741211,19.7450008392334,19.600000381469727,19.72719955444336,393610
1605279600,19.719999313354492,19.78499984741211,19.639999389648438,19.729999542236328,532686
1605279900,19.729999542236328,19.729999542236328,19.655000686645508,19.69499969482422,287874
1605280200,19.69860076904297,19.729999542236328,19.649999618530273,19.68000030517578,429153
1605280500,19.68000030517578,19.780000686645508,19.59000015258789,19.670000076293945,506007
1605280800,19.67300033569336,19.68000030517578,19.454999923706055,19.512800216674805,470214
1605281100,19.520000457763672,19.56999969482422,19.43000030517578,19.562599182128906,337514
1605281400,19.56999969482422,19.739999771118164,19.56999969482422,19.725000381469727,287781
1605281700,19.719999313354492,19.733400344848633,19.559999465942383,19.598899841308594,261822
1605282000,19.59000015258789,19.649999618530273,19.559999465942383,19.64929962158203,120278
1605282300,19.649999618530273,19.68000030517578,19.610000610351562,19.674999237060547,134185
1605282600,19.674999237060547,19.790000915527344,19.65999984741211,19.78499984741211,424160
1605282900,19.782499313354492,19.809999465942383,19.65999984741211,19.700000762939453,319161
1605283200,19.709999084472656,19.809999465942383,19.69499969482422,19.76810073852539,314791
1605283500,19.770000457763672,19.84000015258789,19.770000457763672,19.829999923706055,244951
1605283800,19.829200744628906,19.8700008392334,19.780000686645508,19.860000610351562,190100
1605284100,19.861099243164062,19.93000030517578,19.823699951171875,19.829999923706055,295090
1605284400,19.84000015258789,19.93000030517578,19.790000915527344,19.895000457763672,263462
1605284700,19.899999618530273,19.950000762939453,19.84000015258789,19.899999618530273,217904
1605285000,19.899999618530273,19.969999313354492,19.8799991607666,19.94890022277832,194374
1605285300,19.940000534057617,19.969999313354492,19.860000610351562,19.964099884033203,227906
1605285600,19.96500015258789,20.15999984741211,19.9606990814209,20.134300231933594,656456
1605285900,20.13990020751953,20.25,20.1210994720459,20.1830997467041,385317
1605286200,20.188100814819336,20.225000381469727,20.139999389648438,20.170000076293945,354262
1605286500,20.15999984741211,20.16010093688965,20.040000915527344,20.045000076293945,346471
1605286800,20.04330062866211,20.174999237060547,20.040000915527344,20.139999389648438,225868
1605287100,20.14889907836914,20.209999084472656,20.11319923400879,20.150100708007812,250868
1605287400,20.15519905090332,20.209999084472656,20.135299682617188,20.15220069885254,150828
1605287700,20.149999618530273,20.15999984741211,20.09000015258789,20.114999771118164,182518
1605288000,20.1200008392334,20.1200008392334,20.04010009765625,20.06559944152832,162687
1605288300,20.06999969482422,20.09000015258789,20.059999465942383,20.070100784301758,104628
1605288600,20.079999923706055,20.149999618530273,20.06999969482422,20.1299991607666,223787
1605288900,20.125,20.170000076293945,20.09000015258789,20.1200008392334,173149
1605289200,20.11989974975586,20.139999389648438,20.069900512695312,20.069900512695312,168701
1605289500,20.06999969482422,20.170000076293945,20.06999969482422,20.170000076293945,189285
1605289800,20.170000076293945,20.229999542236328,20.1643009185791,20.18000030517578,270739
1605290100,20.19499969482422,20.260000228881836,20.190099716186523,20.259899139404297,327414
1605290400,20.260000228881836,20.270000457763672,20.149999618530273,20.165000915527344,315695
1605290700,20.170000076293945,20.204999923706055,20.16010093688965,20.18000030517578,107766
1605291000,20.170000076293945,20.170000076293945,20.110000610351562,20.114999771118164,126231
1605291300,20.11009979248047,20.139999389648438,20.045000076293945,20.079999923706055,215870
1605291600,20.06999969482422,20.09000015258789,20.045000076293945,20.07990074157715,184803
1605291900,20.082399368286133,20.196300506591797,20.079999923706055,20.18000030517578,201816
1605292200,20.184999465942383,20.2450008392334,20.09000015258789,20.094999313354492,237848
1605292500,20.094999313354492,20.170000076293945,20.06999969482422,20.155000686645508,174220
1605292800,20.155000686645508,20.16990089416504,20.091100692749023,20.125,139741
1605293100,20.125,20.170000076293945,20.114999771118164,20.125,95592
1605293400,20.1299991607666,20.200000762939453,20.11009979248047,20.165000915527344,118692
1605293700,20.165000915527344,20.170000076293945,20.09000015258789,20.125,111807
1605294000,20.1299991607666,20.219999313354492,20.124900817871094,20.134300231933594,210853
1605294300,20.138900756835938,20.155799865722656,20.020000457763672,20.059999465942383,345150
1605294600,20.049999237060547,20.086599349975586,19.989999771118164,20.012300491333008,209816
1605294900,20.014999389648438,20.020000457763672,19.959999084472656,19.969999313354492,319477
1605295200,19.969999313354492,20.040000915527344,19.950000762939453,19.96500015258789,177302
1605295500,19.959999084472656,19.979900360107422,19.920000076293945,19.946699142456055,133744
1605295800,19.950000762939453,19.979999542236328,19.8799991607666,19.8799991607666,155195
1605296100,19.8799991607666,19.989999771118164,19.8799991607666,19.975000381469727,196810
1605296400,19.97249984741211,19.9950008392334,19.944000244140625,19.9950008392334,146643
1605296700,19.990100860595703,20.014999389648438,19.930200576782227,19.94499969482422,289539
1605297000,19.94499969482422,20.0049991607666,19.93000030517578,19.975000381469727,151611
1605297300,19.970600128173828,20.059900283813477,19.959999084472656,20.035999298095703,138917
1605297600,20.037799835205078,20.110000610351562,20.020000457763672,20.06999969482422,178953
1605297900,20.06999969482422,20.088899612426758,20.040000915527344,20.06570053100586,220213
1605298200,20.065000534057617,20.100000381469727,20.040000915527344,20.100000381469727,145475
1605298500,20.09000015258789,20.149999618530273,20.079999923706055,20.125,202394
1605298800,20.126699447631836,20.126699447631836,20.059999465942383,20.075000762939453,161414
1605299100,20.077899932861328,20.135000228881836,20.074100494384766,20.110000610351562,190394
1605299400,20.110000610351562,20.149900436401367,20.100000381469727,20.11989974975586,197448
1605299700,20.114999771118164,20.114999771118164,20.049999237060547,20.06999969482422,197099
1605300000,20.059999465942383,20.1299991607666,20.059999465942383,20.09269905090332,200543
1605300300,20.09000015258789,20.10110092163086,20.049999237060547,20.059999465942383,270430
1605300600,20.059999465942383,20.09000015258789,20.010000228881836,20.024999618530273,451575
1605300900,20.024999618530273,20.09000015258789,20.020000457763672,20.059999465942383,780354
1605301200,20.04,20.06,20.04,20.06,451739
1605302100,20.11,20.13,20.02,20.06,0
1605302400,20.06,20.13,20.05,20.06,0
1605302700,20.06,20.08,20.06,20.07,0
1605303000,20.08,20.09,20.06,20.06,0
1605303300,20.1,20.13,20.1,20.1,0
1605303600,20.1,20.18,20.1,20.15,0
1605303900,20.15,20.18,20.15,20.15,0
1605304200,20.15,20.25,20.15,20.22,0
1605304500,20.22,20.3,20.18,20.25,0
1605304800,20.06,20.27,20.06,20.24,0
1605305100,20.2,20.24,20.2,20.23,0
1605305400,20.24,20.24,20.23,20.23,0
1605305700,20.24,20.25,20.23,20.24,0
1605306000,20.24,20.27,20.2,20.26,0
1605306300,20.28,20.33,20.27,20.3,0
1605306600,20.3,20.33,20.3,20.33,0
1605306900,20.33,20.33,20.21,20.27,0
1605307200,20.25,20.26,20.22,20.23,0
1605307500,20.24,20.24,20.21,20.21,0
1605307800,20.21,20.23,20.21,20.23,0
1605308100,20.21,20.23,20.21,20.23,0
1605308400,20.21,20.22,20.21,20.22,0
1605308700,20.21,20.24,20.21,20.24,0
1605309000,20.22,20.24,20.22,20.24,0
1605309300,20.24,20.24,20.23,20.24,0
1605309600,20.22,20.22,20.22,20.22,0
1605309900,20.24,20.26,20.24,20.26,0
1605310200,20.23,20.26,20.23,20.23,0
1605310500,20.25,20.25,20.23,20.23,0
1605310800,20.25,20.25,20.25,20.25,0
1605311100,20.25,20.26,20.24,20.25,0
1605311400,20.25,20.25,20.25,20.25,0
1605311700,20.25,20.25,20.22,20.25,0
1605312000,20.22,20.25,20.22,20.25,0
1605312300,20.25,20.25,20.24,20.24,0
1605312600,20.25,20.25,20.22,20.24,0
1605312900,20.24,20.25,20.21,20.21,0
1605313200,20.22,20.22,20.15,20.15,0
1605313500,20.19,20.2,20.16,20.2,0
1605313800,20.22,20.23,20.22,20.23,0
1605314100,20.23,20.24,20.21,20.23,0
1605314400,20.22,20.24,20.22,20.24,0
1605314700,20.24,20.24,20.23,20.24,0
1605315000,20.24,20.25,20.24,20.25,0
1605315300,20.23,20.25,20.22,20.25,0
