Date,Open,High,Low,Close,Volume
1605258900,49.64,50.36,49.6,50.09,0
1605259200,50.09,51,49.95,50.74,0
1605259500,50.78,51,50.65,50.76,0
1605259800,50.76,51,50.53,50.89,0
1605260100,50.9,51.22,50.9,51.09,0
1605260400,51.09,51.14,50.7,50.92,0
1605260700,50.94,50.96,50.6,50.74,0
1605261000,50.73,50.95,50.66,50.88,0
1605261300,50.87,50.9,50.8,50.84,0
1605261600,50.84,50.95,50.7,50.84,0
1605261900,50.82,50.82,50.2,50.2,0
1605262200,50.23,50.67,50.04,50.59,0
1605262500,50.57,50.9,50.38,50.75,0
1605262800,50.74,50.82,50.6,50.64,0
1605263100,50.64,50.65,50.35,50.35,0
1605263400,50.32,50.62,50.3,50.62,0
1605263700,50.65,50.65,50.4,50.53,0
1605264000,50.53,50.8,50.42,50.75,0
1605264300,50.75,50.78,50.7,50.7,0
1605264600,50.7,50.71,50.56,50.6,0
1605264900,50.59,50.78,50.57,50.71,0
1605265200,50.73,50.77,50.65,50.75,0
1605265500,50.75,50.89,50.74,50.88,0
1605265800,50.88,51.1,50.88,50.92,0
1605266100,50.9,51.01,50.84,50.94,0
1605266400,50.97,51.07,50.93,50.93,0
1605266700,50.91,51.07,50.91,51.03,0
1605267000,51.05,51.06,50.91,51,0
1605267300,51,51.01,50.93,50.95,0
1605267600,50.96,50.98,50.9,50.92,0
1605267900,50.92,50.95,50.83,50.9,0
1605268200,50.88,51,50.88,50.91,0
1605268500,50.9,50.94,50.86,50.94,0
1605268800,50.96,51.05,50.85,50.98,0
1605269100,50.99,50.99,50.89,50.92,0
1605269400,50.94,50.97,50.7,50.75,0
1605269700,50.82,51.1,50.44,50.89,0
1605270000,50.9,50.96,50.39,50.64,0
1605270300,50.65,51.24,50.65,51.24,0
1605270600,51.25,51.6,51.15,51.45,0
1605270900,51.42,51.6,51.19,51.43,0
1605271200,51.44,51.77,51.31,51.4,0
1605271500,51.39,51.92,51.35,51.85,0
1605271800,51.85,51.85,51.69,51.81,0
1605272100,51.81,51.9,51.58,51.72,0
1605272400,51.72,52.18,51.66,52.07,0
1605272700,52.07,52.32,52.01,52.15,0
1605273000,52.18,52.55,52.16,52.52,0
1605273300,52.52,52.55,50.4,52.3499,0
1605273600,52.35,52.73,52.32,52.4799,0
1605273900,52.47,52.49,52.06,52.29,0
1605274200,52.29,52.53,51.75,51.8,0
1605274500,51.8,52.15,51.6,52.1,0
1605274800,52.06,52.269,51.76,52.06,0
1605275100,52.06,52.06,51.3,51.65,0
1605275400,51.65,51.85,51.35,51.39,0
1605275700,51.4,51.66,50.95,51.08,0
1605276000,51.05,51.29,50.5399,50.75,0
1605276300,50.75,51.2,48.19,51.1985,0
1605276600,51.17,51.23,50.74,51.13,0
1605276900,51.1397,51.1397,50.53,50.66,0
1605277200,50.64,51.11,50.23,51.01,0
1605277500,51.045,51.58,51,51.4501,0
1605277800,51.02000045776367,52.7400016784668,50.79999923706055,51.91999816894531,33002026
1605278100,51.939998626708984,53.65999984741211,51.54999923706055,53.06999969482422,14834185
1605278400,53.040000915527344,53.34000015258789,51.25,51.9900016784668,15881466
1605278700,52,53.5,51.79999923706055,53.059898376464844,11427653
1605279000,53.02000045776367,53.599998474121094,52.4900016784668,53.38999938964844,10872628
1605279300,53.34049987792969,54.18000030517578,52.900001525878906,53.939998626708984,11271074
1605279600,53.959999084472656,54.20000076293945,52.75,53.280399322509766,11068143
1605279900,53.290000915527344,53.4900016784668,51.95000076293945,52.3760986328125,10259497
1605280200,52.369998931884766,52.439998626708984,51.25,51.630001068115234,10671750
1605280500,51.665000915527344,52.380001068115234,51.63999938964844,52.308998107910156,7404026
1605280800,52.29999923706055,52.301300048828125,51,51.34000015258789,7816239
1605281100,51.34000015258789,51.349998474121094,50.439998626708984,50.959999084472656,10001943
1605281400,50.962100982666016,50.9921989440918,49.72999954223633,50.1599006652832,11250221
1605281700,50.130001068115234,50.380001068115234,48.560001373291016,48.84000015258789,12700184
1605282000,48.849998474121094,50.470001220703125,48.75,50.389801025390625,10996149
1605282300,50.38999938964844,50.45000076293945,48.84000015258789,48.959999084472656,8017163
1605282600,48.959999084472656,49.2599983215332,46.81999969482422,47.89229965209961,18095627
1605282900,47.88999938964844,47.93000030517578,45.20000076293945,45.881500244140625,18175579
1605283200,45.88479995727539,46.70000076293945,44.25,46.65999984741211,18452952
1605283500,46.66999816894531,47.880001068115234,46.619998931884766,47.58000183105469,13143982
1605283800,47.58000183105469,48.762001037597656,46.68000030517578,48.5099983215332,10108372
1605284100,48.52000045776367,49,47.84000015258789,48.459999084472656,8924318
1605284400,48.43410110473633,49.09000015258789,48.20000076293945,48.70000076293945,6265970
1605284700,48.720001220703125,48.88999938964844,47.79999923706055,47.849998474121094,5723950
1605285000,47.849998474121094,48.290000915527344,47.09000015258789,48.16999816894531,6325208
1605285300,48.17380142211914,48.20000076293945,47.29999923706055,47.35499954223633,3507865
1605285600,47.3650016784668,47.84000015258789,46.65999984741211,46.97829818725586,4856235
1605285900,46.987098693847656,47.47999954223633,46.43000030517578,47.36899948120117,4887713
1605286200,47.38999938964844,47.58000183105469,46.72999954223633,47.07339859008789,3366886
1605286500,47.075401306152344,47.189998626708984,46.45000076293945,46.63999938964844,3797890
1605286800,46.619998931884766,46.790000915527344,46,46.18000030517578,4933190
1605287100,46.18000030517578,46.19990158081055,45.099998474121094,45.78099822998047,6703033
1605287400,45.81740188598633,46.349998474121094,45.2400016784668,45.41320037841797,5126488
1605287700,45.380001068115234,45.529998779296875,44.5,44.5099983215332,7570473
1605288000,44.5099983215332,45.25,44,45.222599029541016,8369378
1605288300,45.22999954223633,45.25,44.56999969482422,44.610599517822266,5030901
1605288600,44.60260009765625,45.900001525878906,44.60260009765625,45.5099983215332,5969327
1605288900,45.53099822998047,46.29999923706055,45.33000183105469,45.88999938964844,4950986
1605289200,45.904701232910156,46.560001373291016,45.439998626708984,45.46390151977539,4865962
1605289500,45.48500061035156,46.040000915527344,45.450599670410156,45.970001220703125,3153925
1605289800,45.95000076293945,46.65999984741211,45.720001220703125,46.650001525878906,3811775
1605290100,46.630001068115234,46.779998779296875,46.27000045776367,46.72999954223633,3430702
1605290400,46.71929931640625,46.72999954223633,45.63999938964844,45.81999969482422,3841222
1605290700,45.80009841918945,45.970001220703125,45.599998474121094,45.7599983215332,2187769
1605291000,45.7599983215332,45.81999969482422,45.150001525878906,45.187599182128906,2802577
1605291300,45.15999984741211,45.2599983215332,44.75,44.82789993286133,3325258
1605291600,44.80759811401367,45.400001525878906,44.79999923706055,45.040000915527344,3220487
1605291900,45.032798767089844,45.52000045776367,45.028499603271484,45.1609992980957,2643036
1605292200,45.150001525878906,45.369998931884766,44.75,44.79690170288086,2392329
1605292500,44.80149841308594,45.099998474121094,44.75,44.81999969482422,2379044
1605292800,44.810001373291016,44.88999938964844,44.52000045776367,44.72999954223633,2867051
1605293100,44.72710037231445,44.72999954223633,44.099998474121094,44.1797981262207,3931920
1605293400,44.165000915527344,45.20000076293945,44.08000183105469,44.628700256347656,4438938
1605293700,44.63999938964844,44.65999984741211,44,44.0099983215332,4603085
1605294000,44.0099983215332,44.47999954223633,43.52000045776367,43.61090087890625,5317290
1605294300,43.606998443603516,43.63999938964844,42.5,42.505001068115234,9047197
1605294600,42.5,42.88999938964844,41.900001525878906,42.15999984741211,10077474
1605294900,42.150001525878906,43.18000030517578,42.11000061035156,42.75,5750345
1605295200,42.79999923706055,43.189998626708984,42.209999084472656,42.367000579833984,5070067
1605295500,42.349998474121094,42.66999816894531,41.04999923706055,41.40999984741211,6609313
1605295800,41.40999984741211,42.18000030517578,40.75,41.90999984741211,8661662
1605296100,41.880001068115234,42.099998474121094,40.95000076293945,41.80009841918945,6211838
1605296400,41.79999923706055,42.04999923706055,40.900001525878906,40.95000076293945,5990797
1605296700,40.95000076293945,41.779998779296875,40.54999923706055,41.61000061035156,7666679
1605297000,41.6234016418457,42.58000183105469,41.33000183105469,42.5369987487793,6986067
1605297300,42.525001525878906,42.86000061035156,42.119998931884766,42.33380126953125,5873386
1605297600,42.33000183105469,42.96269989013672,42.310001373291016,42.71149826049805,5092724
1605297900,42.69839859008789,42.849998474121094,42.099998474121094,42.18000030517578,3598407
1605298200,42.20000076293945,43.27000045776367,42.15999984741211,43.12990188598633,5014314
1605298500,43.130001068115234,43.869998931884766,43.11370086669922,43.560001373291016,7129357
1605298800,43.560001373291016,44.06999969482422,43.20000076293945,43.940101623535156,5363685
1605299100,43.939998626708984,44.75,43.88629913330078,44.52000045776367,7153822
1605299400,44.529998779296875,45.189998626708984,44.310001373291016,44.959999084472656,6830380
1605299700,44.959999084472656,45.099998474121094,44.150001525878906,44.189998626708984,5473938
1605300000,44.19499969482422,44.66999816894531,44.18000030517578,44.38999938964844,3828139
1605300300,44.38999938964844,45.38999938964844,44.38010025024414,45.290000915527344,5190220
1605300600,45.29280090332031,45.29999923706055,44.650001525878906,44.663299560546875,4430850
1605300900,44.66999816894531,44.900001525878906,44.439998626708984,44.5,5272885
1605301200,44.54,44.75,44.5101,44.56,2925016
1605302100,44.6,44.99,44.53,44.77,0
1605302400,44.85,44.97,44.78,44.83,0
1605302700,44.85,44.9,44.5,44.55,0
1605303000,44.53,44.66,44.4,44.46,0
1605303300,44.46,44.49,43.99,44.23,0
1605303600,44.225,44.38,44.07,44.37,0
1605303900,44.37,44.44,44.26,44.3,0
1605304200,44.3,44.35,44.2,44.25,0
1605304500,44.24,44.56,44.23,44.4,0
1605304800,44.37,44.56,44.31,44.48,0
1605305100,44.46,44.57,44.32,44.32,0
1605305400,44.32,44.56,44.25,44.52,0
1605305700,44.55,44.56,44.4,44.42,0
1605306000,44.41,44.46,44.35,44.41,0
1605306300,44.44,44.56,44.42,44.5,0
1605306600,44.49,44.56,44.39,44.4,0
1605306900,44.39,44.41,44.35,44.37,0
1605307200,44.38,44.39,44.25,44.34,0
1605307500,44.36,44.39,44.3,44.35,0
1605307800,44.37,44.37,44.32,44.36,0
1605308100,44.36,44.52,44.36,44.45,0
1605308400,44.41,44.44,44.37,44.39,0
1605308700,44.39,44.45,44.36,44.37,0
1605309000,44.39,44.4,44.3,44.31,0
1605309300,44.31,44.45,44.26,44.37,0
1605309600,44.34,44.38,44.28,44.35,0
1605309900,44.35,44.35,44.26,44.26,0
1605310200,44.27,44.28,44.19,44.24,0
1605310500,44.24,44.3,44.15,44.17,0
1605310800,44.18,44.18,44.06,44.13,0
1605311100,44.12,44.25,44.11,44.13,0
1605311400,44.13,44.14,44.02,44.03,0
1605311700,44.03,44.06,44,44,0
1605312000,44,44.01,43.55,43.59,0
1605312300,43.62,43.62,43.39,43.4,0
1605312600,43.39,43.49,43.39,43.47,0
1605312900,43.47,43.5,43.27,43.36,0
1605313200,43.36,43.38,43.11,43.225,0
1605313500,43.22,43.41,43.1801,43.28,0
1605313800,43.28,43.28,43.2,43.22,0
1605314100,43.22,43.3,43.06,43.06,0
1605314400,43.05,43.25,42.9,43.2,0
1605314700,43.2,43.2,43.01,43.05,0
1605315000,43.07,43.22,43,43.22,0
1605315300,43.16,43.21,43.06,43.1,0
