Date,Open,High,Low,Close,Volume
1605260100,19.76,19.78,19.76,19.78,0
1605260400,19.8,19.8,19.8,19.8,0
1605260700,19.8,19.98,19.8,19.98,0
1605261000,19.7,19.7,19.7,19.7,0
1605262200,19.96,19.96,19.7,19.72,0
1605265200,19.83,19.87,19.83,19.87,0
1605265500,19.9,19.9,19.9,19.9,0
1605265800,19.95,19.95,19.95,19.95,0
1605266400,19.9,19.9,19.9,19.9,0
1605267000,19.9,19.9,19.87,19.87,0
1605267300,19.94,19.94,19.94,19.94,0
1605269700,19.87,19.93,19.79,19.84,0
1605270000,19.86,19.87,19.83,19.83,0
1605270300,19.8,19.81,19.76,19.76,0
1605270600,19.75,19.75,19.73,19.75,0
1605270900,19.76,19.76,19.76,19.76,0
1605271200,19.79,19.79,19.79,19.79,0
1605271500,19.82,19.88,19.82,19.88,0
1605271800,19.89,19.94,19.89,19.9,0
1605272100,19.92,19.94,19.92,19.94,0
1605272400,19.94,20.09,19.94,20.03,0
1605272700,20.05,20.05,20.05,20.05,0
1605273000,20.07,20.15,20.02,20.02,0
1605273300,20.01,20.1,19.75,20,0
1605273600,20.03,20.1,20,20,0
1605273900,20,20,19.9,19.9,0
1605274200,19.9,20.03,19.8213,20.0298,0
1605274500,20.08,20.09,20,20,0
1605274800,20,20.08,20,20.08,0
1605275100,20.05,20.05,20,20,0
1605275400,20.0299,20.0299,20.0299,20.0299,0
1605275700,19.95,19.95,19.95,19.95,0
1605276000,19.9,19.98,19.9,19.98,0
1605276300,19.9,19.94,19.9,19.94,0
1605276600,19.92,19.92,19.82,19.83,0
1605276900,19.81,19.88,19.81,19.8399,0
1605277200,19.83,19.83,19.8,19.8,0
1605277500,19.8,19.8999,19.8,19.87,0
1605277800,19.850000381469727,19.899999618530273,19.43000030517578,19.450000762939453,628515
1605278100,19.450000762939453,19.75,19.31999969482422,19.674999237060547,289500
1605278400,19.684999465942383,19.889999389648438,19.610000610351562,19.809999465942383,178319
1605278700,19.799999237060547,20.229999542236328,19.752700805664062,20.163999557495117,284981
1605279000,20.190000534057617,20.850000381469727,20.190000534057617,20.530000686645508,746951
1605279300,20.530000686645508,20.75,20.309999465942383,20.3700008392334,423495
1605279600,20.3700008392334,20.528799057006836,20.229999542236328,20.504899978637695,282061
1605279900,20.509700775146484,20.739999771118164,20.420000076293945,20.73069953918457,353183
1605280200,20.719999313354492,20.829999923706055,20.600000381469727,20.68000030517578,468221
1605280500,20.68939971923828,20.75,20.610000610351562,20.745500564575195,262377
1605280800,20.739999771118164,21.200000762939453,20.725000381469727,21.19499969482422,729691
1605281100,21.191999435424805,21.799999237060547,21.180099487304688,21.707300186157227,1038562
1605281400,21.704999923706055,21.790000915527344,21.219999313354492,21.489200592041016,898384
1605281700,21.489999771118164,21.65999984741211,21.40999984741211,21.514999389648438,469337
1605282000,21.511499404907227,21.8700008392334,21.489999771118164,21.84000015258789,587929
1605282300,21.86400032043457,21.8700008392334,21.34000015258789,21.382200241088867,484233
1605282600,21.389999389648438,21.450000762939453,21.200000762939453,21.260000228881836,380422
1605282900,21.250099182128906,21.290000915527344,21.020000457763672,21.110000610351562,480802
1605283200,21.100799560546875,21.479999542236328,21.100799560546875,21.479999542236328,256500
1605283500,21.479999542236328,21.639999389648438,21.3700008392334,21.549999237060547,276760
1605283800,21.55500030517578,21.68000030517578,21.479999542236328,21.621999740600586,236229
1605284100,21.635000228881836,21.670000076293945,21.459999084472656,21.52239990234375,233904
1605284400,21.516700744628906,21.68000030517578,21.510000228881836,21.594999313354492,154190
1605284700,21.600000381469727,21.604999542236328,21.480100631713867,21.56999969482422,212161
1605285000,21.559999465942383,21.560100555419922,21.309999465942383,21.315000534057617,181110
1605285300,21.30620002746582,21.360000610351562,21.229999542236328,21.291500091552734,153053
1605285600,21.290000915527344,21.389999389648438,21.110000610351562,21.25,244333
1605285900,21.25200080871582,21.439300537109375,21.25200080871582,21.36440086364746,111461
1605286200,21.375,21.440000534057617,21.350000381469727,21.399999618530273,123834
1605286500,21.399999618530273,21.530000686645508,21.360000610351562,21.520000457763672,182562
1605286800,21.520000457763672,21.527799606323242,21.209999084472656,21.223600387573242,155424
1605287100,21.21299934387207,21.31999969482422,21.150100708007812,21.26420021057129,150239
1605287400,21.27750015258789,21.399999618530273,21.229999542236328,21.315000534057617,139815
1605287700,21.31999969482422,21.325199127197266,21.010499954223633,21.09000015258789,206923
1605288000,21.079999923706055,21.09000015258789,20.760099411010742,20.85059928894043,330536
1605288300,20.844999313354492,20.989999771118164,20.829999923706055,20.94499969482422,159176
1605288600,20.931299209594727,20.96380043029785,20.8700008392334,20.94499969482422,97504
1605288900,20.93400001525879,21.030000686645508,20.90999984741211,21.010000228881836,92606
1605289200,21.01180076599121,21.049999237060547,20.940000534057617,21,98501
1605289500,21.006500244140625,21.09000015258789,20.93000030517578,21.070100784301758,94200
1605289800,21.079999923706055,21.09000015258789,21,21,71287
1605290100,21.010000228881836,21.110000610351562,20.979999542236328,21.106599807739258,79530
1605290400,21.110000610351562,21.112499237060547,20.989999771118164,20.989999771118164,94260
1605290700,20.989900588989258,21.110000610351562,20.96500015258789,21.06999969482422,97951
1605291000,21.072500228881836,21.072500228881836,20.959999084472656,20.959999084472656,56372
1605291300,20.964000701904297,20.964000701904297,20.800100326538086,20.899999618530273,138277
1605291600,20.889999389648438,20.979999542236328,20.81999969482422,20.918100357055664,57935
1605291900,20.90999984741211,20.940000534057617,20.829999923706055,20.829999923706055,69815
1605292200,20.829999923706055,20.952800750732422,20.81999969482422,20.902299880981445,65174
1605292500,20.90999984741211,21,20.898799896240234,20.940000534057617,68788
1605292800,20.93000030517578,21,20.899999618530273,20.969999313354492,60686
1605293100,20.985000610351562,21.06999969482422,20.979999542236328,20.989999771118164,79816
1605293400,20.9950008392334,21.06999969482422,20.989999771118164,21.04990005493164,79636
1605293700,21.040000915527344,21.049999237060547,21.010000228881836,21.010000228881836,65306
1605294000,21.020000457763672,21.059999465942383,20.922800064086914,20.940000534057617,104390
1605294300,20.93000030517578,20.979999542236328,20.8799991607666,20.93000030517578,70305
1605294600,20.91010093688965,20.93000030517578,20.780000686645508,20.790000915527344,96987
1605294900,20.78499984741211,20.944000244140625,20.729999542236328,20.895000457763672,106880
1605295200,20.870100021362305,20.989999771118164,20.8700008392334,20.934999465942383,82350
1605295500,20.933399200439453,20.969999313354492,20.850000381469727,20.899999618530273,68150
1605295800,20.889999389648438,20.989999771118164,20.829999923706055,20.959999084472656,87244
1605296100,20.959999084472656,20.959999084472656,20.8700008392334,20.8799991607666,74634
1605296400,20.899999618530273,20.950000762939453,20.8700008392334,20.950000762939453,43031
1605296700,20.940000534057617,20.950000762939453,20.860000610351562,20.899999618530273,61442
1605297000,20.93000030517578,20.940000534057617,20.899999618530273,20.905000686645508,55093
1605297300,20.90999984741211,20.950000762939453,20.90999984741211,20.940000534057617,79988
1605297600,20.940000534057617,20.969900131225586,20.899999618530273,20.94260025024414,89258
1605297900,20.93000030517578,21,20.93000030517578,20.979999542236328,83670
1605298200,20.979999542236328,21.079999923706055,20.950000762939453,21.079999923706055,126370
1605298500,21.059999465942383,21.190000534057617,21.059999465942383,21.170000076293945,198308
1605298800,21.15999984741211,21.15999984741211,21.059999465942383,21.1200008392334,122699
1605299100,21.110000610351562,21.239999771118164,21.110000610351562,21.22010040283203,180988
1605299400,21.233800888061523,21.290000915527344,21.139999389648438,21.280000686645508,199861
1605299700,21.280000686645508,21.290000915527344,21.18000030517578,21.209999084472656,175280
1605300000,21.219999313354492,21.280000686645508,21.1200008392334,21.280000686645508,174805
1605300300,21.274999618530273,21.290000915527344,21.139999389648438,21.209999084472656,187759
1605300600,21.209999084472656,21.209999084472656,21.079999923706055,21.10890007019043,233979
1605300900,21.100000381469727,21.190000534057617,21.100000381469727,21.15999984741211,326322
1605301200,21.18,21.18,21.18,21.18,92955
1605302100,21.1999,21.1999,21,21,0
1605302400,21.15,21.18,21.15,21.18,0
1605302700,21.19,21.2,21.1498,21.1498,0
1605303000,21.1998,21.2,21.1998,21.2,0
1605303300,21.2,21.21,21.15,21.21,0
1605303600,21.1998,21.2,21.1998,21.2,0
1605304200,21.2,21.2,21.13,21.1998,0
1605304500,21.2,21.2,21.1625,21.1625,0
1605304800,21.16,21.16,21.1,21.13,0
1605305100,21.08,21.1,21.08,21.1,0
1605305400,21.12,21.13,21.12,21.13,0
1605305700,21.1203,21.1203,21.1203,21.1203,0
1605306000,21.19,21.2,21.11,21.11,0
1605306300,21.11,21.18,21.11,21.18,0
1605306900,21.18,21.18,21.18,21.18,0
1605307200,21.2,21.2,21.12,21.12,0
1605307500,21.18,21.18,21.18,21.18,0
1605307800,21.12,21.12,21.12,21.12,0
1605308100,21.12,21.17,21.12,21.17,0
1605308400,21.19,21.19,21.19,21.19,0
1605308700,21.2,21.2,21.18,21.2,0
1605309000,21.2,21.2,21.17,21.2,0
1605309300,21.2,21.2,21.15,21.15,0
1605309600,21.15,21.15,21.15,21.15,0
1605310200,21.21,21.21,21.21,21.21,0
1605310500,21.21,21.21,21.21,21.21,0
1605311100,21.17,21.17,21.16,21.16,0
1605311400,21.2,21.21,21.16,21.16,0
1605312300,21.15,21.15,21.13,21.13,0
1605312600,21.14,21.15,21.14,21.15,0
1605312900,21.18,21.21,21.18,21.21,0
1605313200,21.2,21.2,21.18,21.2,0
1605313500,21.18,21.18,21.18,21.18,0
1605313800,21.19,21.19,21.19,21.19,0
1605314100,21.18,21.18,21.17,21.17,0
1605314700,21.17,21.17,21.16,21.16,0
1605315000,21.16,21.16,21.16,21.16,0
1605315300,21.16,21.16,21.12,21.12,0
