Date,Open,High,Low,Close,Volume
1605258900,3.8,3.8,3.78,3.78,0
1605259200,3.78,3.78,3.78,3.78,0
1605259500,3.78,3.78,3.78,3.78,0
1605259800,3.79,3.79,3.79,3.79,0
1605260100,3.79,3.79,3.79,3.79,0
1605260700,3.8,3.8,3.8,3.8,0
1605261000,3.79,3.79,3.79,3.79,0
1605261300,3.78,3.79,3.78,3.79,0
1605261600,3.78,3.785,3.78,3.78,0
1605262500,3.78,3.78,3.78,3.78,0
1605264600,3.78,3.78,3.78,3.78,0
1605264900,3.78,3.78,3.78,3.78,0
1605266700,3.78,3.78,3.78,3.78,0
1605268200,3.78,3.78,3.78,3.78,0
1605269700,3.77,3.77,3.77,3.77,0
1605270000,3.76,3.76,3.76,3.76,0
1605271200,3.76,3.76,3.75,3.75,0
1605271500,3.75,3.76,3.75,3.75,0
1605271800,3.76,3.76,3.76,3.76,0
1605272400,3.76,3.76,3.76,3.76,0
1605272700,3.76,3.76,3.75,3.75,0
1605273000,3.75,3.75,3.75,3.75,0
1605273300,3.77,3.77,3.75,3.75,0
1605273600,3.75,3.75,3.74,3.75,0
1605273900,3.74,3.74,3.74,3.74,0
1605274200,3.7401,3.75,3.7401,3.75,0
1605274500,3.75,3.75,3.7499,3.75,0
1605274800,3.75,3.75,3.7401,3.75,0
1605275100,3.74,3.75,3.74,3.75,0
1605275400,3.75,3.75,3.75,3.75,0
1605275700,3.7499,3.7499,3.7499,3.7499,0
1605276000,3.74,3.7499,3.74,3.74,0
1605276300,3.75,3.75,3.74,3.74,0
1605276600,3.74,3.75,3.73,3.74,0
1605276900,3.74,3.75,3.74,3.74,0
1605277200,3.74,3.75,3.74,3.75,0
1605277500,3.74,3.75,3.74,3.75,0
1605277800,3.740000009536743,3.7899999618530273,3.740000009536743,3.7899999618530273,3238245
1605278100,3.7899999618530273,3.809999942779541,3.7799999713897705,3.805000066757202,1784053
1605278400,3.808799982070923,3.8399999141693115,3.799999952316284,3.838399887084961,2446795
1605278700,3.8350000381469727,3.8399999141693115,3.819999933242798,3.8299999237060547,1037658
1605279000,3.8299999237060547,3.8399999141693115,3.819999933242798,3.8299999237060547,880041
1605279300,3.8350000381469727,3.859999895095825,3.819999933242798,3.825000047683716,1644448
1605279600,3.8299999237060547,3.8299999237060547,3.799999952316284,3.8261001110076904,1092923
1605279900,3.8234000205993652,3.8299999237060547,3.811300039291382,3.825000047683716,2195827
1605280200,3.8224000930786133,3.825000047683716,3.799999952316284,3.815000057220459,1099886
1605280500,3.809999942779541,3.815000057220459,3.7899999618530273,3.7950000762939453,1351554
1605280800,3.7923998832702637,3.809999942779541,3.7899999618530273,3.809999942779541,691305
1605281100,3.799999952316284,3.809999942779541,3.799999952316284,3.799999952316284,322820
1605281400,3.805000066757202,3.809999942779541,3.7850000858306885,3.800100088119507,1133253
1605281700,3.799999952316284,3.809999942779541,3.7911999225616455,3.799999952316284,852403
1605282000,3.799999952316284,3.81820011138916,3.7899999618530273,3.815000057220459,1591576
1605282300,3.811300039291382,3.819999933242798,3.809999942779541,3.815000057220459,181629
1605282600,3.819999933242798,3.819999933242798,3.809999942779541,3.815000057220459,323155
1605282900,3.8141000270843506,3.819999933242798,3.799999952316284,3.799999952316284,211245
1605283200,3.799999952316284,3.819999933242798,3.799999952316284,3.815000057220459,432587
1605283500,3.815000057220459,3.8299999237060547,3.801300048828125,3.819999933242798,1507085
1605283800,3.818000078201294,3.819999933242798,3.809999942779541,3.815000057220459,107172
1605284100,3.815000057220459,3.819999933242798,3.809999942779541,3.809999942779541,263598
1605284400,3.809999942779541,3.819999933242798,3.799999952316284,3.805799961090088,457165
1605284700,3.8036000728607178,3.809999942779541,3.7899999618530273,3.7899999618530273,1270260
1605285000,3.7901999950408936,3.809999942779541,3.7899999618530273,3.799999952316284,958071
1605285300,3.805000066757202,3.819999933242798,3.799999952316284,3.815000057220459,956132
1605285600,3.809999942779541,3.819999933242798,3.809999942779541,3.8108999729156494,113516
1605285900,3.815000057220459,3.819999933242798,3.809999942779541,3.809999942779541,107948
1605286200,3.809999942779541,3.819999933242798,3.809999942779541,3.819999933242798,211609
1605286500,3.815000057220459,3.819999933242798,3.809999942779541,3.815000057220459,814830
1605286800,3.819999933242798,3.819999933242798,3.809999942779541,3.809999942779541,111287
1605287100,3.815000057220459,3.819999933242798,3.809999942779541,3.811300039291382,83120
1605287400,3.809999942779541,3.819999933242798,3.809999942779541,3.8183000087738037,185652
1605287700,3.809999942779541,3.819999933242798,3.799999952316284,3.8024001121520996,344424
1605288000,3.8017001152038574,3.809999942779541,3.799999952316284,3.801300048828125,312705
1605288300,3.799999952316284,3.809999942779541,3.799999952316284,3.805000066757202,124046
1605288600,3.805000066757202,3.809999942779541,3.799999952316284,3.804500102996826,109820
1605288900,3.799999952316284,3.809999942779541,3.799999952316284,3.8066000938415527,88162
1605289200,3.802500009536743,3.809999942779541,3.799999952316284,3.809999942779541,98186
1605289500,3.799999952316284,3.809999942779541,3.799999952316284,3.805000066757202,74991
1605289800,3.799999952316284,3.809999942779541,3.799999952316284,3.805000066757202,174199
1605290100,3.799999952316284,3.809999942779541,3.799999952316284,3.799999952316284,122785
1605290400,3.805000066757202,3.809999942779541,3.799999952316284,3.805000066757202,158384
1605290700,3.808199882507324,3.809999942779541,3.799999952316284,3.805000066757202,67169
1605291000,3.799999952316284,3.809999942779541,3.799999952316284,3.799999952316284,163226
1605291300,3.805000066757202,3.809999942779541,3.799999952316284,3.805000066757202,104150
1605291600,3.805000066757202,3.809999942779541,3.799999952316284,3.799999952316284,409795
1605291900,3.799999952316284,3.809999942779541,3.799999952316284,3.805000066757202,127860
1605292200,3.799999952316284,3.809999942779541,3.799999952316284,3.802999973297119,69460
1605292500,3.799999952316284,3.809999942779541,3.799999952316284,3.799999952316284,602267
1605292800,3.805000066757202,3.809999942779541,3.7699999809265137,3.796099901199341,2135590
1605293100,3.7899999618530273,3.799999952316284,3.7899999618530273,3.7929999828338623,547229
1605293400,3.7899999618530273,3.799999952316284,3.7899999618530273,3.799999952316284,417250
1605293700,3.7950000762939453,3.799999952316284,3.7899999618530273,3.7950000762939453,326089
1605294000,3.7950000762939453,3.799999952316284,3.7899999618530273,3.7899999618530273,262604
1605294300,3.7899999618530273,3.799999952316284,3.7899999618530273,3.7899999618530273,217794
1605294600,3.798799991607666,3.799999952316284,3.7799999713897705,3.799999952316284,416063
1605294900,3.7995998859405518,3.799999952316284,3.7899999618530273,3.7950000762939453,142781
1605295200,3.7950000762939453,3.809999942779541,3.7950000762939453,3.805000066757202,597002
1605295500,3.799999952316284,3.809999942779541,3.791100025177002,3.799999952316284,536572
1605295800,3.7899999618530273,3.799999952316284,3.7899999618530273,3.7950000762939453,155280
1605296100,3.7899999618530273,3.799999952316284,3.7899999618530273,3.7950000762939453,106009
1605296400,3.7950000762939453,3.799999952316284,3.7899999618530273,3.799999952316284,162646
1605296700,3.7950000762939453,3.799999952316284,3.7899999618530273,3.799999952316284,166781
1605297000,3.7899999618530273,3.799999952316284,3.7899999618530273,3.7950000762939453,104545
1605297300,3.7980000972747803,3.799999952316284,3.7899999618530273,3.7899999618530273,522586
1605297600,3.793600082397461,3.799999952316284,3.7899999618530273,3.7939999103546143,89167
1605297900,3.7899999618530273,3.799999952316284,3.7899999618530273,3.7950000762939453,271730
1605298200,3.7950000762939453,3.799999952316284,3.7899999618530273,3.7950000762939453,164419
1605298500,3.7950000762939453,3.799999952316284,3.7899999618530273,3.7950000762939453,231833
1605298800,3.7950000762939453,3.799999952316284,3.7899999618530273,3.799999952316284,250917
1605299100,3.799999952316284,3.799999952316284,3.7899999618530273,3.799999952316284,205194
1605299400,3.7950000762939453,3.809999942779541,3.7899999618530273,3.809999942779541,793408
1605299700,3.809999942779541,3.809999942779541,3.799999952316284,3.805000066757202,313415
1605300000,3.805000066757202,3.819999933242798,3.799999952316284,3.8125,956291
1605300300,3.809999942779541,3.819999933242798,3.809999942779541,3.809999942779541,307048
1605300600,3.815000057220459,3.819999933242798,3.799999952316284,3.819999933242798,1521731
1605300900,3.809999942779541,3.819999933242798,3.809999942779541,3.809999942779541,1115854
1605301200,3.81,3.81,3.81,3.81,266021
1605302100,3.81,3.82,3.77,3.79,0
1605302400,3.79,3.79,3.79,3.79,0
1605302700,3.7998,3.8,3.7902,3.7999,0
1605303000,3.7998,3.7998,3.7998,3.7998,0
1605303600,3.79,3.7902,3.79,3.79,0
1605303900,3.7998,3.8,3.79,3.8,0
1605304200,3.79,3.79,3.79,3.79,0
1605304500,3.7998,3.8,3.79,3.8,0
1605304800,3.8,3.8,3.79,3.8,0
1605305100,3.795,3.8,3.79,3.8,0
1605305400,3.8,3.8,3.8,3.8,0
1605305700,3.8,3.82,3.8,3.82,0
1605306000,3.82,3.82,3.81,3.81,0
1605306600,3.8098,3.8098,3.8,3.8,0
1605306900,3.79,3.8,3.79,3.8,0
1605307200,3.8,3.8,3.79,3.8,0
1605307500,3.8,3.8,3.8,3.8,0
1605307800,3.8,3.8,3.8,3.8,0
1605308100,3.8,3.8,3.8,3.8,0
1605308400,3.8,3.81,3.8,3.81,0
1605308700,3.81,3.81,3.81,3.81,0
1605309000,3.8,3.81,3.8,3.81,0
1605309300,3.81,3.81,3.81,3.81,0
1605309600,3.81,3.81,3.81,3.81,0
1605310800,3.81,3.81,3.81,3.81,0
1605312000,3.81,3.82,3.81,3.82,0
1605312300,3.82,3.82,3.82,3.82,0
1605312600,3.82,3.82,3.82,3.82,0
1605312900,3.82,3.82,3.82,3.82,0
1605313200,3.82,3.82,3.82,3.82,0
1605313800,3.82,3.82,3.82,3.82,0
1605314100,3.8,3.8,3.8,3.8,0
1605314400,3.82,3.82,3.82,3.82,0
1605315000,3.82,3.83,3.82,3.83,0
1605315300,3.82,3.82,3.82,3.82,0
