Date,Open,High,Low,Close,Volume
1605259200,1.17,1.17,1.17,1.17,0
1605259500,1.21,1.21,1.21,1.21,0
1605260400,1.21,1.21,1.21,1.21,0
1605261000,1.2,1.21,1.2,1.21,0
1605261300,1.2,1.2,1.2,1.2,0
1605261600,1.2,1.2,1.2,1.2,0
1605262800,1.18,1.18,1.18,1.18,0
1605263700,1.2,1.2,1.18,1.18,0
1605264900,1.18,1.2,1.18,1.2,0
1605265500,1.18,1.18,1.18,1.18,0
1605266700,1.2,1.2,1.2,1.2,0
1605267600,1.2,1.2,1.2,1.2,0
1605269700,1.2,1.2,1.18,1.2,0
1605270000,1.2,1.2,1.2,1.2,0
1605270600,1.18,1.18,1.18,1.18,0
1605271500,1.19,1.19,1.19,1.19,0
1605271800,1.19,1.19,1.19,1.19,0
1605272400,1.19,1.19,1.19,1.19,0
1605272700,1.19,1.19,1.19,1.19,0
1605273000,1.19,1.19,1.19,1.19,0
1605273300,1.2,1.21,1.18,1.18,0
1605273600,1.18,1.18,1.17,1.18,0
1605273900,1.1799,1.1799,1.1799,1.1799,0
1605274500,1.17,1.17,1.17,1.17,0
1605275400,1.1799,1.1799,1.1799,1.1799,0
1605276000,1.18,1.18,1.18,1.18,0
1605276300,1.18,1.18,1.18,1.18,0
1605276600,1.18,1.18,1.17,1.17,0
1605276900,1.17,1.18,1.17,1.18,0
1605277200,1.1701,1.1701,1.17,1.17,0
1605277500,1.17,1.17,1.17,1.17,0
1605277800,1.1699999570846558,1.1785000562667847,1.149999976158142,1.1658999919891357,437201
1605278100,1.159999966621399,1.1699999570846558,1.1399999856948853,1.1485999822616577,199517
1605278400,1.146399974822998,1.1699999570846558,1.1426000595092773,1.1689000129699707,175880
1605278700,1.159999966621399,1.1655000448226929,1.149999976158142,1.149999976158142,147723
1605279000,1.151900053024292,1.1699999570846558,1.149999976158142,1.1511000394821167,139283
1605279300,1.1581000089645386,1.159999966621399,1.1399999856948853,1.149999976158142,118615
1605279600,1.1399999856948853,1.149999976158142,1.1299999952316284,1.1299999952316284,140295
1605279900,1.1349999904632568,1.1399999856948853,1.1299999952316284,1.1299999952316284,203869
1605280200,1.1349999904632568,1.1399999856948853,1.1299999952316284,1.1376999616622925,117263
1605280500,1.131600022315979,1.1399999856948853,1.1299999952316284,1.1349999904632568,86188
1605280800,1.1373000144958496,1.1399999856948853,1.1299999952316284,1.1349999904632568,65883
1605281100,1.1349999904632568,1.1399999856948853,1.1299999952316284,1.1385999917984009,60445
1605281400,1.1399999856948853,1.1399999856948853,1.1200000047683716,1.1266000270843506,355726
1605281700,1.1200000047683716,1.1299999952316284,1.1200000047683716,1.1200000047683716,109673
1605282000,1.1299999952316284,1.1299999952316284,1.1200000047683716,1.1200000047683716,92857
1605282300,1.1200000047683716,1.1299999952316284,1.1100000143051147,1.1100000143051147,208316
1605282600,1.1150000095367432,1.1200000047683716,1.1100000143051147,1.1150000095367432,111040
1605282900,1.1200000047683716,1.1200000047683716,1.1100000143051147,1.1160000562667847,117153
1605283200,1.1193000078201294,1.1299999952316284,1.1100000143051147,1.1201000213623047,272540
1605283500,1.1265000104904175,1.1299999952316284,1.1200000047683716,1.125,83622
1605283800,1.125,1.1299999952316284,1.1100000143051147,1.1100000143051147,207240
1605284100,1.118899941444397,1.1200000047683716,1.1100000143051147,1.1195000410079956,39676
1605284400,1.1150000095367432,1.1200000047683716,1.1100000143051147,1.1114000082015991,77443
1605284700,1.118899941444397,1.1200000047683716,1.1100000143051147,1.1200000047683716,105356
1605285000,1.118399977684021,1.128100037574768,1.1100000143051147,1.118899941444397,266384
1605285300,1.1100000143051147,1.1200000047683716,1.1100000143051147,1.1100000143051147,86777
1605285600,1.1195000410079956,1.1200000047683716,1.1100000143051147,1.1200000047683716,182837
1605285900,1.1167000532150269,1.1200000047683716,1.1100000143051147,1.1100000143051147,71644
1605286200,1.1150000095367432,1.1299999952316284,1.1100000143051147,1.125,316545
1605286500,1.1200000047683716,1.1299999952316284,1.1200000047683716,1.125,113832
1605286800,1.124500036239624,1.1399999856948853,1.1200000047683716,1.1299999952316284,268250
1605287100,1.1299999952316284,1.1301000118255615,1.1200000047683716,1.1259000301361084,111707
1605287400,1.1299999952316284,1.1482000350952148,1.1200000047683716,1.1401000022888184,252665
1605287700,1.141700029373169,1.149999976158142,1.1299999952316284,1.1318999528884888,284191
1605288000,1.132200002670288,1.1399999856948853,1.1299999952316284,1.1399999856948853,60871
1605288300,1.1299999952316284,1.1399999856948853,1.1299999952316284,1.1385999917984009,79774
1605288600,1.1389000415802002,1.1399999856948853,1.1299999952316284,1.1299999952316284,58856
1605288900,1.1349999904632568,1.1399999856948853,1.1299999952316284,1.1299999952316284,34604
1605289200,1.1299999952316284,1.1399999856948853,1.1299999952316284,1.1389000415802002,78917
1605289500,1.1299999952316284,1.1399999856948853,1.1299999952316284,1.1299999952316284,16473
1605289800,1.1389000415802002,1.1399999856948853,1.1299999952316284,1.1349999904632568,40203
1605290100,1.1378999948501587,1.1399999856948853,1.1299999952316284,1.1299999952316284,48370
1605290400,1.1349999904632568,1.1399999856948853,1.1299999952316284,1.1399999856948853,45611
1605290700,1.1349999904632568,1.1399999856948853,1.1299999952316284,1.1399999856948853,18930
1605291000,1.1349999904632568,1.1399999856948853,1.1299999952316284,1.1399999856948853,24415
1605291300,1.1399999856948853,1.1399999856948853,1.1299999952316284,1.1299999952316284,37368
1605291600,1.1399999856948853,1.1399999856948853,1.1299999952316284,1.1301000118255615,59390
1605291900,1.1349999904632568,1.1399999856948853,1.1299999952316284,1.1333999633789062,13288
1605292200,1.1399999856948853,1.1399999856948853,1.1299999952316284,1.1299999952316284,26839
1605292500,1.1389000415802002,1.1399999856948853,1.1299999952316284,1.1365000009536743,96182
1605292800,1.1398999691009521,1.1399999856948853,1.1299999952316284,1.1299999952316284,64964
1605293100,1.1365000009536743,1.1399999856948853,1.1299999952316284,1.1299999952316284,56085
1605293400,1.1389000415802002,1.1399999856948853,1.1299999952316284,1.1399999856948853,16295
1605293700,1.1299999952316284,1.1399999856948853,1.1200000047683716,1.1200000047683716,69073
1605294000,1.125,1.1299999952316284,1.1200000047683716,1.1212999820709229,20389
1605294300,1.124500036239624,1.1299999952316284,1.1200000047683716,1.1299999952316284,61950
1605294600,1.1289000511169434,1.1299999952316284,1.1200000047683716,1.1200000047683716,32944
1605294900,1.12909996509552,1.1299999952316284,1.1200000047683716,1.1289000511169434,61824
1605295200,1.1272000074386597,1.1299999952316284,1.1200000047683716,1.1289000511169434,59414
1605295500,1.1299999952316284,1.1299999952316284,1.1200000047683716,1.1200000047683716,18921
1605295800,1.128999948501587,1.1299999952316284,1.1200000047683716,1.1289000511169434,60027
1605296100,1.1289000511169434,1.1299999952316284,1.1200000047683716,1.1289000511169434,45493
1605296400,1.1200000047683716,1.1299999952316284,1.1200000047683716,1.1299999952316284,23090
1605296700,1.1289000511169434,1.1299999952316284,1.1200000047683716,1.1299999952316284,40748
1605297000,1.1200000047683716,1.1299999952316284,1.1200000047683716,1.125,17126
1605297300,1.1269999742507935,1.1299999952316284,1.1200000047683716,1.1289000511169434,19771
1605297600,1.1212999820709229,1.1299999952316284,1.1200000047683716,1.1269999742507935,44300
1605297900,1.125,1.1299999952316284,1.1200000047683716,1.1297999620437622,40642
1605298200,1.1299999952316284,1.1399999856948853,1.1200000047683716,1.1200000047683716,396894
1605298500,1.1279000043869019,1.1299999952316284,1.1100000143051147,1.1150000095367432,400543
1605298800,1.1150000095367432,1.1200000047683716,1.1100000143051147,1.1174999475479126,223346
1605299100,1.118899941444397,1.1200000047683716,1.1100000143051147,1.1154999732971191,52351
1605299400,1.1200000047683716,1.1200000047683716,1.1100000143051147,1.1150000095367432,93610
1605299700,1.1100000143051147,1.1200000047683716,1.1100000143051147,1.1150000095367432,86473
1605300000,1.1150000095367432,1.125,1.1100000143051147,1.1200000047683716,264589
1605300300,1.1200000047683716,1.1299999952316284,1.1100000143051147,1.1299999952316284,144129
1605300600,1.121000051498413,1.1299999952316284,1.1100000143051147,1.1150000095367432,229675
1605300900,1.1200000047683716,1.1299999952316284,1.1100000143051147,1.125,310270
1605301200,1.12,1.13,1.12,1.13,193154
1605302100,1.12,1.13,1.12,1.13,0
1605302400,1.1299,1.13,1.12,1.13,0
1605302700,1.12,1.13,1.12,1.13,0
1605303000,1.13,1.15,1.13,1.1499,0
1605303300,1.13,1.15,1.13,1.15,0
1605303600,1.14,1.15,1.14,1.14,0
1605303900,1.14,1.15,1.14,1.15,0
1605304500,1.14,1.14,1.14,1.14,0
1605304800,1.1398,1.15,1.13,1.15,0
1605305100,1.14,1.14,1.14,1.14,0
1605305400,1.14,1.14,1.13,1.13,0
1605305700,1.14,1.14,1.14,1.14,0
1605306300,1.15,1.15,1.15,1.15,0
1605306600,1.1498,1.15,1.1498,1.15,0
1605306900,1.15,1.15,1.15,1.15,0
1605307200,1.15,1.15,1.15,1.15,0
1605307500,1.15,1.15,1.13,1.13,0
1605307800,1.13,1.13,1.13,1.13,0
1605308100,1.15,1.15,1.13,1.13,0
1605308700,1.13,1.13,1.13,1.13,0
1605309000,1.14,1.15,1.14,1.15,0
1605310500,1.15,1.15,1.15,1.15,0
1605310800,1.15,1.15,1.15,1.15,0
1605311100,1.15,1.15,1.15,1.15,0
1605313500,1.15,1.15,1.15,1.15,0
1605313800,1.14,1.16,1.14,1.16,0
1605314100,1.16,1.16,1.16,1.16,0
1605314700,1.16,1.16,1.16,1.16,0
1605315000,1.15,1.16,1.15,1.16,0
1605315300,1.16,1.16,1.16,1.16,0
