Date,Open,High,Low,Close,Volume
1605258900,11.11,11.18,11.11,11.18,0
1605259200,11.12,11.12,11.06,11.1,0
1605259500,11.22,11.3,11.22,11.3,0
1605260100,11.25,11.3,11.25,11.3,0
1605260400,11.29,11.38,11.29,11.38,0
1605260700,11.32,11.38,11.32,11.38,0
1605261000,11.3,11.3,11.3,11.3,0
1605261900,11.35,11.38,11.35,11.38,0
1605262200,11.36,11.38,11.36,11.38,0
1605262500,11.38,11.38,11.37,11.37,0
1605262800,11.39,11.39,11.39,11.39,0
1605263100,11.3,11.3,11.3,11.3,0
1605263700,11.3,11.4,11.3,11.4,0
1605264000,11.4,11.4,11.4,11.4,0
1605264600,11.41,11.41,11.41,11.41,0
1605264900,11.41,11.41,11.41,11.41,0
1605266100,11.39,11.39,11.36,11.36,0
1605266400,11.35,11.35,11.35,11.35,0
1605266700,11.37,11.42,11.37,11.42,0
1605267000,11.42,11.42,11.37,11.37,0
1605267600,11.42,11.42,11.32,11.32,0
1605267900,11.32,11.32,11.32,11.32,0
1605269400,11.32,11.32,11.32,11.32,0
1605269700,11.34,11.35,11.32,11.35,0
1605270000,11.35,11.35,11.35,11.35,0
1605270300,11.35,11.35,11.35,11.35,0
1605270600,11.36,11.36,11.36,11.36,0
1605270900,11.38,11.41,11.37,11.37,0
1605271500,11.38,11.38,11.36,11.36,0
1605271800,11.35,11.38,11.2,11.37,0
1605272100,11.37,11.37,11.36,11.36,0
1605272400,11.35,11.35,11.33,11.33,0
1605273000,11.33,11.33,11.33,11.33,0
1605273300,11.35,11.41,11.3,11.33,0
1605273600,11.31,11.31,11.3,11.3,0
1605273900,11.29,11.3001,11.27,11.3,0
1605274200,11.3001,11.3001,11.3,11.3,0
1605274500,11.3001,11.3001,11.3,11.3,0
1605274800,11.31,11.31,11.31,11.31,0
1605275100,11.33,11.34,11.3,11.33,0
1605275400,11.31,11.3101,11.31,11.3101,0
1605275700,11.3101,11.3101,11.31,11.31,0
1605276000,11.33,11.33,11.27,11.27,0
1605276300,11.3,11.3,11.28,11.2999,0
1605276600,11.2801,11.3,11.28,11.3,0
1605276900,11.31,11.35,11.31,11.35,0
1605277200,11.35,11.35,11.34,11.34,0
1605277500,11.3,11.36,11.3,11.35,0
1605277800,11.399999618530273,11.590100288391113,11.369999885559082,11.539999961853027,686813
1605278100,11.545000076293945,11.565099716186523,11.410099983215332,11.479999542236328,237570
1605278400,11.470000267028809,11.569999694824219,11.470000267028809,11.550000190734863,328958
1605278700,11.539999961853027,11.630000114440918,11.529999732971191,11.610099792480469,320721
1605279000,11.619999885559082,11.635000228881836,11.529999732971191,11.598199844360352,194252
1605279300,11.59000015258789,11.680000305175781,11.59000015258789,11.670000076293945,270868
1605279600,11.675000190734863,11.720000267028809,11.635000228881836,11.710000038146973,366933
1605279900,11.704999923706055,11.720000267028809,11.649999618530273,11.699999809265137,213986
1605280200,11.703100204467773,11.760000228881836,11.649999618530273,11.65999984741211,337740
1605280500,11.660099983215332,11.710000038146973,11.64009952545166,11.680000305175781,239212
1605280800,11.6899995803833,11.6899995803833,11.619999885559082,11.680000305175781,222249
1605281100,11.680000305175781,11.720000267028809,11.649999618530273,11.701800346374512,156011
1605281400,11.699999809265137,11.725000381469727,11.680000305175781,11.6899995803833,98390
1605281700,11.699999809265137,11.710000038146973,11.649999618530273,11.670000076293945,199478
1605282000,11.670000076293945,11.75,11.65999984741211,11.71500015258789,320374
1605282300,11.710000038146973,11.718199729919434,11.65999984741211,11.6899995803833,181026
1605282600,11.6899995803833,11.725000381469727,11.680000305175781,11.710000038146973,109805
1605282900,11.710000038146973,11.71500015258789,11.65999984741211,11.664999961853027,144167
1605283200,11.670000076293945,11.699999809265137,11.649999618530273,11.65999984741211,189749
1605283500,11.654999732971191,11.670000076293945,11.609999656677246,11.649999618530273,204549
1605283800,11.651300430297852,11.664999961853027,11.619999885559082,11.649999618530273,109859
1605284100,11.649999618530273,11.65999984741211,11.600000381469727,11.604999542236328,121640
1605284400,11.609999656677246,11.649999618530273,11.604999542236328,11.625,111760
1605284700,11.630000114440918,11.670000076293945,11.600000381469727,11.670000076293945,133764
1605285000,11.670000076293945,11.729999542236328,11.670000076293945,11.710000038146973,181451
1605285300,11.710000038146973,11.739999771118164,11.680000305175781,11.734999656677246,126808
1605285600,11.739999771118164,11.800000190734863,11.73009967803955,11.79580020904541,252024
1605285900,11.795000076293945,11.800000190734863,11.760000228881836,11.770000457763672,182055
1605286200,11.760000228881836,11.770000457763672,11.729999542236328,11.75,142688
1605286500,11.739999771118164,11.748900413513184,11.694999694824219,11.729999542236328,148352
1605286800,11.725000381469727,11.729999542236328,11.699999809265137,11.704999923706055,88756
1605287100,11.704999923706055,11.71500015258789,11.680000305175781,11.686100006103516,49165
1605287400,11.6850004196167,11.710000038146973,11.680000305175781,11.699999809265137,55266
1605287700,11.694999694824219,11.729999542236328,11.6899995803833,11.720000267028809,91848
1605288000,11.720000267028809,11.739100456237793,11.6899995803833,11.71500015258789,69153
1605288300,11.710000038146973,11.720000267028809,11.699999809265137,11.710000038146973,89947
1605288600,11.710000038146973,11.729999542236328,11.704999923706055,11.729999542236328,98609
1605288900,11.725000381469727,11.729999542236328,11.670000076293945,11.670000076293945,71833
1605289200,11.670000076293945,11.675000190734863,11.609999656677246,11.609999656677246,280843
1605289500,11.616499900817871,11.654999732971191,11.609999656677246,11.654999732971191,96572
1605289800,11.654999732971191,11.6899995803833,11.650300025939941,11.680000305175781,103235
1605290100,11.680000305175781,11.694999694824219,11.670000076293945,11.684100151062012,64546
1605290400,11.6899995803833,11.699999809265137,11.65999984741211,11.694999694824219,130244
1605290700,11.699999809265137,11.729999542236328,11.6899995803833,11.729999542236328,138116
1605291000,11.729999542236328,11.739899635314941,11.6899995803833,11.704999923706055,89230
1605291300,11.704999923706055,11.710000038146973,11.682100296020508,11.694999694824219,73166
1605291600,11.6899995803833,11.710000038146973,11.670000076293945,11.6850004196167,100462
1605291900,11.6899995803833,11.720000267028809,11.6850004196167,11.713000297546387,48021
1605292200,11.720000267028809,11.720000267028809,11.6899995803833,11.710000038146973,66014
1605292500,11.710000038146973,11.770000457763672,11.710000038146973,11.760100364685059,119712
1605292800,11.770000457763672,11.819999694824219,11.760000228881836,11.8149995803833,324400
1605293100,11.813899993896484,11.819999694824219,11.779999732971191,11.800000190734863,140031
1605293400,11.800000190734863,11.829999923706055,11.800000190734863,11.824999809265137,121203
1605293700,11.824999809265137,11.854999542236328,11.819999694824219,11.845000267028809,188191
1605294000,11.850000381469727,11.860099792480469,11.805000305175781,11.819999694824219,183402
1605294300,11.8149995803833,11.850000381469727,11.800000190734863,11.850000381469727,134855
1605294600,11.850000381469727,11.890000343322754,11.829999923706055,11.835000038146973,270758
1605294900,11.84000015258789,11.850000381469727,11.819999694824219,11.835000038146973,169934
1605295200,11.835000038146973,11.869999885559082,11.835000038146973,11.854999542236328,98167
1605295500,11.859999656677246,11.899999618530273,11.859999656677246,11.899999618530273,100124
1605295800,11.895000457763672,11.930000305175781,11.869999885559082,11.889900207519531,300170
1605296100,11.890000343322754,11.930000305175781,11.869999885559082,11.90999984741211,178969
1605296400,11.90999984741211,11.920000076293945,11.890000343322754,11.904999732971191,97079
1605296700,11.90999984741211,11.920000076293945,11.8100004196167,11.8100004196167,290663
1605297000,11.8149995803833,11.829999923706055,11.779999732971191,11.824999809265137,525432
1605297300,11.819999694824219,11.890000343322754,11.819999694824219,11.875,193799
1605297600,11.875,11.899999618530273,11.850000381469727,11.88010025024414,130304
1605297900,11.890000343322754,11.890000343322754,11.84000015258789,11.850000381469727,179177
1605298200,11.850000381469727,11.854999542236328,11.800000190734863,11.835000038146973,140921
1605298500,11.84000015258789,11.854999542236328,11.819999694824219,11.845000267028809,114236
1605298800,11.84000015258789,11.845000267028809,11.8100004196167,11.819999694824219,84300
1605299100,11.819999694824219,11.829999923706055,11.8100004196167,11.8100004196167,91718
1605299400,11.8149995803833,11.824999809265137,11.770000457763672,11.824999809265137,482546
1605299700,11.824999809265137,11.83899974822998,11.8100004196167,11.835000038146973,212877
1605300000,11.835000038146973,11.859999656677246,11.8100004196167,11.8100004196167,294371
1605300300,11.8149995803833,11.829999923706055,11.78499984741211,11.800000190734863,344713
1605300600,11.800000190734863,11.829999923706055,11.770000457763672,11.776200294494629,506161
1605300900,11.774999618530273,11.819999694824219,11.770000457763672,11.8100004196167,1023817
1605301200,11.8,11.8,11.8,11.8,1145868
1605302100,11.8,11.8,11.78,11.8,0
1605302400,11.78,11.7999,11.655,11.7999,0
1605302700,11.7998,11.8,11.78,11.8,0
1605303000,11.8,11.8,11.7999,11.8,0
1605303300,11.7998,11.8,11.7998,11.8,0
1605303900,11.7998,11.7998,11.7998,11.7998,0
1605304200,11.78,11.82,11.78,11.81,0
1605304500,11.85,11.85,11.81,11.81,0
1605305100,11.85,11.89,11.85,11.89,0
1605305400,11.86,11.89,11.86,11.89,0
1605305700,11.88,11.88,11.78,11.78,0
1605306000,11.79,11.81,11.79,11.8,0
1605306300,11.85,11.89,11.85,11.89,0
1605306600,11.8302,11.8302,11.8302,11.8302,0
1605306900,11.86,11.86,11.8,11.8298,0
1605307200,11.81,11.83,11.81,11.83,0
1605307500,11.83,11.83,11.8,11.8,0
1605307800,11.8,11.84,11.8,11.84,0
1605310200,11.82,11.82,11.78,11.78,0
1605310500,11.78,11.78,11.78,11.78,0
1605311100,11.78,11.78,11.78,11.78,0
1605311700,11.77,11.77,11.76,11.76,0
1605312000,11.8,11.8,11.8,11.8,0
1605312300,11.78,11.8,11.76,11.76,0
1605312900,11.8,11.8,11.8,11.8,0
1605313500,11.79,11.79,11.79,11.79,0
1605313800,11.79,11.79,11.76,11.76,0
1605314100,11.76,11.76,11.76,11.76,0
1605314400,11.76,11.77,11.76,11.77,0
1605314700,11.77,11.8,11.77,11.8,0
1605315000,11.77,11.77,11.77,11.77,0
