Date,Open,High,Low,Close,Volume
1605258900,135.05,139.21,135.05,139,0
1605259200,138.31,138.32,136,136.5,0
1605259500,136.9,137.2,136.5,137.2,0
1605259800,137.95,138.36,137.95,138.36,0
1605260100,138,138.79,137.98,138.6,0
1605260400,138.35,138.8,138.3,138.35,0
1605260700,138.45,138.45,138.45,138.45,0
1605261000,138.6,138.6,138,138,0
1605261300,137.5,137.5,137.5,137.5,0
1605261600,137.88,137.98,137.88,137.98,0
1605261900,137.97,137.97,137.9,137.9,0
1605262200,137.88,137.89,137.88,137.89,0
1605262500,137.8,137.9,137.8,137.9,0
1605262800,137.79,137.79,137.69,137.69,0
1605263100,137.79,138.5,137.79,138.5,0
1605263400,138.35,138.35,138,138,0
1605263700,138.37,138.97,138.37,138.97,0
1605264000,138.88,139.49,138.8,139.46,0
1605264300,139.39,139.5,139.14,139.14,0
1605264600,139.23,139.48,139.23,139.31,0
1605264900,139.46,139.46,139,139,0
1605265200,139,139,138.75,138.75,0
1605265500,138.99,139,138.8,138.98,0
1605265800,139,139,138.9,138.9,0
1605266100,138.75,138.75,138.75,138.75,0
1605266400,138.85,138.85,138.7,138.7,0
1605266700,138.7,138.73,138.7,138.71,0
1605267000,138.9,138.9,138.89,138.9,0
1605267300,138.9,138.9,138.89,138.89,0
1605267900,138.76,138.76,138.75,138.75,0
1605268200,138.8,138.8,138.76,138.76,0
1605268500,138.8,138.8,138.8,138.8,0
1605268800,138.79,138.8,138.75,138.75,0
1605269100,138.75,138.75,138.75,138.75,0
1605269400,138.8,138.8,138.8,138.8,0
1605269700,138.8,139.18,138.75,139.02,0
1605270000,139.14,139.5,139.09,139.5,0
1605270300,139.5,139.58,139.15,139.15,0
1605270600,139.15,139.95,139.15,139.8,0
1605270900,139.89,139.95,139.8,139.8,0
1605271200,139.83,139.95,139.5,139.5,0
1605271500,139.3,139.35,139.25,139.35,0
1605271800,139.32,139.35,139.16,139.35,0
1605272100,139.35,139.8,139.31,139.6,0
1605272400,139.4,139.4,139,139.26,0
1605272700,139.32,139.4,139.3,139.4,0
1605273000,139.45,140.5,139.4,140.48,0
1605273300,140.4,140.5,138.75,140.3,0
1605273600,140.25,140.3,140.05,140.25,0
1605273900,140.37,140.5,140.35,140.5,0
1605274200,140.42,140.85,140.4,140.85,0
1605274500,140.75,140.8,140.6,140.65,0
1605274800,140.65,141.28,140.55,141.02,0
1605275100,141.0999,141.1,140.05,140.36,0
1605275400,140.22,140.36,140,140.36,0
1605275700,140.32,140.88,140.32,140.88,0
1605276000,140.8001,141,140.2,140.21,0
1605276300,140.23,140.48,140.2,140.4,0
1605276600,140.35,140.5,140.35,140.5,0
1605276900,140.4,140.5,140.4,140.5,0
1605277200,140.5,140.61,140.4,140.6,0
1605277500,140.66,140.88,140.6,140.87,0
1605277800,140.72000122070312,144.60000610351562,140.63999938964844,143.6750030517578,2034552
1605278100,143.5399932861328,147.57000732421875,143.0500030517578,147.3699951171875,803620
1605278400,147.43499755859375,148.9600067138672,146.70010375976562,147.7239990234375,905346
1605278700,147.66000366210938,148.8000030517578,147.3800048828125,147.9904022216797,490428
1605279000,148,148.8000030517578,144.25999450683594,144.74000549316406,735326
1605279300,144.72999572753906,145.8863067626953,144,144.71499633789062,695157
1605279600,144.67999267578125,145.18649291992188,143,144.97999572753906,546562
1605279900,144.97000122070312,146.36990356445312,144.49000549316406,145.4600067138672,483260
1605280200,145.41000366210938,145.5,143.89480590820312,144.98500061035156,406012
1605280500,144.92999267578125,145.16000366210938,143.8000030517578,143.97000122070312,344570
1605280800,143.98809814453125,145.36000061035156,143.8699951171875,145.13499450683594,445012
1605281100,145.14500427246094,145.3726043701172,143.60000610351562,144,382720
1605281400,143.9499969482422,144.8000030517578,143.84500122070312,144.4499969482422,284748
1605281700,144.4333953857422,144.4333953857422,143.89999389648438,143.97000122070312,282791
1605282000,144,145,143.8800048828125,144.8300018310547,364153
1605282300,144.89999389648438,145.86000061035156,144.3800048828125,145.625,218298
1605282600,145.60719299316406,145.9499969482422,145.1768035888672,145.46499633789062,332617
1605282900,145.4600067138672,145.5800018310547,144.69239807128906,145.24000549316406,252575
1605283200,145.2550048828125,145.9499969482422,143.9499969482422,144.99000549316406,357918
1605283500,144.99000549316406,145.639892578125,144.1999969482422,145.375,316582
1605283800,145.41810607910156,145.63999938964844,144.9600067138672,145.46499633789062,148458
1605284100,145.4550018310547,146.58999633789062,145.42019653320312,146.07000732421875,316381
1605284400,146.14500427246094,148.1199951171875,146.00999450683594,148,487001
1605284700,147.9700927734375,149.74000549316406,147.85000610351562,148.91000366210938,573944
1605285000,148.94000244140625,149.88999938964844,148.61000061035156,149.5800018310547,366618
1605285300,149.6013946533203,149.91000366210938,148.85009765625,149.2050018310547,293887
1605285600,149.18060302734375,150.1999969482422,149,149.64999389648438,439063
1605285900,149.59500122070312,152.1699981689453,149.52999877929688,151.84190368652344,608781
1605286200,151.91000366210938,152.27999877929688,150.60000610351562,151.17559814453125,426625
1605286500,151.1750030517578,151.78660583496094,150.7100067138672,151.2584991455078,338817
1605286800,151.1999969482422,151.6999969482422,150.72000122070312,151.4600067138672,206037
1605287100,151.375,151.63999938964844,150.77000427246094,151.1190948486328,296068
1605287400,151.07009887695312,151.30990600585938,150.00999450683594,150.42999267578125,285655
1605287700,150.4149932861328,151.27499389648438,149.9600067138672,150.0449981689453,301946
1605288000,150.07000732421875,150.25,148.6300048828125,149.13499450683594,411169
1605288300,149.13499450683594,149.93980407714844,149.00059509277344,149.56500244140625,167347
1605288600,149.55999755859375,150.63999938964844,148.85000610351562,150.60000610351562,230225
1605288900,150.63499450683594,151.5,150.22000122070312,151.4208984375,362593
1605289200,151.36000061035156,152.69000244140625,151.21009826660156,152.5800018310547,603130
1605289500,152.58999633789062,153.16000366210938,151.87010192871094,152.74000549316406,411496
1605289800,152.82000732421875,153.32989501953125,152.35009765625,152.83999633789062,272066
1605290100,152.8323974609375,154.1199951171875,152.75059509277344,153.9219970703125,303383
1605290400,153.8699951171875,154.3699951171875,153.16000366210938,153.2908935546875,300083
1605290700,153.41000366210938,153.49000549316406,152.35000610351562,152.63499450683594,367503
1605291000,152.60000610351562,153.12989807128906,152.2100067138672,152.32000732421875,241520
1605291300,152.35499572753906,152.39999389648438,151.02000427246094,151.10000610351562,393836
1605291600,151.05499267578125,153.2100067138672,151.05499267578125,152.99000549316406,270932
1605291900,153.00999450683594,153.89990234375,152.88009643554688,153.0500030517578,288997
1605292200,152.97000122070312,153.04989624023438,151.6300048828125,152,273167
1605292500,151.92269897460938,152,150.25999450683594,151.1999969482422,289408
1605292800,151.1999969482422,152.75999450683594,151.14999389648438,152.68499755859375,231766
1605293100,152.67990112304688,153.2899932861328,152.5,153.22000122070312,230897
1605293400,153.2899932861328,153.8800048828125,152.87010192871094,153.5131072998047,169767
1605293700,153.47019958496094,153.63999938964844,152.88999938964844,153.4149932861328,113146
1605294000,153.4149932861328,154.8800048828125,153.4149932861328,154.13999938964844,316652
1605294300,154.14999389648438,154.38999938964844,153.8699951171875,154,158113
1605294600,154,154.2899932861328,153.8101043701172,153.98500061035156,168574
1605294900,153.97000122070312,155.14999389648438,153.75,155.09759521484375,219405
1605295200,155.139892578125,155.49000549316406,154.1199951171875,154.41000366210938,245940
1605295500,154.3699951171875,155.14999389648438,154.33999633789062,155.02220153808594,239721
1605295800,155.02000427246094,155.28500366210938,154.64999389648438,154.97000122070312,160521
1605296100,154.99000549316406,155.42999267578125,154.8625946044922,155.3800048828125,158630
1605296400,155.39999389648438,155.4199981689453,154.8800048828125,155,125126
1605296700,155.05999755859375,155.61000061035156,154.4600067138672,154.77999877929688,211105
1605297000,154.62249755859375,154.77000427246094,153.38009643554688,153.55520629882812,250114
1605297300,153.6199951171875,153.83999633789062,152.52000427246094,153.2998046875,242972
1605297600,153.22999572753906,153.3300018310547,151.8699951171875,152.5500030517578,254995
1605297900,152.47500610351562,152.47500610351562,150.3000030517578,150.625,366548
1605298200,150.625,151.2899932861328,149.92999267578125,149.94000244140625,489627
1605298500,149.94000244140625,150.83990478515625,149.60000610351562,150.0850067138672,321808
1605298800,150.0850067138672,150.4199981689453,149.13999938964844,150.41000366210938,354037
1605299100,150.28269958496094,151.61000061035156,150.24920654296875,151.0164031982422,301326
1605299400,150.8699951171875,152.38999938964844,150.7899932861328,150.80999755859375,500514
1605299700,150.88999938964844,151.67999267578125,150.1199951171875,150.38999938964844,267788
1605300000,150.4499969482422,152.35000610351562,150.36000061035156,152.2899932861328,289328
1605300300,152.2949981689453,152.8000030517578,151.1999969482422,151.7429962158203,418164
1605300600,151.8300018310547,152.3699951171875,150.61000061035156,150.89999389648438,366809
1605300900,150.90499877929688,151.47999572753906,150.1999969482422,151.11000061035156,719696
1605301200,151.29,151.29,151.29,151.29,262002
1605302100,151,151.44,150.9,151.42,0
1605302400,151.42,151.74,151.4,151.4,0
1605302700,151.78,152.18,151.78,152.03,0
1605303000,152.05,152.05,152.05,152.05,0
1605303300,151.9998,151.9998,151.55,151.8,0
1605303600,151.99,151.99,151.8,151.99,0
1605303900,151.97,151.97,151.97,151.97,0
1605304200,151.8,152.07,151.29,152.07,0
1605304500,152.5,152.5,152.13,152.13,0
1605304800,152.1,152.4,151.29,152.17,0
1605305400,151.29,151.29,151.29,151.29,0
1605305700,152.4,152.4,152.22,152.22,0
1605306000,152.3,152.3,152.09,152.09,0
1605306300,152.09,152.09,151.95,151.95,0
1605306600,152.09,152.09,152.09,152.09,0
1605306900,152.1,152.1,152.1,152.1,0
1605307200,152.1,152.2,152.1,152.2,0
1605307500,152.5,152.5,152.5,152.5,0
1605307800,152.5,152.5,152.5,152.5,0
1605308100,152,152.46,152,152.46,0
1605309000,152.18,152.18,152.18,152.18,0
1605309300,152.45,152.5,152.45,152.5,0
1605309600,152.59,152.75,152.59,152.75,0
1605309900,152.82,152.82,152.82,152.82,0
1605310200,152.77,152.77,152.75,152.75,0
1605310500,152.74,152.74,152.59,152.73,0
1605310800,152.6,152.6,152,152,0
1605311100,152.57,152.57,152,152.08,0
1605311400,152.22,152.5,152.21,152.21,0
1605311700,152.31,152.5899,152.31,152.5899,0
1605312000,152,152,152,152,0
1605312300,152,152,152,152,0
1605312600,152,152,152,152,0
1605312900,151.9,151.9,151.9,151.9,0
1605313200,151.86,151.86,151.7,151.81,0
1605313500,151.72,152,151.7,151.81,0
1605314100,151.98,152,151.98,151.98,0
1605314400,152,152.01,152,152.01,0
1605315000,151.84,152.4,151.84,152.4,0
1605315300,152.03,152.03,152,152,0
