Date,Open,High,Low,Close,Volume
1605258900,37.69,37.74,37.69,37.7,0
1605259200,37.69,37.7,37.69,37.7,0
1605259500,37.72,37.75,37.7,37.72,0
1605259800,37.73,37.73,37.73,37.73,0
1605260400,37.77,37.8,37.75,37.8,0
1605261000,37.8,37.9,37.8,37.9,0
1605261300,37.89,37.89,37.89,37.89,0
1605261600,37.92,37.95,37.92,37.95,0
1605261900,37.96,38.04,37.96,38.04,0
1605262200,38,38.03,37.95,38,0
1605262500,38,38.11,38,38.02,0
1605262800,38.09,38.09,38.09,38.09,0
1605263400,38.02,38.02,38.01,38.01,0
1605263700,38.02,38.02,38.01,38.01,0
1605264000,38.01,38.01,38,38,0
1605264300,38,38.02,38,38.02,0
1605264600,38.05,38.05,38.03,38.05,0
1605265200,37.96,37.98,37.95,37.98,0
1605265500,37.99,38.03,37.99,38.03,0
1605265800,38,38.05,38,38.05,0
1605266100,38.05,38.05,38.01,38.02,0
1605266400,38.02,38.02,38.01,38.01,0
1605266700,38.04,38.04,38.02,38.02,0
1605267000,38.04,38.05,37.94,37.94,0
1605267300,37.95,37.95,37.95,37.95,0
1605267600,37.95,37.95,37.95,37.95,0
1605267900,37.95,37.95,37.92,37.92,0
1605268200,37.91,37.91,37.91,37.91,0
1605268500,37.9,37.9,37.88,37.88,0
1605268800,37.83,37.83,37.83,37.83,0
1605269100,37.83,37.94,37.83,37.94,0
1605269400,37.96,37.99,37.96,37.96,0
1605269700,37.96,37.99,37.55,37.77,0
1605270000,37.76,37.76,37.7,37.7,0
1605270300,37.75,37.79,37.69,37.79,0
1605270600,37.8,37.84,37.8,37.82,0
1605270900,37.82,37.83,37.77,37.77,0
1605271200,37.79,37.82,37.77,37.77,0
1605271500,37.75,37.75,37.7,37.73,0
1605271800,37.73,37.73,37.68,37.7,0
1605272100,37.73,37.73,37.73,37.73,0
1605272400,37.72,37.74,37.68,37.74,0
1605272700,37.75,37.75,37.75,37.75,0
1605273000,37.77,37.78,37.75,37.77,0
1605273300,37.77,37.9,37.67,37.81,0
1605273600,37.8099,37.83,37.78,37.78,0
1605273900,37.78,37.8,37.78,37.8,0
1605274200,37.77,37.81,37.77,37.78,0
1605274500,37.78,37.78,37.7501,37.76,0
1605274800,37.76,37.76,37.55,37.75,0
1605275100,37.76,37.78,37.76,37.7661,0
1605275400,37.78,37.78,37.77,37.77,0
1605275700,37.78,37.78,37.75,37.75,0
1605276000,37.76,37.76,37.73,37.76,0
1605276300,37.76,37.77,37.75,37.77,0
1605276600,37.77,37.8,37.76,37.8,0
1605276900,37.78,37.7801,37.7,37.7,0
1605277200,37.72,37.74,37.7,37.7,0
1605277500,37.7,37.79,37.7,37.75,0
1605277800,37.75,37.880001068115234,37.70500183105469,37.79610061645508,2246494
1605278100,37.79499816894531,37.869998931884766,37.720001220703125,37.744998931884766,540342
1605278400,37.75,37.81999969482422,37.7400016784668,37.78499984741211,468688
1605278700,37.790000915527344,38.02000045776367,37.784000396728516,38.01470184326172,4347752
1605279000,38.01499938964844,38.02000045776367,37.880001068115234,37.900001525878906,526345
1605279300,37.89229965209961,37.93000030517578,37.84000015258789,37.86800003051758,434837
1605279600,37.869998931884766,37.97999954223633,37.83000183105469,37.974998474121094,571292
1605279900,37.97819900512695,38.03990173339844,37.939998626708984,38.01499938964844,573105
1605280200,38.01499938964844,38.040000915527344,37.959999084472656,38.029998779296875,456328
1605280500,38.029998779296875,38.04990005493164,37.95000076293945,37.994998931884766,305059
1605280800,37.9900016784668,38.07740020751953,37.9900016784668,38.060001373291016,788988
1605281100,38.05440139770508,38.159000396728516,38.04999923706055,38.149898529052734,353754
1605281400,38.150001525878906,38.20000076293945,38.1349983215332,38.1973991394043,375795
1605281700,38.20000076293945,38.20000076293945,38.16999816894531,38.18429946899414,298742
1605282000,38.185001373291016,38.290000915527344,38.185001373291016,38.277000427246094,343219
1605282300,38.27000045776367,38.359901428222656,38.27000045776367,38.326900482177734,463296
1605282600,38.32500076293945,38.36000061035156,38.22999954223633,38.2599983215332,422569
1605282900,38.25740051269531,38.2599983215332,38.15999984741211,38.2599983215332,398227
1605283200,38.2599983215332,38.29999923706055,38.2400016784668,38.28499984741211,222123
1605283500,38.290000915527344,38.34989929199219,38.2599983215332,38.345001220703125,601637
1605283800,38.345001220703125,38.439998626708984,38.34000015258789,38.435001373291016,562162
1605284100,38.43000030517578,38.470001220703125,38.41999816894531,38.45000076293945,424762
1605284400,38.44499969482422,38.45000076293945,38.36000061035156,38.369998931884766,398565
1605284700,38.375,38.380001068115234,38.279998779296875,38.29499816894531,304666
1605285000,38.29499816894531,38.34000015258789,38.255001068115234,38.26499938964844,243284
1605285300,38.260101318359375,38.34000015258789,38.260101318359375,38.33620071411133,186103
1605285600,38.334999084472656,38.358001708984375,38.31050109863281,38.314998626708984,253322
1605285900,38.31209945678711,38.38999938964844,38.310001373291016,38.334999084472656,811828
1605286200,38.33649826049805,38.380001068115234,38.33000183105469,38.380001068115234,305153
1605286500,38.375,38.45000076293945,38.36000061035156,38.442100524902344,295987
1605286800,38.439998626708984,38.45000076293945,38.380001068115234,38.3849983215332,364290
1605287100,38.38999938964844,38.40999984741211,38.33000183105469,38.34600067138672,196779
1605287400,38.347900390625,38.36000061035156,38.33000183105469,38.34000015258789,162945
1605287700,38.339900970458984,38.34000015258789,38.29999923706055,38.334999084472656,210929
1605288000,38.337398529052734,38.34000015258789,38.22999954223633,38.23740005493164,199062
1605288300,38.22999954223633,38.29999923706055,38.22999954223633,38.29499816894531,167627
1605288600,38.29999923706055,38.310001373291016,38.2400016784668,38.25,179512
1605288900,38.24829864501953,38.26499938964844,38.2400016784668,38.2599983215332,128530
1605289200,38.255001068115234,38.310001373291016,38.25199890136719,38.30590057373047,195295
1605289500,38.30500030517578,38.32500076293945,38.24259948730469,38.255001068115234,157677
1605289800,38.255001068115234,38.310001373291016,38.25400161743164,38.29999923706055,107462
1605290100,38.310001373291016,38.33000183105469,38.2599983215332,38.269901275634766,168838
1605290400,38.27000045776367,38.290000915527344,38.2400016784668,38.244998931884766,192140
1605290700,38.244998931884766,38.27000045776367,38.2400016784668,38.25,149803
1605291000,38.255001068115234,38.2599983215332,38.18000030517578,38.189998626708984,286345
1605291300,38.19499969482422,38.29999923706055,38.189998626708984,38.29499816894531,227250
1605291600,38.29690170288086,38.33000183105469,38.290000915527344,38.312198638916016,196915
1605291900,38.31999969482422,38.33000183105469,38.29999923706055,38.30339813232422,137657
1605292200,38.30009841918945,38.314998626708984,38.27000045776367,38.29499816894531,106360
1605292500,38.29690170288086,38.31999969482422,38.27000045776367,38.290000915527344,179942
1605292800,38.287899017333984,38.29999923706055,38.25,38.2598991394043,161626
1605293100,38.252899169921875,38.2671012878418,38.20000076293945,38.224998474121094,187580
1605293400,38.22999954223633,38.2400016784668,38.20000076293945,38.20500183105469,119304
1605293700,38.2052001953125,38.21989822387695,38.15999984741211,38.165000915527344,213149
1605294000,38.169898986816406,38.22999954223633,38.150001525878906,38.22999954223633,352923
1605294300,38.224998474121094,38.22999954223633,38.18000030517578,38.22999954223633,286176
1605294600,38.227901458740234,38.36000061035156,38.209999084472656,38.35499954223633,331667
1605294900,38.35499954223633,38.39500045776367,38.31999969482422,38.37049865722656,338475
1605295200,38.369998931884766,38.439998626708984,38.369998931884766,38.378501892089844,381446
1605295500,38.380001068115234,38.43000030517578,38.36000061035156,38.43000030517578,189168
1605295800,38.43000030517578,38.45840072631836,38.428001403808594,38.45840072631836,326119
1605296100,38.45949935913086,38.540000915527344,38.45000076293945,38.51499938964844,537353
1605296400,38.52000045776367,38.529998779296875,38.47999954223633,38.47999954223633,306477
1605296700,38.47999954223633,38.5,38.459999084472656,38.499900817871094,270398
1605297000,38.49409866333008,38.5,38.474998474121094,38.494998931884766,200558
1605297300,38.5,38.560001373291016,38.4901008605957,38.53099822998047,374050
1605297600,38.53260040283203,38.54999923706055,38.5,38.5099983215332,221068
1605297900,38.5099983215332,38.54999923706055,38.492401123046875,38.51839828491211,246792
1605298200,38.51729965209961,38.529998779296875,38.44200134277344,38.47999954223633,356168
1605298500,38.48500061035156,38.540000915527344,38.41999816894531,38.53499984741211,470556
1605298800,38.53499984741211,38.540000915527344,38.52000045776367,38.529998779296875,232404
1605299100,38.529998779296875,38.60499954223633,38.52000045776367,38.595001220703125,495351
1605299400,38.595001220703125,38.654998779296875,38.560001373291016,38.63740158081055,611991
1605299700,38.6349983215332,38.650001525878906,38.619998931884766,38.64500045776367,389230
1605300000,38.64500045776367,38.654998779296875,38.58000183105469,38.595001220703125,694235
1605300300,38.59000015258789,38.619998931884766,38.5,38.53499984741211,703503
1605300600,38.540000915527344,38.56999969482422,38.5,38.54999923706055,849478
1605300900,38.54999923706055,38.650001525878906,38.529998779296875,38.619998931884766,1993182
1605301200,38.63,38.63,38.62,38.62,2894892
1605302100,38.64,38.64,38.58,38.6,0
1605302400,38.5602,38.6,38.3922,38.57,0
1605302700,38.57,38.6,38.56,38.58,0
1605303000,38.5698,38.58,38.55,38.57,0
1605303300,38.58,38.6161,38.55,38.6,0
1605303600,38.6,39.2,38.58,39.13,0
1605303900,39.19,39.19,38.7,38.9,0
1605304200,38.9,38.95,38.62,38.94,0
1605304500,38.93,39,38.8,38.95,0
1605304800,38.93,38.93,38.84,38.89,0
1605305100,38.8602,38.89,38.8,38.84,0
1605305400,38.8498,38.9,38.75,38.87,0
1605305700,38.84,38.85,38.72,38.8,0
1605306000,38.84,38.9,38.8,38.89,0
1605306300,38.92,38.92,38.85,38.9,0
1605306600,38.9298,38.95,38.87,38.8902,0
1605306900,38.9,38.9,38.86,38.86,0
1605307200,38.87,38.89,38.8,38.8,0
1605307500,38.77,38.89,38.75,38.89,0
1605307800,38.88,38.89,38.73,38.85,0
1605308100,38.85,38.87,38.8,38.85,0
1605308400,38.85,38.88,38.85,38.88,0
1605308700,38.89,38.89,38.85,38.89,0
1605309000,38.85,38.87,38.83,38.87,0
1605309300,38.86,38.88,38.85,38.85,0
1605309600,38.85,38.89,38.85,38.89,0
1605309900,38.89,38.9,38.83,38.85,0
1605310200,38.85,38.85,38.81,38.83,0
1605310500,38.83,38.84,38.81,38.83,0
1605310800,38.85,38.85,38.82,38.82,0
1605311100,38.82,38.83,38.8,38.8,0
1605311400,38.8,38.83,38.8,38.83,0
1605311700,38.83,38.85,38.8299,38.85,0
1605312000,38.84,38.85,38.84,38.84,0
1605312300,38.84,38.85,38.84,38.85,0
1605312600,38.85,38.85,38.84,38.85,0
1605312900,38.84,38.85,38.82,38.82,0
1605313200,38.84,38.87,38.8,38.82,0
1605313500,38.82,38.82,38.8,38.8,0
1605313800,38.84,38.87,38.8,38.87,0
1605314100,38.85,38.8501,38.85,38.8501,0
1605314400,38.87,38.91,38.87,38.91,0
1605314700,38.91,38.92,38.85,38.85,0
1605315000,38.91,38.93,38.91,38.92,0
1605315300,38.93,38.97,38.93,38.95,0
