Date,Open,High,Low,Close,Volume
1605258900,23.45,23.6,23.45,23.5,0
1605259200,23.64,23.64,23.6,23.6,0
1605259500,23.66,23.71,23.66,23.71,0
1605259800,23.67,23.67,23.66,23.66,0
1605260100,23.73,23.73,23.73,23.73,0
1605260400,23.72,23.72,23.72,23.72,0
1605261000,23.72,23.76,23.72,23.76,0
1605261300,23.77,23.85,23.77,23.82,0
1605261600,23.83,23.84,23.83,23.83,0
1605261900,23.83,23.85,23.83,23.85,0
1605262200,23.86,23.86,23.86,23.86,0
1605263100,23.87,23.87,23.87,23.87,0
1605263400,23.93,23.97,23.93,23.93,0
1605263700,23.93,23.93,23.93,23.93,0
1605264000,23.88,23.88,23.88,23.88,0
1605264300,23.88,23.88,23.87,23.87,0
1605264900,23.87,23.87,23.87,23.87,0
1605265200,23.88,23.88,23.87,23.87,0
1605265500,23.87,23.87,23.87,23.87,0
1605265800,23.8,23.8,23.8,23.8,0
1605266100,23.77,23.77,23.77,23.77,0
1605266400,23.78,23.78,23.77,23.77,0
1605266700,23.84,23.86,23.84,23.86,0
1605267300,23.86,23.86,23.86,23.86,0
1605268200,23.84,23.86,23.84,23.86,0
1605268500,23.72,23.77,23.71,23.71,0
1605268800,23.72,23.72,23.72,23.72,0
1605269100,23.7,23.77,23.7,23.76,0
1605269700,23.8,23.87,23.76,23.8,0
1605270000,23.8,23.8,23.79,23.79,0
1605270300,23.78,23.9,23.78,23.89,0
1605270600,23.9,24.01,23.9,24,0
1605270900,24.01,24.2,24.01,24.15,0
1605271200,24.15,24.62,24.11,24.59,0
1605271500,24.57,24.59,24.42,24.53,0
1605271800,24.5,24.5,24.31,24.38,0
1605272100,24.31,24.5,24.19,24.41,0
1605272400,24.46,24.5,24.4,24.45,0
1605272700,24.48,24.56,24.48,24.49,0
1605273000,24.46,24.47,24.35,24.38,0
1605273300,24.36,24.64,23.75,24.2,0
1605273600,24.2,24.2,24.1,24.15,0
1605273900,24.15,24.2999,24.15,24.2999,0
1605274200,24.3,24.41,24.24,24.3,0
1605274500,24.3,24.38,24.26,24.38,0
1605274800,24.38,24.4,24.33,24.4,0
1605275100,24.39,24.4,24.25,24.3002,0
1605275400,24.33,24.34,24.28,24.3145,0
1605275700,24.28,24.32,24.28,24.3079,0
1605276000,24.29,24.34,24.28,24.32,0
1605276300,24.29,24.3,24.22,24.22,0
1605276600,24.25,24.25,24.15,24.15,0
1605276900,24.13,24.25,24.13,24.15,0
1605277200,24.15,24.3299,24.13,24.3299,0
1605277500,24.3,24.43,24.3,24.39,0
1605277800,24.350000381469727,24.489999771118164,23.809999465942383,24.479999542236328,2953311
1605278100,24.447099685668945,24.489999771118164,24.010000228881836,24.030000686645508,998220
1605278400,24.030000686645508,24.040000915527344,23.700000762939453,23.93000030517578,1221109
1605278700,23.927400588989258,24.219999313354492,23.90999984741211,24.1200008392334,742486
1605279000,24.139999389648438,24.450000762939453,24.139999389648438,24.389999389648438,880939
1605279300,24.3700008392334,24.489999771118164,24.200000762939453,24.334999084472656,777034
1605279600,24.329999923706055,24.700000762939453,24.25200080871582,24.63800048828125,1341278
1605279900,24.6294002532959,24.780000686645508,24.530000686645508,24.739999771118164,1090594
1605280200,24.735000610351562,24.770000457763672,24.110000610351562,24.253299713134766,1471350
1605280500,24.25189971923828,24.350000381469727,24.030000686645508,24.104999542236328,805304
1605280800,24.110000610351562,24.18000030517578,23.979999542236328,24.001300811767578,798643
1605281100,24,24.200000762939453,23.860000610351562,24.128799438476562,916563
1605281400,24.129600524902344,24.246599197387695,24.079999923706055,24.100099563598633,562591
1605281700,24.10099983215332,24.1299991607666,23.75,23.770000457763672,775111
1605282000,23.770000457763672,24.049999237060547,23.719999313354492,24.045000076293945,562129
1605282300,24.049999237060547,24.11989974975586,23.829999923706055,23.857999801635742,554904
1605282600,23.860000610351562,23.878999710083008,23.459999084472656,23.530000686645508,1039507
1605282900,23.533700942993164,23.579999923706055,23.16629981994629,23.329999923706055,1317863
1605283200,23.329999923706055,23.469999313354492,23.200000762939453,23.43000030517578,803103
1605283500,23.43000030517578,23.719999313354492,23.399999618530273,23.645000457763672,839490
1605283800,23.649999618530273,23.790000915527344,23.549999237060547,23.710100173950195,575368
1605284100,23.719999313354492,23.899999618530273,23.719999313354492,23.864999771118164,546658
1605284400,23.854999542236328,23.90999984741211,23.790000915527344,23.864999771118164,335085
1605284700,23.850000381469727,23.864999771118164,23.700000762939453,23.81999969482422,435735
1605285000,23.825899124145508,23.834999084472656,23.649999618530273,23.739999771118164,299711
1605285300,23.743999481201172,23.849000930786133,23.649999618530273,23.71500015258789,321481
1605285600,23.709999084472656,23.860000610351562,23.700000762939453,23.719999313354492,329521
1605285900,23.719999313354492,23.829999923706055,23.610000610351562,23.791200637817383,410242
1605286200,23.799999237060547,23.899999618530273,23.770000457763672,23.78499984741211,341446
1605286500,23.78619956970215,23.80500030517578,23.6299991607666,23.6299991607666,283948
1605286800,23.6299991607666,23.670000076293945,23.450000762939453,23.521299362182617,513829
1605287100,23.524999618530273,23.549999237060547,23.239999771118164,23.364999771118164,463810
1605287400,23.375,23.5,23.280000686645508,23.29680061340332,432836
1605287700,23.299999237060547,23.309999465942383,23.040000915527344,23.09000015258789,673725
1605288000,23.100000381469727,23.31999969482422,22.950000762939453,23.290000915527344,963089
1605288300,23.290000915527344,23.375,23.1200008392334,23.170000076293945,565949
1605288600,23.17099952697754,23.389999389648438,23.110000610351562,23.34000015258789,508779
1605288900,23.350000381469727,23.350000381469727,23.239999771118164,23.280000686645508,207435
1605289200,23.280000686645508,23.459999084472656,23.280000686645508,23.3799991607666,293076
1605289500,23.3799991607666,23.469999313354492,23.354999542236328,23.40999984741211,394818
1605289800,23.40999984741211,23.420000076293945,23.350000381469727,23.389999389648438,193239
1605290100,23.3887996673584,23.434999465942383,23.290000915527344,23.395000457763672,510909
1605290400,23.399999618530273,23.399999618530273,23.299999237060547,23.3799991607666,164995
1605290700,23.3799991607666,23.389999389648438,23.204999923706055,23.25,216601
1605291000,23.24049949645996,23.250699996948242,23.15999984741211,23.19499969482422,235316
1605291300,23.200000762939453,23.200000762939453,23.079999923706055,23.1299991607666,244556
1605291600,23.139999389648438,23.16990089416504,23.06999969482422,23.07229995727539,269024
1605291900,23.07990074157715,23.1299991607666,23.059999465942383,23.081499099731445,214997
1605292200,23.079999923706055,23.100000381469727,22.989999771118164,23.045000076293945,312337
1605292500,23.045000076293945,23.200000762939453,22.989999771118164,23.174999237060547,392853
1605292800,23.174999237060547,23.18000030517578,23.09000015258789,23.139999389648438,462961
1605293100,23.139999389648438,23.170000076293945,23.104999542236328,23.11549949645996,165567
1605293400,23.114500045776367,23.15999984741211,22.975000381469727,22.979999542236328,418042
1605293700,22.979999542236328,23.070100784301758,22.959999084472656,23.020000457763672,241379
1605294000,23.020000457763672,23.035600662231445,22.84000015258789,22.8700008392334,454573
1605294300,22.850000381469727,22.889999389648438,22.399999618530273,22.65999984741211,938991
1605294600,22.66699981689453,22.760000228881836,22.600000381469727,22.719999313354492,484718
1605294900,22.71500015258789,22.75,22.670000076293945,22.71500015258789,277642
1605295200,22.719999313354492,22.75,22.625,22.635000228881836,402996
1605295500,22.639999389648438,22.639999389648438,22.280000686645508,22.34000015258789,694999
1605295800,22.344999313354492,22.43000030517578,22.239999771118164,22.344600677490234,815684
1605296100,22.350000381469727,22.459999084472656,22.270000457763672,22.432100296020508,337844
1605296400,22.43000030517578,22.530000686645508,22.420000076293945,22.4512996673584,315217
1605296700,22.454999923706055,22.489999771118164,22.3700008392334,22.469999313354492,281460
1605297000,22.479999542236328,22.739999771118164,22.479999542236328,22.734100341796875,494404
1605297300,22.731000900268555,22.93000030517578,22.731000900268555,22.860000610351562,622039
1605297600,22.854999542236328,23,22.854999542236328,22.98870086669922,415883
1605297900,22.980100631713867,23.1200008392334,22.940000534057617,22.9419002532959,535693
1605298200,22.941200256347656,23.09000015258789,22.899999618530273,23.049999237060547,278200
1605298500,23.049999237060547,23.049999237060547,22.959999084472656,23.045000076293945,277312
1605298800,23.049999237060547,23.200000762939453,23.020000457763672,23.200000762939453,405366
1605299100,23.19499969482422,23.273099899291992,23.18000030517578,23.2549991607666,459990
1605299400,23.260000228881836,23.264999389648438,23.165000915527344,23.19700050354004,318059
1605299700,23.200000762939453,23.270000457763672,23.18000030517578,23.219999313354492,234869
1605300000,23.229999542236328,23.309999465942383,23.209999084472656,23.290000915527344,325357
1605300300,23.290000915527344,23.329999923706055,23.260000228881836,23.282100677490234,390813
1605300600,23.290000915527344,23.334999084472656,23.239999771118164,23.31999969482422,581864
1605300900,23.31999969482422,23.56999969482422,23.31999969482422,23.43000030517578,1453624
1605301200,23.43,23.43,23.43,23.43,669732
1605302100,23.43,23.62,23.25,23.6,0
1605302400,23.6,23.6,23.42,23.46,0
1605302700,23.45,23.4859,23.43,23.4859,0
1605303000,23.45,23.5,23.43,23.44,0
1605303300,23.44,23.47,23.43,23.4548,0
1605303600,23.45,23.4898,23.41,23.41,0
1605303900,23.44,23.44,23.41,23.42,0
1605304200,23.43,23.44,23.42,23.43,0
1605304500,23.4,23.44,23.33,23.42,0
1605304800,23.41,23.41,23.35,23.37,0
1605305100,23.3767,23.43,23.35,23.35,0
1605305400,23.38,23.38,23.225,23.32,0
1605305700,23.36,23.39,23.36,23.39,0
1605306000,23.4,23.429,23.39,23.39,0
1605306300,23.39,23.43,23.36,23.3602,0
1605306600,23.39,23.39,23.36,23.36,0
1605306900,23.4,23.46,23.4,23.46,0
1605307200,23.46,23.5,23.43,23.5,0
1605307500,23.5,23.54,23.47,23.47,0
1605307800,23.47,23.47,23.45,23.46,0
1605308100,23.43,23.47,23.43,23.47,0
1605308400,23.43,23.44,23.43,23.44,0
1605308700,23.44,23.44,23.43,23.43,0
1605309000,23.43,23.4302,23.43,23.43,0
1605309600,23.43,23.43,23.43,23.43,0
1605309900,23.42,23.43,23.35,23.4,0
1605310200,23.4,23.4,23.4,23.4,0
1605310500,23.35,23.4,23.34,23.34,0
1605310800,23.4,23.4,23.34,23.34,0
1605311100,23.32,23.4,23.32,23.4,0
1605311400,23.37,23.4,23.37,23.4,0
1605311700,23.34,23.34,23.34,23.34,0
1605312000,23.34,23.34,23.34,23.34,0
1605312300,23.34,23.34,23.32,23.32,0
1605312600,23.32,23.33,23.32,23.32,0
1605312900,23.33,23.37,23.32,23.37,0
1605313200,23.38,23.38,23.32,23.37,0
1605313500,23.34,23.38,23.34,23.38,0
1605313800,23.38,23.4,23.38,23.38,0
1605314100,23.38,23.38,23.38,23.38,0
1605314400,23.38,23.41,23.38,23.39,0
1605314700,23.4,23.43,23.4,23.43,0
1605315000,23.44,23.45,23.44,23.45,0
1605315300,23.45,23.45,23.39,23.39,0
