Date,Open,High,Low,Close,Volume
1605258900,15.01,15.01,14.93,14.93,0
1605259200,14.96,14.98,14.96,14.96,0
1605259500,14.97,14.97,14.97,14.97,0
1605260100,14.9,14.9,14.89,14.89,0
1605260400,14.9,14.9,14.88,14.89,0
1605260700,14.85,14.86,14.85,14.86,0
1605261300,14.87,14.87,14.87,14.87,0
1605261900,14.86,14.86,14.86,14.86,0
1605262200,14.86,14.86,14.85,14.85,0
1605262500,14.83,14.83,14.8,14.8,0
1605262800,14.82,14.82,14.79,14.79,0
1605263100,14.81,14.81,14.8,14.8,0
1605263400,14.81,14.81,14.77,14.77,0
1605263700,14.75,14.75,14.75,14.75,0
1605264000,14.76,14.78,14.76,14.78,0
1605264300,14.82,14.82,14.82,14.82,0
1605264600,14.82,14.82,14.81,14.81,0
1605264900,14.79,14.79,14.79,14.79,0
1605265200,14.77,14.77,14.77,14.77,0
1605265500,14.76,14.76,14.74,14.74,0
1605265800,14.75,14.75,14.75,14.75,0
1605266100,14.75,14.81,14.75,14.81,0
1605266400,14.81,14.81,14.81,14.81,0
1605267300,14.83,14.83,14.83,14.83,0
1605267600,14.85,14.85,14.83,14.83,0
1605268200,14.83,14.84,14.83,14.84,0
1605268800,14.85,14.86,14.85,14.86,0
1605269100,14.84,14.84,14.84,14.84,0
1605269400,14.81,14.81,14.8,14.8,0
1605269700,14.81,14.86,14.8,14.86,0
1605270000,14.888,14.89,14.86,14.87,0
1605270300,14.89,14.89,14.88,14.88,0
1605270600,14.88,14.88,14.85,14.86,0
1605270900,14.86,14.87,14.85,14.86,0
1605271200,14.86,14.88,14.86,14.87,0
1605271500,14.85,14.85,14.83,14.85,0
1605271800,14.84,14.85,14.84,14.84,0
1605272100,14.84,14.84,14.84,14.84,0
1605272400,14.85,14.85,14.85,14.85,0
1605272700,14.87,14.87,14.86,14.86,0
1605273300,14.8899,14.9,14.81,14.88,0
1605273600,14.88,14.88,14.85,14.87,0
1605273900,14.8699,14.87,14.85,14.86,0
1605274200,14.86,14.88,14.86,14.88,0
1605274500,14.86,14.86,14.8401,14.85,0
1605274800,14.8599,14.8599,14.84,14.84,0
1605275100,14.84,14.84,14.81,14.828,0
1605275400,14.838,14.8499,14.83,14.84,0
1605275700,14.83,14.84,14.83,14.8399,0
1605276000,14.83,14.8399,14.82,14.8399,0
1605276300,14.83,14.83,14.81,14.81,0
1605276600,14.81,14.83,14.81,14.82,0
1605276900,14.8201,14.84,14.81,14.84,0
1605277200,14.83,14.88,14.83,14.85,0
1605277500,14.87,14.88,14.86,14.88,0
1605277800,14.819999694824219,14.880000114440918,14.79010009765625,14.842100143432617,932910
1605278100,14.850000381469727,14.925000190734863,14.800000190734863,14.838899612426758,313364
1605278400,14.824999809265137,14.84000015258789,14.779999732971191,14.8100004196167,248719
1605278700,14.8100004196167,14.818900108337402,14.75,14.760000228881836,224786
1605279000,14.75409984588623,14.829999923706055,14.75,14.805000305175781,194962
1605279300,14.800000190734863,14.800000190734863,14.760000228881836,14.766500473022461,170670
1605279600,14.770000457763672,14.8100004196167,14.760000228881836,14.779999732971191,295252
1605279900,14.785200119018555,14.84000015258789,14.779999732971191,14.789999961853027,179252
1605280200,14.800000190734863,14.850000381469727,14.789999961853027,14.829099655151367,191767
1605280500,14.829999923706055,14.949999809265137,14.829000473022461,14.923399925231934,351328
1605280800,14.920000076293945,14.94159984588623,14.90999984741211,14.930000305175781,236962
1605281100,14.92490005493164,14.939900398254395,14.850000381469727,14.855999946594238,128766
1605281400,14.852800369262695,14.880000114440918,14.829999923706055,14.848999977111816,104336
1605281700,14.845000267028809,14.92080020904541,14.84000015258789,14.90999984741211,161181
1605282000,14.90999984741211,14.92039966583252,14.836700439453125,14.859999656677246,144780
1605282300,14.859999656677246,14.879199981689453,14.84000015258789,14.845000267028809,82561
1605282600,14.845100402832031,14.899800300598145,14.831100463867188,14.880000114440918,98354
1605282900,14.889200210571289,14.954999923706055,14.869999885559082,14.876500129699707,148125
1605283200,14.869999885559082,14.869999885559082,14.8100004196167,14.819000244140625,159064
1605283500,14.8100004196167,14.829899787902832,14.789999961853027,14.8100004196167,124952
1605283800,14.8100004196167,14.84000015258789,14.800000190734863,14.819999694824219,75690
1605284100,14.819999694824219,14.819999694824219,14.770000457763672,14.795000076293945,130460
1605284400,14.800000190734863,14.800000190734863,14.780099868774414,14.798600196838379,101906
1605284700,14.795000076293945,14.859999656677246,14.779999732971191,14.789999961853027,172482
1605285000,14.789999961853027,14.819999694824219,14.779999732971191,14.819999694824219,53533
1605285300,14.819999694824219,14.831000328063965,14.760000228881836,14.789999961853027,135073
1605285600,14.78499984741211,14.78499984741211,14.710000038146973,14.729999542236328,212739
1605285900,14.729999542236328,14.739999771118164,14.720000267028809,14.7322998046875,94983
1605286200,14.729999542236328,14.744999885559082,14.710000038146973,14.729999542236328,185100
1605286500,14.729999542236328,14.739999771118164,14.710000038146973,14.729999542236328,148167
1605286800,14.723400115966797,14.739999771118164,14.704999923706055,14.734999656677246,493661
1605287100,14.734999656677246,14.749899864196777,14.7253999710083,14.731599807739258,57257
1605287400,14.739999771118164,14.739999771118164,14.720000267028809,14.73900032043457,80936
1605287700,14.734999656677246,14.760000228881836,14.734399795532227,14.751099586486816,106036
1605288000,14.755000114440918,14.760000228881836,14.740099906921387,14.750200271606445,56602
1605288300,14.750100135803223,14.750100135803223,14.729999542236328,14.738699913024902,58984
1605288600,14.737700462341309,14.739999771118164,14.720000267028809,14.729999542236328,73750
1605288900,14.725000381469727,14.729999542236328,14.699999809265137,14.704999923706055,123619
1605289200,14.70680046081543,14.710000038146973,14.680000305175781,14.704999923706055,156630
1605289500,14.70300006866455,14.718999862670898,14.680000305175781,14.70989990234375,85595
1605289800,14.699999809265137,14.699999809265137,14.670000076293945,14.68970012664795,145808
1605290100,14.6850004196167,14.6899995803833,14.670000076293945,14.679900169372559,126410
1605290400,14.670000076293945,14.6899995803833,14.649999618530273,14.675000190734863,140254
1605290700,14.670000076293945,14.67020034790039,14.654999732971191,14.65999984741211,103707
1605291000,14.65999984741211,14.708999633789062,14.649999618530273,14.708999633789062,214689
1605291300,14.699999809265137,14.699999809265137,14.649999618530273,14.649999618530273,86726
1605291600,14.65999984741211,14.6850004196167,14.64009952545166,14.658599853515625,134944
1605291900,14.653400421142578,14.65999984741211,14.619999885559082,14.634200096130371,194658
1605292200,14.640000343322754,14.699199676513672,14.621600151062012,14.686300277709961,125912
1605292500,14.680000305175781,14.680000305175781,14.649900436401367,14.659899711608887,92308
1605292800,14.65839958190918,14.670000076293945,14.634499549865723,14.645000457763672,83346
1605293100,14.659899711608887,14.664999961853027,14.614999771118164,14.64900016784668,201296
1605293400,14.640000343322754,14.649999618530273,14.630000114440918,14.64900016784668,54521
1605293700,14.649999618530273,14.649999618530273,14.61989974975586,14.63599967956543,190442
1605294000,14.63010025024414,14.64900016784668,14.609999656677246,14.632100105285645,135972
1605294300,14.639900207519531,14.640000343322754,14.600000381469727,14.609999656677246,115682
1605294600,14.600000381469727,14.640000343322754,14.600000381469727,14.639399528503418,77740
1605294900,14.635000228881836,14.662500381469727,14.609999656677246,14.618399620056152,182406
1605295200,14.615300178527832,14.615300178527832,14.530099868774414,14.5600004196167,363236
1605295500,14.564399719238281,14.59000015258789,14.5600004196167,14.574999809265137,102726
1605295800,14.569999694824219,14.574999809265137,14.550000190734863,14.574999809265137,118638
1605296100,14.574999809265137,14.578900337219238,14.539999961853027,14.5600004196167,142293
1605296400,14.5600004196167,14.5649995803833,14.541399955749512,14.5600004196167,80725
1605296700,14.5600004196167,14.619999885559082,14.550000190734863,14.609999656677246,160567
1605297000,14.609000205993652,14.60990047454834,14.569999694824219,14.574999809265137,102742
1605297300,14.569999694824219,14.569999694824219,14.520000457763672,14.529999732971191,235265
1605297600,14.539999961853027,14.569999694824219,14.520000457763672,14.567999839782715,152331
1605297900,14.565999984741211,14.579999923706055,14.539999961853027,14.5600004196167,132624
1605298200,14.555999755859375,14.600000381469727,14.550000190734863,14.5649995803833,105647
1605298500,14.569999694824219,14.640000343322754,14.550000190734863,14.595199584960938,163072
1605298800,14.59000015258789,14.619999885559082,14.59000015258789,14.613699913024902,108510
1605299100,14.614999771118164,14.61989974975586,14.5600004196167,14.5649995803833,203251
1605299400,14.5649995803833,14.574999809265137,14.489999771118164,14.5,628795
1605299700,14.499899864196777,14.509900093078613,14.460000038146973,14.479999542236328,351485
1605300000,14.470000267028809,14.479999542236328,14.40999984741211,14.448399543762207,270673
1605300300,14.4399995803833,14.479999542236328,14.420000076293945,14.470000267028809,300653
1605300600,14.470000267028809,14.5600004196167,14.470000267028809,14.5600004196167,492995
1605300900,14.556599617004395,14.579999923706055,14.489999771118164,14.524999618530273,1118756
1605301200,14.51,14.51,14.51,14.51,22018
1605302100,14.54,14.54,14.4904,14.5,0
1605302400,14.4998,14.52,14.4998,14.52,0
1605302700,14.52,14.54,14.51,14.52,0
1605303000,14.5,14.54,14.5,14.53,0
1605303300,14.53,14.55,14.51,14.55,0
1605303600,14.55,14.55,14.5101,14.5101,0
1605303900,14.52,14.52,14.5,14.5,0
1605304200,14.49,14.53,14.49,14.52,0
1605304500,14.51,14.51,14.5,14.5098,0
1605304800,14.4998,14.4998,14.47,14.47,0
1605305100,14.49,14.49,14.48,14.48,0
1605305400,14.48,14.5,14.48,14.5,0
1605305700,14.48,14.4998,14.48,14.49,0
1605306000,14.49,14.5,14.49,14.49,0
1605306300,14.49,14.49,14.49,14.49,0
1605306600,14.51,14.51,14.51,14.51,0
1605306900,14.51,14.51,14.51,14.51,0
1605307200,14.51,14.51,14.48,14.48,0
1605307500,14.46,14.52,14.46,14.5,0
1605307800,14.48,14.48,14.47,14.47,0
1605308100,14.49,14.49,14.49,14.49,0
1605308400,14.46,14.46,14.45,14.45,0
1605308700,14.46,14.47,14.45,14.47,0
1605309000,14.47,14.5,14.47,14.5,0
1605309300,14.49,14.51,14.48,14.48,0
1605309600,14.52,14.52,14.48,14.48,0
1605310200,14.52,14.53,14.52,14.53,0
1605311100,14.48,14.48,14.47,14.47,0
1605311400,14.44,14.45,14.44,14.44,0
1605311700,14.44,14.5,14.44,14.5,0
1605312000,14.5,14.5,14.5,14.5,0
1605312600,14.46,14.47,14.46,14.47,0
1605312900,14.47,14.5,14.47,14.5,0
1605313200,14.5,14.5,14.5,14.5,0
1605313500,14.54,14.54,14.54,14.54,0
1605313800,14.5,14.51,14.5,14.51,0
1605314100,14.51,14.51,14.51,14.51,0
1605314400,14.54,14.54,14.51,14.51,0
1605314700,14.5,14.5,14.5,14.5,0
1605315000,14.5,14.51,14.5,14.51,0
1605315300,14.52,14.53,14.51,14.51,0
