Date,Open,High,Low,Close,Volume
1605258900,4.94,5.05,4.94,5.05,0
1605259200,5.05,5.17,5.05,5.07,0
1605259500,5.06,5.07,5,5.05,0
1605259800,5.08,5.14,5.03,5.1,0
1605260100,5.1,5.18,5.1,5.14,0
1605260400,5.17,5.2,5.14,5.15,0
1605260700,5.17,5.35,5.16,5.35,0
1605261000,5.35,5.4,5.3,5.35,0
1605261300,5.42,5.44,5.35,5.4,0
1605261600,5.44,5.44,5.29,5.29,0
1605261900,5.33,5.35,5.28,5.35,0
1605262200,5.35,5.39,5.34,5.39,0
1605262500,5.36,5.39,5.34,5.34,0
1605262800,5.3,5.35,5.3,5.35,0
1605263100,5.34,5.47,5.34,5.45,0
1605263400,5.45,5.47,5.45,5.46,0
1605264000,5.37,5.45,5.36,5.45,0
1605264300,5.47,5.64,5.47,5.62,0
1605264600,5.7,5.75,5.7,5.73,0
1605264900,5.71,5.75,5.65,5.66,0
1605265200,5.73,5.8,5.69,5.7,0
1605265500,5.7,5.7,5.66,5.69,0
1605265800,5.68,5.7,5.66,5.7,0
1605266100,5.74,5.8,5.73,5.77,0
1605266400,5.79,5.79,5.5,5.65,0
1605266700,5.64,5.65,5.5,5.57,0
1605267000,5.67,5.67,5.65,5.67,0
1605267300,5.65,5.7,5.65,5.7,0
1605267600,5.74,5.79,5.74,5.78,0
1605267900,5.75,5.78,5.7,5.78,0
1605268200,5.75,5.75,5.6,5.62,0
1605268500,5.67,5.67,5.58,5.58,0
1605268800,5.59,5.67,5.59,5.67,0
1605269100,5.6,5.6,5.4,5.4,0
1605269400,5.41,5.46,5.3,5.3,0
1605269700,5.28,5.5,5.25,5.29,0
1605270000,5.31,5.48,5.26,5.26,0
1605270300,5.26,5.32,5.22,5.31,0
1605270600,5.33,5.41,5.25,5.32,0
1605270900,5.35,5.4,5.32,5.37,0
1605271200,5.38,5.44,5.31,5.4,0
1605271500,5.42,5.43,5.36,5.38,0
1605271800,5.36,5.39,5.3,5.34,0
1605272100,5.34,5.38,5.32,5.38,0
1605272400,5.38,5.55,5.38,5.52,0
1605272700,5.54,5.66,5.48,5.61,0
1605273000,5.62,5.72,5.51,5.56,0
1605273300,5.55,5.7,5.22,5.58,0
1605273600,5.58,5.62,5.53,5.55,0
1605273900,5.53,5.54,5.45,5.49,0
1605274200,5.49,5.55,5.35,5.35,0
1605274500,5.35,5.43,5.32,5.42,0
1605274800,5.4198,5.43,5.31,5.32,0
1605275100,5.3299,5.39,5.32,5.34,0
1605275400,5.33,5.38,5.32,5.38,0
1605275700,5.39,5.42,5.36,5.3699,0
1605276000,5.3602,5.38,5.3,5.3,0
1605276300,5.3,5.31,5.2,5.2599,0
1605276600,5.26,5.31,5.24,5.2799,0
1605276900,5.28,5.28,5.04,5.0502,0
1605277200,5.05,5.13,5.03,5.13,0
1605277500,5.13,5.31,5.11,5.26,0
1605277800,5.340000152587891,6.429999828338623,5.239999771118164,6.199999809265137,12770920
1605278100,6.21999979019165,6.449999809265137,5.860000133514404,6.369999885559082,7929104
1605278400,6.369999885559082,6.5,6.019999980926514,6.179999828338623,6498463
1605278700,6.160999774932861,6.599999904632568,6.03000020980835,6.539999961853027,7691045
1605279000,6.545000076293945,7.599999904632568,6.510000228881836,7.440000057220459,13997347
1605279300,7.449999809265137,7.909999847412109,7.03000020980835,7.305200099945068,12264683
1605279600,7.309999942779541,7.46999979019165,6.760000228881836,6.840000152587891,6463238
1605279900,6.829999923706055,6.929999828338623,6.610000133514404,6.71999979019165,4581624
1605280200,6.71999979019165,6.800000190734863,6.110000133514404,6.25,5738133
1605280500,6.241300106048584,6.46999979019165,6.239999771118164,6.409999847412109,3351750
1605280800,6.409999847412109,6.46999979019165,6.090000152587891,6.150000095367432,3123766
1605281100,6.150000095367432,6.389999866485596,6.099999904632568,6.385000228881836,2403114
1605281400,6.380000114440918,6.659999847412109,6.369999885559082,6.440000057220459,3868743
1605281700,6.439000129699707,6.539999961853027,6.130000114440918,6.159999847412109,2194794
1605282000,6.179999828338623,6.360000133514404,6.159999847412109,6.28000020980835,1425116
1605282300,6.2779998779296875,6.599999904632568,6.230100154876709,6.401100158691406,2455416
1605282600,6.409999847412109,6.480000019073486,6.199999809265137,6.300000190734863,1727476
1605282900,6.295000076293945,6.295000076293945,5.630000114440918,5.639999866485596,3854759
1605283200,5.632299900054932,5.920000076293945,5.630000114440918,5.909999847412109,2251354
1605283500,5.909999847412109,6.130000114440918,5.870200157165527,5.960000038146973,2273929
1605283800,5.960000038146973,6.039999961853027,5.889999866485596,6.019999980926514,1383432
1605284100,6.019999980926514,6.230000019073486,5.880000114440918,5.980000019073486,2095880
1605284400,5.96999979019165,6.190000057220459,5.969900131225586,6.110000133514404,1091224
1605284700,6.110000133514404,6.119999885559082,5.920000076293945,5.974999904632568,997095
1605285000,5.974999904632568,6.089900016784668,5.860000133514404,6.0671000480651855,1060058
1605285300,6.059999942779541,6.090000152587891,5.849999904632568,5.900000095367432,1021763
1605285600,5.900000095367432,5.949999809265137,5.849999904632568,5.879300117492676,482176
1605285900,5.878699779510498,6.050000190734863,5.860000133514404,6.039999961853027,882881
1605286200,6.034999847412109,6.110000133514404,5.96999979019165,6.079999923706055,954129
1605286500,6.079999923706055,6.099999904632568,6.010000228881836,6.099999904632568,585165
1605286800,6.099999904632568,6.119999885559082,5.949999809265137,6.0117998123168945,686817
1605287100,6.010000228881836,6.03000020980835,5.909999847412109,6.005000114440918,707513
1605287400,6,6.119999885559082,5.989999771118164,6.050000190734863,809238
1605287700,6.054999828338623,6.059999942779541,5.960000038146973,6.017399787902832,367485
1605288000,6.019999980926514,6.170000076293945,6.010000228881836,6.159999847412109,901581
1605288300,6.150000095367432,6.260000228881836,6.070000171661377,6.1402997970581055,1519398
1605288600,6.148900032043457,6.380000114440918,6.099999904632568,6.320000171661377,1383624
1605288900,6.320000171661377,6.5,6.310100078582764,6.440000057220459,1863321
1605289200,6.434999942779541,6.590000152587891,6.329999923706055,6.34499979019165,2682255
1605289500,6.349999904632568,6.5,6.260000228881836,6.46999979019165,1691309
1605289800,6.46999979019165,6.619999885559082,6.360000133514404,6.619999885559082,1611718
1605290100,6.610000133514404,6.800000190734863,6.53000020980835,6.75,2561711
1605290400,6.755499839782715,6.849999904632568,6.570000171661377,6.670000076293945,2451282
1605290700,6.659999847412109,6.75,6.53000020980835,6.71999979019165,1722910
1605291000,6.715000152587891,6.724999904632568,6.53000020980835,6.579999923706055,1096538
1605291300,6.590000152587891,6.599999904632568,6.309999942779541,6.389999866485596,2053697
1605291600,6.389999866485596,6.559999942779541,6.360000133514404,6.508399963378906,1399270
1605291900,6.510000228881836,6.539999961853027,6.329999923706055,6.380000114440918,915923
1605292200,6.379899978637695,6.460000038146973,6.099999904632568,6.215000152587891,1135082
1605292500,6.214300155639648,6.340000152587891,6.190000057220459,6.335000038146973,701832
1605292800,6.340000152587891,6.340000152587891,6.210000038146973,6.295000076293945,439712
1605293100,6.2947998046875,6.360000133514404,6.260000228881836,6.269899845123291,477295
1605293400,6.269999980926514,6.300000190734863,6.179999828338623,6.285999774932861,728063
1605293700,6.284999847412109,6.300000190734863,6.119999885559082,6.184999942779541,684524
1605294000,6.180099964141846,6.190000057220459,6.059999942779541,6.119999885559082,628217
1605294300,6.119999885559082,6.119999885559082,5.849999904632568,5.864999771118164,1497148
1605294600,5.860000133514404,6,5.800000190734863,5.958700180053711,1119604
1605294900,5.960000038146973,6.03000020980835,5.880000114440918,5.979800224304199,688078
1605295200,5.979000091552734,6.199999809265137,5.974999904632568,6.171599864959717,1066818
1605295500,6.179800033569336,6.190000057220459,6,6.040999889373779,892195
1605295800,6.050000190734863,6.110000133514404,5.980000019073486,5.980000019073486,560733
1605296100,5.980000019073486,6.03000020980835,5.909999847412109,5.984499931335449,586235
1605296400,5.980000019073486,6.050000190734863,5.929999828338623,5.994999885559082,452941
1605296700,5.994999885559082,6.03000020980835,5.909999847412109,6.019800186157227,389188
1605297000,6.019999980926514,6.090000152587891,5.989999771118164,6.070199966430664,610098
1605297300,6.079999923706055,6.289999961853027,6.070000171661377,6.159800052642822,1297899
1605297600,6.157100200653076,6.300000190734863,6.110000133514404,6.250100135803223,870517
1605297900,6.244999885559082,6.289999961853027,6.150000095367432,6.164999961853027,677664
1605298200,6.169899940490723,6.210000038146973,6.070000171661377,6.130000114440918,721220
1605298500,6.130000114440918,6.179999828338623,6.099999904632568,6.168499946594238,449066
1605298800,6.170000076293945,6.300000190734863,6.150000095367432,6.284999847412109,722598
1605299100,6.284999847412109,6.420000076293945,6.260000228881836,6.375,1330467
1605299400,6.375,6.420000076293945,6.230000019073486,6.315000057220459,1007250
1605299700,6.315000057220459,6.449999809265137,6.275000095367432,6.420000076293945,912582
1605300000,6.425099849700928,6.559999942779541,6.320000171661377,6.550000190734863,1556491
1605300300,6.55019998550415,6.599999904632568,6.420000076293945,6.46999979019165,1508635
1605300600,6.465000152587891,6.510000228881836,6.210000038146973,6.360000133514404,1305219
1605300900,6.360000133514404,6.389999866485596,6.21999979019165,6.289999961853027,1478495
1605301200,6.29,6.29,6.29,6.29,197047
1605302100,6.3,6.33,6.16,6.16,0
1605302400,6.16,6.29,6.14,6.28,0
1605302700,6.27,6.29,6.16,6.16,0
1605303000,6.19,6.24,6.17,6.18,0
1605303300,6.2,6.23,6.16,6.2,0
1605303600,6.2,6.24,6.13,6.17,0
1605303900,6.17,6.25,6.15,6.22,0
1605304200,6.23,6.28,6.22,6.24,0
1605304500,6.24,6.29,6.21,6.28,0
1605304800,6.27,6.28,6.18,6.24,0
1605305100,6.24,6.24,6.17,6.19,0
1605305400,6.2,6.24,6.19,6.24,0
1605305700,6.24,6.26,6.24,6.26,0
1605306000,6.26,6.29,6.2502,6.29,0
1605306300,6.29,6.38,6.28,6.34,0
1605306600,6.32,6.3399,6.3,6.33,0
1605306900,6.32,6.33,6.29,6.33,0
1605307200,6.33,6.33,6.29,6.3,0
1605307500,6.32,6.34,6.3,6.32,0
1605307800,6.33,6.33,6.27,6.27,0
1605308100,6.27,6.31,6.27,6.28,0
1605308400,6.28,6.28,6.26,6.27,0
1605308700,6.26,6.27,6.22,6.22,0
1605309000,6.23,6.23,6.2,6.21,0
1605309300,6.2,6.2,6.16,6.18,0
1605309600,6.18,6.26,6.18,6.2,0
1605309900,6.2,6.24,6.2,6.22,0
1605310200,6.2,6.21,6.19,6.21,0
1605310500,6.21,6.21,6.2,6.2,0
1605310800,6.19,6.2,6.17,6.18,0
1605311100,6.17,6.18,6.16,6.16,0
1605311400,6.19,6.2,6.19,6.1901,0
1605311700,6.2,6.2,6.19,6.2,0
1605312000,6.2,6.2,6.19,6.19,0
1605312300,6.19,6.19,6.16,6.17,0
1605312600,6.16,6.18,6.14,6.14,0
1605312900,6.14,6.19,6.14,6.18,0
1605313200,6.17,6.17,6.14,6.17,0
1605313500,6.15,6.17,6.15,6.17,0
1605313800,6.15,6.17,6.15,6.17,0
1605314100,6.16,6.18,6.16,6.16,0
1605314400,6.15,6.23,6.15,6.23,0
1605314700,6.23,6.23,6.2,6.2,0
1605315000,6.19,6.21,6.18,6.2,0
1605315300,6.18,6.26,6.18,6.26,0
