Date,Open,High,Low,Close,Volume
1605258900,7.07,7.08,7.07,7.07,0
1605259500,7.06,7.06,7.06,7.06,0
1605260100,7.03,7.03,7.03,7.03,0
1605260400,7.03,7.03,7.03,7.03,0
1605260700,7.01,7.01,7,7.01,0
1605261000,7.01,7.01,7.01,7.01,0
1605263100,6.99,6.99,6.99,6.99,0
1605263400,6.99,6.99,6.98,6.98,0
1605264000,6.99,6.99,6.99,6.99,0
1605264600,7,7,7,7,0
1605264900,6.99,6.99,6.99,6.99,0
1605266100,6.99,6.99,6.99,6.99,0
1605267300,7.01,7.03,7.01,7.03,0
1605269700,7.02,7.03,7.01,7.03,0
1605270000,7.03,7.03,7.03,7.03,0
1605270300,7.04,7.05,7.04,7.05,0
1605270600,7.05,7.05,7.04,7.04,0
1605270900,7.04,7.04,7.03,7.03,0
1605271200,7.03,7.03,7.03,7.03,0
1605271500,7.03,7.03,7.02,7.02,0
1605271800,7.02,7.02,7.02,7.02,0
1605272100,7.03,7.03,7.03,7.03,0
1605272700,7.03,7.03,7.03,7.03,0
1605273000,7.04,7.04,7.04,7.04,0
1605273300,7.0301,7.05,7.02,7.04,0
1605273600,7.05,7.05,7.03,7.04,0
1605273900,7.04,7.04,7.04,7.04,0
1605274200,7.04,7.04,7.03,7.04,0
1605274500,7.04,7.04,7.04,7.04,0
1605274800,7.04,7.04,7.03,7.03,0
1605275100,7.0201,7.0299,7.01,7.02,0
1605275400,7.02,7.03,7.02,7.0298,0
1605275700,7.02,7.03,7.02,7.03,0
1605276000,7.03,7.04,7.02,7.04,0
1605276300,7.03,7.03,7.02,7.03,0
1605276600,7.03,7.04,7.03,7.03,0
1605276900,7.032,7.04,7.03,7.04,0
1605277200,7.04,7.05,7.039,7.05,0
1605277500,7.0505,7.06,7.05,7.05,0
1605277800,7.070000171661377,7.070000171661377,7.019999980926514,7.039999961853027,1382204
1605278100,7.039999961853027,7.059999942779541,7.010000228881836,7.019700050354004,761447
1605278400,7.018199920654297,7.03000020980835,7,7.019899845123291,352918
1605278700,7.016900062561035,7.019999980926514,7,7.009500026702881,350937
1605279000,7.006999969482422,7.03000020980835,7.000699996948242,7.019999980926514,244514
1605279300,7.010000228881836,7.019999980926514,7,7.019999980926514,264912
1605279600,7.019999980926514,7.03000020980835,7.005000114440918,7.02269983291626,669604
1605279900,7.0233001708984375,7.03000020980835,7.010000228881836,7.014999866485596,249276
1605280200,7.019999980926514,7.048399925231934,7.010000228881836,7.03000020980835,337319
1605280500,7.039999961853027,7.070000171661377,7.03000020980835,7.056700229644775,373649
1605280800,7.050099849700928,7.059999942779541,7.04010009765625,7.051599979400635,443845
1605281100,7.05210018157959,7.054999828338623,7.019999980926514,7.019999980926514,279896
1605281400,7.020199775695801,7.039999961853027,7.019999980926514,7.028299808502197,111440
1605281700,7.027699947357178,7.065000057220459,7.026599884033203,7.05709981918335,272784
1605282000,7.058700084686279,7.065000057220459,7.03000020980835,7.034999847412109,56179
1605282300,7.034999847412109,7.048699855804443,7.025000095367432,7.0289998054504395,103046
1605282600,7.027599811553955,7.050000190734863,7.019999980926514,7.050000190734863,76219
1605282900,7.039999961853027,7.090000152587891,7.039999961853027,7.059999942779541,231300
1605283200,7.059899806976318,7.059899806976318,7.03000020980835,7.039599895477295,157142
1605283500,7.038400173187256,7.039999961853027,7.019999980926514,7.03000020980835,172903
1605283800,7.03000020980835,7.039999961853027,7.021599769592285,7.030099868774414,96557
1605284100,7.038700103759766,7.038700103759766,7.010000228881836,7.025000095367432,179737
1605284400,7.03000020980835,7.03000020980835,7.01200008392334,7.018599987030029,133183
1605284700,7.019999980926514,7.050000190734863,7.019999980926514,7.030099868774414,298240
1605285000,7.03000020980835,7.050000190734863,7.019999980926514,7.046599864959717,67020
1605285300,7.045000076293945,7.050000190734863,7.021399974822998,7.03000020980835,144054
1605285600,7.039999961853027,7.039999961853027,7,7.012599945068359,411775
1605285900,7.011199951171875,7.011199951171875,7,7.005000114440918,99010
1605286200,7.0015997886657715,7.010000228881836,7,7.005000114440918,69288
1605286500,7.005000114440918,7.005000114440918,6.989999771118164,6.994999885559082,283916
1605286800,6.989999771118164,7,6.980000019073486,6.9899001121521,209694
1605287100,6.98799991607666,7,6.980000019073486,6.998600006103516,86332
1605287400,6.998300075531006,7,6.980000019073486,6.989999771118164,96437
1605287700,6.981299877166748,7,6.981299877166748,6.994999885559082,815136
1605288000,6.997499942779541,7.010000228881836,6.994999885559082,7.007699966430664,167399
1605288300,7.008500099182129,7.008500099182129,6.989999771118164,6.997300148010254,150403
1605288600,7,7,6.989999771118164,6.994999885559082,53903
1605288900,6.994100093841553,6.999899864196777,6.985000133514404,6.98960018157959,72265
1605289200,6.985000133514404,6.985000133514404,6.96999979019165,6.96999979019165,190940
1605289500,6.980000019073486,6.989999771118164,6.980000019073486,6.980000019073486,160008
1605289800,6.989699840545654,6.989999771118164,6.96999979019165,6.980000019073486,63746
1605290100,6.973800182342529,6.980000019073486,6.96999979019165,6.974999904632568,545988
1605290400,6.96999979019165,6.980000019073486,6.960000038146973,6.9679999351501465,494101
1605290700,6.965000152587891,6.96999979019165,6.960000038146973,6.963399887084961,122103
1605291000,6.962299823760986,6.980000019073486,6.960000038146973,6.972700119018555,378886
1605291300,6.978600025177002,6.980000019073486,6.949999809265137,6.960000038146973,487826
1605291600,6.960000038146973,6.96999979019165,6.949999809265137,6.968599796295166,138363
1605291900,6.968800067901611,6.96999979019165,6.945000171661377,6.960000038146973,147839
1605292200,6.954999923706055,6.980000019073486,6.954999923706055,6.978700160980225,304478
1605292500,6.974999904632568,6.980000019073486,6.960000038146973,6.964200019836426,125396
1605292800,6.96999979019165,6.980000019073486,6.960000038146973,6.96999979019165,164228
1605293100,6.96999979019165,6.980000019073486,6.950200080871582,6.9781999588012695,199621
1605293400,6.96999979019165,6.980000019073486,6.960000038146973,6.978400230407715,40779
1605293700,6.974999904632568,6.980000019073486,6.9633002281188965,6.970399856567383,57855
1605294000,6.975100040435791,6.9781999588012695,6.954999923706055,6.960100173950195,183523
1605294300,6.964799880981445,6.9679999351501465,6.950200080871582,6.965000152587891,105253
1605294600,6.960000038146973,6.980000019073486,6.960000038146973,6.974599838256836,149079
1605294900,6.974999904632568,6.9882001876831055,6.954999923706055,6.960000038146973,174326
1605295200,6.954999923706055,6.95989990234375,6.909999847412109,6.921599864959717,1042352
1605295500,6.925000190734863,6.940000057220459,6.925000190734863,6.934999942779541,161103
1605295800,6.929999828338623,6.940000057220459,6.923299789428711,6.939000129699707,74242
1605296100,6.934999942779541,6.940000057220459,6.920000076293945,6.925000190734863,176654
1605296400,6.928999900817871,6.929999828338623,6.920000076293945,6.929999828338623,39060
1605296700,6.926000118255615,6.949999809265137,6.921599864959717,6.945000171661377,170106
1605297000,6.945199966430664,6.949999809265137,6.929999828338623,6.929999828338623,102049
1605297300,6.930500030517578,6.934999942779541,6.900000095367432,6.908999919891357,598155
1605297600,6.906899929046631,6.929999828338623,6.900000095367432,6.920000076293945,311155
1605297900,6.920000076293945,6.929900169372559,6.909999847412109,6.920000076293945,278887
1605298200,6.920000076293945,6.940000057220459,6.914999961853027,6.925000190734863,182446
1605298500,6.925000190734863,6.960000038146973,6.911799907684326,6.931000232696533,409631
1605298800,6.940000057220459,6.940000057220459,6.920000076293945,6.920000076293945,97747
1605299100,6.929999828338623,6.929999828338623,6.9079999923706055,6.9182000160217285,346555
1605299400,6.910999774932861,6.919899940490723,6.869999885559082,6.875,1068891
1605299700,6.880000114440918,6.880000114440918,6.849999904632568,6.865499973297119,803431
1605300000,6.864699840545654,6.869999885559082,6.829999923706055,6.84499979019165,754580
1605300300,6.849999904632568,6.860000133514404,6.838799953460693,6.860000133514404,568254
1605300600,6.860000133514404,6.899899959564209,6.849999904632568,6.8902997970581055,785883
1605300900,6.894999980926514,6.900000095367432,6.860000133514404,6.884200096130371,2325747
1605301200,6.88,6.88,6.88,6.88,71637
1605302100,6.89,6.89,6.875,6.88,0
1605302400,6.88,6.88,6.87,6.87,0
1605302700,6.88,6.89,6.87,6.8801,0
1605303000,6.88,6.89,6.88,6.88,0
1605303300,6.87,6.88,6.87,6.8798,0
1605303600,6.88,6.88,6.87,6.87,0
1605303900,6.88,6.89,6.87,6.87,0
1605304200,6.87,6.88,6.87,6.88,0
1605304500,6.88,6.88,6.88,6.88,0
1605304800,6.87,6.87,6.86,6.87,0
1605305100,6.88,6.88,6.8701,6.8701,0
1605305400,6.8798,6.88,6.8702,6.88,0
1605305700,6.88,6.88,6.88,6.88,0
1605306000,6.87,6.88,6.87,6.87,0
1605306300,6.87,6.87,6.87,6.87,0
1605306600,6.8798,6.8798,6.87,6.87,0
1605306900,6.87,6.87,6.87,6.87,0
1605307200,6.87,6.87,6.87,6.87,0
1605307500,6.87,6.87,6.87,6.87,0
1605307800,6.88,6.88,6.88,6.88,0
1605308100,6.86,6.87,6.86,6.87,0
1605308400,6.86,6.87,6.86,6.87,0
1605308700,6.87,6.88,6.87,6.88,0
1605309300,6.87,6.88,6.87,6.88,0
1605309600,6.87,6.88,6.87,6.88,0
1605309900,6.87,6.87,6.86,6.86,0
1605310200,6.87,6.87,6.86,6.86,0
1605310500,6.87,6.87,6.86,6.86,0
1605311100,6.86,6.87,6.8,6.87,0
1605311400,6.83,6.87,6.83,6.86,0
1605311700,6.85,6.85,6.85,6.85,0
1605312000,6.85,6.85,6.85,6.85,0
1605312300,6.85,6.85,6.85,6.85,0
1605312600,6.85,6.85,6.84,6.84,0
1605312900,6.85,6.85,6.85,6.85,0
1605313500,6.84,6.84,6.84,6.84,0
1605313800,6.84,6.84,6.82,6.82,0
1605314100,6.84,6.84,6.81,6.81,0
1605314700,6.83,6.85,6.82,6.83,0
1605315000,6.84,6.85,6.83,6.83,0
1605315300,6.84,6.85,6.82,6.82,0
