Date,Open,High,Low,Close,Volume
1605258900,355.1,355.27,354.99,355.22,0
1605259200,355.26,355.32,355.26,355.32,0
1605259500,355.35,355.35,355.18,355.18,0
1605259800,355.43,355.5,355.43,355.5,0
1605260100,355.66,355.66,355.46,355.58,0
1605260400,355.51,355.58,355.49,355.53,0
1605260700,355.69,356.3,355.69,356.11,0
1605261000,356.01,356.03,355.96,355.96,0
1605261300,355.96,356,355.94,355.94,0
1605261600,356,356.23,355.93,356.13,0
1605261900,356.26,356.37,356.24,356.36,0
1605262200,356.36,356.36,356.32,356.32,0
1605262500,356.28,356.39,356.23,356.23,0
1605262800,356.33,356.43,356.33,356.35,0
1605263100,356.27,356.29,356.14,356.26,0
1605263400,356.24,356.8,356.24,356.78,0
1605263700,356.57,356.57,356.49,356.55,0
1605264000,356.27,356.27,356.23,356.25,0
1605264300,356.15,356.2,356.06,356.06,0
1605264600,356.1,356.17,356.1,356.17,0
1605264900,356.19,356.36,356.19,356.35,0
1605265200,356.32,356.4,356.32,356.36,0
1605265500,356.38,356.56,356.38,356.56,0
1605265800,356.4,356.41,356.32,356.32,0
1605266100,356.44,356.45,356.05,356.05,0
1605266400,356.02,356.05,355.98,356.03,0
1605266700,356.05,356.19,355.96,355.96,0
1605267000,355.96,355.96,355.82,355.82,0
1605267300,355.91,355.91,355.53,355.7,0
1605267600,355.67,355.83,355.67,355.78,0
1605267900,355.75,355.92,355.75,355.85,0
1605268200,355.75,355.8,355.69,355.75,0
1605268500,355.75,355.9,355.56,355.56,0
1605268800,355.56,355.58,355.38,355.38,0
1605269100,355.75,355.83,355.6,355.81,0
1605269400,355.82,355.97,355.8,355.8,0
1605269700,355.87,355.9,355.55,355.55,0
1605270000,355.55,355.74,355.53,355.55,0
1605270300,355.51,355.55,355.44,355.51,0
1605270600,355.47,355.71,355.44,355.65,0
1605270900,355.65,355.76,355.51,355.76,0
1605271200,355.74,355.76,355.54,355.67,0
1605271500,355.7,355.91,355.65,355.86,0
1605271800,355.9,355.95,355.75,355.83,0
1605272100,355.82,355.87,355.75,355.75,0
1605272400,355.75,355.75,355.53,355.54,0
1605272700,355.58,355.67,355.51,355.59,0
1605273000,355.58,355.6,355.36,355.39,0
1605273300,355.46,355.88,353.39,355.412,0
1605273600,355.46,355.61,355.42,355.51,0
1605273900,355.48,355.6398,355.48,355.61,0
1605274200,355.56,355.65,355.51,355.51,0
1605274500,355.51,355.64,355.49,355.61,0
1605274800,355.64,355.72,355.56,355.72,0
1605275100,355.73,355.92,355.73,355.79,0
1605275400,355.75,355.77,355.67,355.75,0
1605275700,355.7202,355.74,355.61,355.61,0
1605276000,355.6,355.75,355.6,355.62,0
1605276300,355.6198,355.8,355.6198,355.8,0
1605276600,355.8,355.8,355.66,355.71,0
1605276900,355.71,355.71,355.58,355.61,0
1605277200,355.54,355.57,355.3,355.38,0
1605277500,355.36,355.41,355.2002,355.24,0
1605277800,355.7900085449219,355.8999938964844,355.3999938964844,355.6499938964844,2768496
1605278100,355.6499938964844,356.0199890136719,355.2200012207031,355.8900146484375,793859
1605278400,355.8900146484375,356.0799865722656,355.7099914550781,355.9100036621094,685936
1605278700,355.9150085449219,356.17999267578125,355.8599853515625,356.07000732421875,687538
1605279000,356.0799865722656,356.1199951171875,355.760009765625,355.93798828125,714008
1605279300,355.94000244140625,356.2398986816406,355.92999267578125,356.0299987792969,669952
1605279600,356.0299987792969,356.1199951171875,355.75,355.8421936035156,752212
1605279900,355.8500061035156,356.0799865722656,355.70001220703125,355.8800048828125,430357
1605280200,355.8599853515625,355.9200134277344,355.4800109863281,355.6990051269531,580072
1605280500,355.67498779296875,355.7699890136719,355.05999755859375,355.239990234375,947571
1605280800,355.239990234375,355.4070129394531,355.19000244140625,355.3800048828125,427061
1605281100,355.3799133300781,355.8999938964844,355.2900085449219,355.8550109863281,611067
1605281400,355.8500061035156,355.8800048828125,355.5299987792969,355.70001220703125,408836
1605281700,355.7049865722656,355.7200012207031,355.1199951171875,355.2200012207031,762399
1605282000,355.2200012207031,355.7117919921875,355.1099853515625,355.625,911151
1605282300,355.6199951171875,355.7699890136719,355.45001220703125,355.760009765625,539671
1605282600,355.7300109863281,355.7699890136719,355.30999755859375,355.4599914550781,385420
1605282900,355.45989990234375,355.4818115234375,354.7099914550781,355.19000244140625,821900
1605283200,355.20001220703125,355.6400146484375,355.20001220703125,355.6199951171875,412334
1605283500,355.6184997558594,355.8500061035156,355.57501220703125,355.7300109863281,359128
1605283800,355.7200012207031,355.760009765625,355.4800109863281,355.5899963378906,440812
1605284100,355.5950012207031,356,355.5899963378906,355.8599853515625,504306
1605284400,355.8599853515625,355.9200134277344,355.7799987792969,355.8800048828125,335056
1605284700,355.69000244140625,355.8999938964844,355.3399963378906,355.67999267578125,903593
1605285000,355.70001220703125,355.7799987792969,355.3900146484375,355.45001220703125,1285599
1605285300,355.44000244140625,355.7799987792969,355.3699951171875,355.6000061035156,281390
1605285600,355.6050109863281,356.15350341796875,355.6050109863281,355.9700012207031,588351
1605285900,355.9700012207031,356.1899108886719,355.9700012207031,356.1700134277344,288158
1605286200,356.15008544921875,356.2099914550781,356.04998779296875,356.1499938964844,212827
1605286500,356.1449890136719,356.3900146484375,356.1000061035156,356.2699890136719,681606
1605286800,356.2900085449219,356.4700012207031,356.2900085449219,356.3699951171875,275862
1605287100,356.3699951171875,356.4599914550781,356.239990234375,356.28179931640625,216347
1605287400,356.2900085449219,356.5,356.2799987792969,356.3500061035156,273626
1605287700,356.3550109863281,356.3799133300781,356.1400146484375,356.260009765625,239146
1605288000,356.260009765625,356.2699890136719,356.07501220703125,356.1199951171875,242606
1605288300,356.1300048828125,356.32501220703125,356.1300048828125,356.2300109863281,190337
1605288600,356.239990234375,356.30999755859375,356.1600036621094,356.239990234375,163892
1605288900,356.239990234375,356.45001220703125,356.239990234375,356.45001220703125,171876
1605289200,356.45001220703125,356.57000732421875,356.44000244140625,356.5,567413
1605289500,356.5018005371094,356.57000732421875,356.41009521484375,356.5299987792969,238431
1605289800,356.5199890136719,356.70001220703125,356.5,356.552001953125,370039
1605290100,356.55999755859375,356.739990234375,356.5400085449219,356.7398986816406,172729
1605290400,356.739990234375,356.8699951171875,356.6000061035156,356.75,513979
1605290700,356.760009765625,356.8900146484375,356.7301025390625,356.82000732421875,243796
1605291000,356.8299865722656,356.8800048828125,356.5899963378906,356.59991455078125,444183
1605291300,356.6000061035156,356.95001220703125,356.6000061035156,356.92999267578125,258699
1605291600,356.9200134277344,357,356.5899963378906,356.80999755859375,580029
1605291900,356.79998779296875,357.1300048828125,356.739990234375,356.8599853515625,496705
1605292200,356.875,356.9200134277344,356.5,356.57000732421875,292816
1605292500,356.5899963378906,356.7799987792969,356.5400085449219,356.7300109863281,241465
1605292800,356.7300109863281,356.80999755859375,356.6099853515625,356.7200012207031,427135
1605293100,356.70001220703125,356.94000244140625,356.5400085449219,356.7099914550781,268684
1605293400,356.7200012207031,356.8399963378906,356.5899963378906,356.6000061035156,154489
1605293700,356.5877990722656,356.75,356.54998779296875,356.6000061035156,238986
1605294000,356.6000061035156,356.94000244140625,356.5299987792969,356.7699890136719,489750
1605294300,356.7611083984375,356.9700012207031,356.7300109863281,356.8800048828125,763820
1605294600,356.89068603515625,356.906005859375,356.57000732421875,356.6400146484375,409672
1605294900,356.6400146484375,356.9599914550781,356.4200134277344,356.95001220703125,753960
1605295200,356.95001220703125,357.6400146484375,356.9200134277344,357.3999938964844,883981
1605295500,357.3999938964844,357.42999267578125,357.18359375,357.31109619140625,548894
1605295800,357.32000732421875,357.4800109863281,357.20001220703125,357.2200012207031,500424
1605296100,357.2200012207031,357.54998779296875,357.20330810546875,357.44000244140625,344660
1605296400,357.4309997558594,357.5249938964844,357.3500061035156,357.3800048828125,516136
1605296700,357.3800048828125,357.45001220703125,357.0299987792969,357.0899963378906,361027
1605297000,357.17498779296875,357.3699951171875,357.0849914550781,357.3299865722656,452574
1605297300,357.3349914550781,357.80999755859375,357.30999755859375,357.6600036621094,792532
1605297600,357.6600036621094,357.79998779296875,357.44000244140625,357.489990234375,840144
1605297900,357.489990234375,357.6700134277344,357.4100036621094,357.5400085449219,729884
1605298200,357.5400085449219,357.55999755859375,357.19000244140625,357.5299987792969,771662
1605298500,357.5400085449219,357.6400146484375,356.9599914550781,357.3550109863281,834947
1605298800,357.3550109863281,357.45001220703125,357.2300109863281,357.3900146484375,502177
1605299100,357.3999938964844,357.7749938964844,357.3800048828125,357.7099914550781,894738
1605299400,357.8450012207031,358.3399963378906,357.5899963378906,358.239990234375,1668449
1605299700,358.25,358.54998779296875,358.1700134277344,358.45001220703125,1207530
1605300000,358.4599914550781,358.8999938964844,358.3900146484375,358.739990234375,1540446
1605300300,358.7300109863281,358.8599853515625,358.39019775390625,358.4100036621094,1426159
1605300600,358.4100036621094,358.5899963378906,357.9100036621094,357.9200134277344,2257894
1605300900,357.9200134277344,358.4200134277344,357.79998779296875,358.05999755859375,4450258
1605301200,358.05,358.1,358.03,358.1,1411398
1605302100,358.05,358.33,357.83,358.19,0
1605302400,358.19,358.27,353.1961,358.13,0
1605302700,358.15,358.18,357.98,358.09,0
1605303000,358,358.25,358,358.0803,0
1605303300,358.18,358.25,358.17,358.2,0
1605303600,358.2,358.25,358.1,358.14,0
1605303900,358.12,358.15,358,358.15,0
1605304200,358.17,358.25,358.07,358.21,0
1605304500,358.25,358.25,358.09,358.14,0
1605304800,358.14,358.32,358.14,358.25,0
1605305100,358.23,358.27,358.21,358.2302,0
1605305400,358.23,358.2499,358.1,358.13,0
1605305700,358.1,358.23,358.09,358.22,0
1605306000,358.21,358.25,358.2,358.25,0
1605306300,358.24,358.29,358.15,358.18,0
1605306600,358.28,358.3,358.23,358.25,0
1605306900,358.28,358.34,358.25,358.28,0
1605307200,358.33,358.35,358.25,358.28,0
1605307500,358.3,358.3,358.25,358.25,0
1605307800,358.26,358.3,358.25,358.3,0
1605308100,358.25,358.34,358.25,358.3,0
1605308400,358.3,358.33,358.3,358.31,0
1605308700,358.31,358.32,358.1,358.32,0
1605309000,358.32,358.33,358.32,358.33,0
1605309300,358.3,358.32,358.25,358.27,0
1605309600,358.27,358.2801,358.1,358.26,0
1605309900,358.27,358.3,358.1,358.3,0
1605310200,358.22,358.22,358.22,358.22,0
1605310500,358.28,358.28,358.28,358.28,0
1605310800,358.28,358.28,358.25,358.25,0
1605311100,358.23,358.23,358.22,358.22,0
1605311400,358.25,358.25,358.25,358.25,0
1605311700,358.26,358.27,358.2,358.2,0
1605312000,358.2,358.22,358.13,358.22,0
1605312300,358.24,358.29,358.24,358.25,0
1605312600,358.29,358.29,358.26,358.26,0
1605312900,358.29,358.29,358.26,358.26,0
1605313500,358.25,358.25,358.25,358.25,0
1605313800,358.25,358.28,358.25,358.28,0
1605314100,358.27,358.28,358.2601,358.28,0
1605314400,358.28,358.28,358.27,358.27,0
1605314700,358.2899,358.29,358.26,358.26,0
1605315000,358.28,358.28,358.25,358.25,0
1605315300,358.27,358.29,358.27,358.29,0
