Date,Open,High,Low,Close,Volume
1605258900,19.56,19.57,19.54,19.56,0
1605259200,19.56,19.58,19.52,19.53,0
1605259500,19.54,19.57,19.54,19.56,0
1605259800,19.57,19.57,19.52,19.52,0
1605260100,19.51,19.53,19.5,19.52,0
1605260400,19.53,19.56,19.53,19.55,0
1605260700,19.52,19.52,19.45,19.48,0
1605261000,19.48,19.5,19.48,19.5,0
1605261300,19.49,19.49,19.47,19.47,0
1605261600,19.47,19.49,19.36,19.41,0
1605261900,19.41,19.41,19.36,19.36,0
1605262200,19.37,19.38,19.37,19.38,0
1605262500,19.4,19.42,19.39,19.4,0
1605262800,19.44,19.44,19.38,19.38,0
1605263100,19.42,19.42,19.41,19.42,0
1605263400,19.44,19.44,19.39,19.4,0
1605263700,19.41,19.42,19.41,19.42,0
1605264000,19.43,19.45,19.43,19.43,0
1605264300,19.46,19.48,19.45,19.45,0
1605264600,19.48,19.48,19.45,19.45,0
1605264900,19.45,19.45,19.44,19.44,0
1605265800,19.44,19.44,19.44,19.44,0
1605266100,19.45,19.46,19.45,19.46,0
1605266400,19.48,19.5,19.47,19.5,0
1605266700,19.5,19.51,19.5,19.5,0
1605267000,19.51,19.51,19.5,19.5,0
1605267300,19.52,19.52,19.52,19.52,0
1605267600,19.52,19.53,19.5,19.5,0
1605267900,19.47,19.47,19.47,19.47,0
1605268200,19.5,19.5,19.5,19.5,0
1605268500,19.5,19.51,19.49,19.51,0
1605268800,19.53,19.56,19.53,19.56,0
1605269100,19.55,19.56,19.55,19.56,0
1605269400,19.56,19.56,19.53,19.53,0
1605269700,19.52,19.57,19.52,19.56,0
1605270000,19.55,19.55,19.51,19.51,0
1605270300,19.53,19.54,19.51,19.51,0
1605270600,19.53,19.53,19.5,19.5,0
1605270900,19.51,19.51,19.46,19.46,0
1605271200,19.45,19.48,19.45,19.48,0
1605271500,19.48,19.48,19.44,19.44,0
1605271800,19.45,19.49,19.45,19.49,0
1605272100,19.49,19.49,19.47,19.48,0
1605272400,19.5,19.56,19.5,19.56,0
1605272700,19.56,19.6,19.54,19.59,0
1605273000,19.58,19.59,19.58,19.58,0
1605273300,19.5101,19.6,19.45,19.54,0
1605273600,19.53,19.5401,19.5,19.53,0
1605273900,19.55,19.55,19.52,19.5301,0
1605274200,19.53,19.56,19.5299,19.56,0
1605274500,19.56,19.5799,19.53,19.54,0
1605274800,19.55,19.55,19.49,19.5,0
1605275100,19.49,19.52,19.47,19.52,0
1605275400,19.52,19.54,19.51,19.51,0
1605275700,19.52,19.55,19.51,19.55,0
1605276000,19.55,19.55,19.53,19.54,0
1605276300,19.54,19.54,19.53,19.53,0
1605276600,19.55,19.57,19.53,19.53,0
1605276900,19.54,19.55,19.52,19.53,0
1605277200,19.5405,19.58,19.53,19.56,0
1605277500,19.56,19.5698,19.5404,19.558,0
1605277800,19.56999969482422,19.65999984741211,19.479999542236328,19.593000411987305,2379123
1605278100,19.594999313354492,19.679899215698242,19.43000030517578,19.47800064086914,1250203
1605278400,19.469999313354492,19.527700424194336,19.40999984741211,19.488399505615234,1164222
1605278700,19.479999542236328,19.614999771118164,19.434099197387695,19.560100555419922,1082012
1605279000,19.56999969482422,19.6299991607666,19.5,19.527999877929688,917324
1605279300,19.520000457763672,19.6200008392334,19.459999084472656,19.611900329589844,973161
1605279600,19.6200008392334,19.729999542236328,19.59000015258789,19.71500015258789,1283221
1605279900,19.71540069580078,19.760000228881836,19.6299991607666,19.75,891345
1605280200,19.75,19.834999084472656,19.719999313354492,19.760000228881836,1184155
1605280500,19.76580047607422,19.8799991607666,19.719999313354492,19.792699813842773,1039812
1605280800,19.790000915527344,19.809999465942383,19.739999771118164,19.761999130249023,573696
1605281100,19.770000457763672,19.78499984741211,19.65999984741211,19.684999465942383,639029
1605281400,19.683000564575195,19.811899185180664,19.68000030517578,19.791900634765625,591416
1605281700,19.799999237060547,19.899999618530273,19.790000915527344,19.88800048828125,1124742
1605282000,19.88990020751953,19.9158992767334,19.799999237060547,19.799999237060547,866331
1605282300,19.799999237060547,19.86989974975586,19.760000228881836,19.76449966430664,611897
1605282600,19.760099411010742,19.889999389648438,19.740400314331055,19.860000610351562,677796
1605282900,19.850000381469727,20.030000686645508,19.850000381469727,19.947999954223633,1323547
1605283200,19.940000534057617,19.940000534057617,19.84000015258789,19.850000381469727,666735
1605283500,19.849899291992188,19.876100540161133,19.760000228881836,19.799999237060547,633460
1605283800,19.805299758911133,19.875,19.790000915527344,19.841800689697266,601268
1605284100,19.84000015258789,19.84000015258789,19.690000534057617,19.739999771118164,1010554
1605284400,19.729999542236328,19.768600463867188,19.709999084472656,19.722700119018555,363663
1605284700,19.729999542236328,19.809999465942383,19.700000762939453,19.799999237060547,976718
1605285000,19.799999237060547,19.8799991607666,19.774999618530273,19.86199951171875,672111
1605285300,19.868000030517578,19.889999389648438,19.790000915527344,19.82699966430664,318259
1605285600,19.829999923706055,19.829999923706055,19.719999313354492,19.75,497023
1605285900,19.75,19.760000228881836,19.700000762939453,19.700000762939453,382777
1605286200,19.70199966430664,19.729900360107422,19.670000076293945,19.695499420166016,711822
1605286500,19.690099716186523,19.700000762939453,19.610000610351562,19.650800704956055,693981
1605286800,19.649999618530273,19.670000076293945,19.61639976501465,19.639999389648438,456126
1605287100,19.64229965209961,19.690000534057617,19.6299991607666,19.670000076293945,283512
1605287400,19.670000076293945,19.670000076293945,19.59000015258789,19.63129997253418,379329
1605287700,19.633399963378906,19.68000030517578,19.611299514770508,19.639999389648438,293087
1605288000,19.649999618530273,19.700000762939453,19.639999389648438,19.68000030517578,341594
1605288300,19.68000030517578,19.68000030517578,19.610000610351562,19.639999389648438,275107
1605288600,19.639999389648438,19.68000030517578,19.6299991607666,19.655500411987305,250576
1605288900,19.659000396728516,19.68000030517578,19.6200008392334,19.62299919128418,279215
1605289200,19.62820053100586,19.6299991607666,19.559999465942383,19.589000701904297,403171
1605289500,19.589000701904297,19.610000610351562,19.549999237060547,19.559999465942383,352210
1605289800,19.56999969482422,19.59000015258789,19.549999237060547,19.584199905395508,222213
1605290100,19.579999923706055,19.588899612426758,19.530000686645508,19.53499984741211,390952
1605290400,19.530000686645508,19.56999969482422,19.520000457763672,19.549999237060547,476078
1605290700,19.545000076293945,19.56999969482422,19.53499984741211,19.568700790405273,268856
1605291000,19.559999465942383,19.600000381469727,19.540000915527344,19.579999923706055,389013
1605291300,19.57900047302246,19.600000381469727,19.549999237060547,19.56999969482422,269805
1605291600,19.565000534057617,19.6299991607666,19.547100067138672,19.610000610351562,473094
1605291900,19.606199264526367,19.6299991607666,19.540000915527344,19.61840057373047,433027
1605292200,19.614999771118164,19.65999984741211,19.59000015258789,19.649799346923828,626435
1605292500,19.64780044555664,19.690000534057617,19.639999389648438,19.688100814819336,587185
1605292800,19.690000534057617,19.719999313354492,19.68000030517578,19.691999435424805,784797
1605293100,19.700000762939453,19.725000381469727,19.649999618530273,19.700000762939453,660818
1605293400,19.6914005279541,19.719999313354492,19.670000076293945,19.715200424194336,443872
1605293700,19.719999313354492,19.739999771118164,19.68000030517578,19.708900451660156,358918
1605294000,19.700000762939453,19.729900360107422,19.639999389648438,19.670000076293945,471699
1605294300,19.66819953918457,19.708599090576172,19.6299991607666,19.68000030517578,294111
1605294600,19.674999237060547,19.780000686645508,19.670000076293945,19.75,667382
1605294900,19.7549991607666,19.797300338745117,19.68000030517578,19.68000030517578,530606
1605295200,19.690000534057617,19.690000534057617,19.549999237060547,19.59000015258789,693640
1605295500,19.59000015258789,19.6299991607666,19.59000015258789,19.628599166870117,387549
1605295800,19.6200008392334,19.650100708007812,19.600000381469727,19.649999618530273,246594
1605296100,19.649999618530273,19.649999618530273,19.56999969482422,19.586599349975586,655197
1605296400,19.58799934387207,19.61009979248047,19.56999969482422,19.594999313354492,231328
1605296700,19.600000381469727,19.629899978637695,19.56999969482422,19.6200008392334,230432
1605297000,19.610000610351562,19.6200008392334,19.56999969482422,19.575000762939453,429306
1605297300,19.579999923706055,19.579999923706055,19.490400314331055,19.520000457763672,966939
1605297600,19.519899368286133,19.559999465942383,19.5,19.540000915527344,556232
1605297900,19.530000686645508,19.549999237060547,19.510000228881836,19.529600143432617,331429
1605298200,19.522899627685547,19.575000762939453,19.510000228881836,19.519399642944336,447463
1605298500,19.520000457763672,19.609899520874023,19.5,19.530099868774414,607937
1605298800,19.538400650024414,19.549999237060547,19.469999313354492,19.47010040283203,606002
1605299100,19.475000381469727,19.485000610351562,19.43000030517578,19.451400756835938,597240
1605299400,19.450000762939453,19.469999313354492,19.34000015258789,19.3799991607666,1281424
1605299700,19.389999389648438,19.399999618530273,19.31999969482422,19.349700927734375,887364
1605300000,19.349000930786133,19.360000610351562,19.270000457763672,19.2893009185791,876016
1605300300,19.290000915527344,19.3700008392334,19.264999389648438,19.35140037536621,1060683
1605300600,19.350000381469727,19.389999389648438,19.299999237060547,19.381200790405273,1330964
1605300900,19.38159942626953,19.40999984741211,19.308000564575195,19.3700008392334,1756782
1605301200,19.36,19.39,19.36,19.39,16066
1605302100,19.38,19.4,19.32,19.3399,0
1605302400,19.33,19.3402,19.29,19.3,0
1605302700,19.29,19.32,19.29,19.3,0
1605303000,19.3,19.31,19.29,19.3,0
1605303300,19.31,19.31,19.29,19.3,0
1605303600,19.31,19.33,19.3,19.3201,0
1605303900,19.32,19.34,19.3,19.3,0
1605304200,19.3,19.32,19.3,19.3,0
1605304500,19.2998,19.31,19.29,19.31,0
1605304800,19.3,19.31,19.3,19.3,0
1605305100,19.31,19.31,19.29,19.29,0
1605305400,19.3,19.31,19.3,19.3,0
1605305700,19.3,19.31,19.3,19.3,0
1605306000,19.3,19.31,19.3,19.3,0
1605306300,19.31,19.31,19.3,19.31,0
1605306900,19.31,19.31,19.3,19.3,0
1605307200,19.31,19.31,19.3,19.3,0
1605307500,19.3,19.3,19.3,19.3,0
1605307800,19.3,19.3,19.29,19.29,0
1605308100,19.3,19.3,19.29,19.29,0
1605308400,19.29,19.3,19.29,19.29,0
1605308700,19.29,19.29,19.28,19.29,0
1605309000,19.29,19.29,19.28,19.29,0
1605309300,19.29,19.29,19.27,19.29,0
1605309600,19.27,19.28,19.27,19.28,0
1605309900,19.27,19.29,19.27,19.29,0
1605310200,19.29,19.29,19.27,19.27,0
1605310500,19.26,19.27,19.25,19.25,0
1605310800,19.25,19.27,19.25,19.27,0
1605311100,19.26,19.27,19.26,19.27,0
1605311400,19.25,19.26,19.25,19.26,0
1605311700,19.25,19.28,19.25,19.28,0
1605312000,19.25,19.26,19.25,19.26,0
1605312300,19.27,19.27,19.25,19.27,0
1605312600,19.27,19.27,19.25,19.25,0
1605312900,19.25,19.27,19.25,19.27,0
1605313200,19.25,19.27,19.25,19.27,0
1605313500,19.28,19.28,19.2699,19.27,0
1605313800,19.27,19.27,19.26,19.26,0
1605314100,19.27,19.27,19.26,19.26,0
1605314400,19.26,19.27,19.25,19.25,0
1605314700,19.27,19.27,19.24,19.2599,0
1605315000,19.27,19.31,19.23,19.31,0
1605315300,19.25,19.27,19.25,19.27,0
