Date,Open,High,Low,Close,Volume
1605258900,28.57,28.59,28.57,28.59,0
1605259500,28.59,28.59,28.59,28.59,0
1605260100,28.59,28.59,28.59,28.59,0
1605260400,28.6,28.6,28.6,28.6,0
1605260700,28.6,28.65,28.6,28.65,0
1605261600,28.65,28.66,28.65,28.66,0
1605261900,28.68,28.68,28.68,28.68,0
1605262200,28.7,28.73,28.7,28.73,0
1605262800,28.64,28.64,28.64,28.64,0
1605263100,28.73,28.73,28.73,28.73,0
1605263400,28.73,28.73,28.73,28.73,0
1605266100,28.68,28.7,28.68,28.7,0
1605269400,28.69,28.7,28.69,28.7,0
1605269700,28.69,28.69,28.61,28.65,0
1605270300,28.6,28.6,28.6,28.6,0
1605271200,28.6,28.6,28.6,28.6,0
1605271500,28.58,28.58,28.58,28.58,0
1605271800,28.57,28.57,28.57,28.57,0
1605272100,28.57,28.57,28.54,28.54,0
1605272400,28.54,28.57,28.54,28.57,0
1605273000,28.55,28.55,28.55,28.55,0
1605273300,28.63,28.63,28.53,28.53,0
1605273600,28.53,28.53,28.51,28.51,0
1605273900,28.53,28.53,28.53,28.53,0
1605274200,28.5399,28.55,28.5399,28.55,0
1605274500,28.58,28.58,28.58,28.58,0
1605274800,28.58,28.58,28.56,28.56,0
1605275100,28.55,28.57,28.55,28.55,0
1605275400,28.57,28.57,28.57,28.57,0
1605275700,28.56,28.58,28.56,28.58,0
1605276000,28.59,28.59,28.56,28.56,0
1605276300,28.55,28.55,28.54,28.54,0
1605276600,28.5498,28.55,28.54,28.54,0
1605276900,28.58,28.58,28.5601,28.58,0
1605277200,28.5799,28.5801,28.56,28.5801,0
1605277500,28.59,28.59,28.53,28.53,0
1605277800,28.56999969482422,28.6200008392334,28.469999313354492,28.6200008392334,1029502
1605278100,28.625,28.666500091552734,28.59000015258789,28.59000015258789,669782
1605278400,28.59000015258789,28.6299991607666,28.559999465942383,28.610000610351562,387553
1605278700,28.614999771118164,28.670000076293945,28.610000610351562,28.649999618530273,297663
1605279000,28.655000686645508,28.690000534057617,28.579999923706055,28.635000228881836,250532
1605279300,28.639999389648438,28.670000076293945,28.600000381469727,28.65999984741211,263303
1605279600,28.65999984741211,28.700000762939453,28.6299991607666,28.674999237060547,294566
1605279900,28.68000030517578,28.718599319458008,28.65999984741211,28.71500015258789,254678
1605280200,28.709999084472656,28.725000381469727,28.672000885009766,28.674999237060547,315746
1605280500,28.673599243164062,28.719999313354492,28.649999618530273,28.65999984741211,568288
1605280800,28.65999984741211,28.670000076293945,28.635000228881836,28.6427001953125,334287
1605281100,28.645000457763672,28.700000762939453,28.6299991607666,28.69499969482422,245991
1605281400,28.69700050354004,28.780000686645508,28.690000534057617,28.760799407958984,331093
1605281700,28.766700744628906,28.770000457763672,28.700000762939453,28.71500015258789,255702
1605282000,28.709999084472656,28.75,28.670000076293945,28.729999542236328,675435
1605282300,28.72100067138672,28.7549991607666,28.71500015258789,28.733600616455078,264553
1605282600,28.735000610351562,28.75,28.719999313354492,28.739999771118164,244712
1605282900,28.747299194335938,28.770000457763672,28.725000381469727,28.7450008392334,239839
1605283200,28.74570083618164,28.790000915527344,28.7450008392334,28.7549991607666,183466
1605283500,28.75909996032715,28.780000686645508,28.729999542236328,28.764999389648438,174007
1605283800,28.770000457763672,28.780000686645508,28.739999771118164,28.765199661254883,191137
1605284100,28.764999389648438,28.770000457763672,28.709999084472656,28.73150062561035,191798
1605284400,28.73590087890625,28.739999771118164,28.700000762939453,28.701000213623047,167916
1605284700,28.704999923706055,28.719999313354492,28.670000076293945,28.709999084472656,194494
1605285000,28.715900421142578,28.760000228881836,28.700000762939453,28.75,367341
1605285300,28.7549991607666,28.760000228881836,28.700000762939453,28.704999923706055,230249
1605285600,28.700000762939453,28.760000228881836,28.700000762939453,28.75,379231
1605285900,28.760000228881836,28.780000686645508,28.75,28.770000457763672,117299
1605286200,28.775100708007812,28.780000686645508,28.760000228881836,28.760900497436523,110864
1605286500,28.760000228881836,28.770000457763672,28.739999771118164,28.7549991607666,207401
1605286800,28.7549991607666,28.760000228881836,28.739999771118164,28.75790023803711,129009
1605287100,28.7549991607666,28.760000228881836,28.7450008392334,28.7549991607666,129838
1605287400,28.75,28.760000228881836,28.739999771118164,28.7549991607666,147448
1605287700,28.75160026550293,28.760000228881836,28.7450008392334,28.7450008392334,149397
1605288000,28.749900817871094,28.760000228881836,28.739999771118164,28.7549991607666,92468
1605288300,28.75,28.760000228881836,28.739999771118164,28.7549991607666,142156
1605288600,28.7549991607666,28.760000228881836,28.730100631713867,28.735000610351562,202021
1605288900,28.730100631713867,28.760000228881836,28.729999542236328,28.7549991607666,214583
1605289200,28.760000228881836,28.780000686645508,28.75,28.774999618530273,186330
1605289500,28.770000457763672,28.790000915527344,28.770000457763672,28.78499984741211,163646
1605289800,28.78499984741211,28.81999969482422,28.780000686645508,28.80500030517578,281391
1605290100,28.808700561523438,28.81999969482422,28.790000915527344,28.799999237060547,173914
1605290400,28.799999237060547,28.809999465942383,28.780000686645508,28.799999237060547,166576
1605290700,28.799999237060547,28.829999923706055,28.799999237060547,28.825000762939453,282618
1605291000,28.825000762939453,28.84000015258789,28.790000915527344,28.80500030517578,290480
1605291300,28.802900314331055,28.844999313354492,28.799999237060547,28.844999313354492,220442
1605291600,28.844999313354492,28.850000381469727,28.82990074157715,28.832700729370117,565900
1605291900,28.829999923706055,28.850000381469727,28.809999465942383,28.809999465942383,292573
1605292200,28.815000534057617,28.81999969482422,28.790000915527344,28.80500030517578,121415
1605292500,28.80500030517578,28.850000381469727,28.80500030517578,28.850000381469727,164293
1605292800,28.850000381469727,28.8700008392334,28.829999923706055,28.8700008392334,491484
1605293100,28.860000610351562,28.889999389648438,28.860000610351562,28.889999389648438,209376
1605293400,28.88789939880371,28.899999618530273,28.8799991607666,28.889999389648438,239969
1605293700,28.889999389648438,28.899999618530273,28.850000381469727,28.852699279785156,252420
1605294000,28.860000610351562,28.8799991607666,28.850000381469727,28.8799991607666,300907
1605294300,28.875,28.899999618530273,28.8700008392334,28.8927001953125,230387
1605294600,28.899999618530273,28.920000076293945,28.889999389648438,28.90999984741211,381905
1605294900,28.905000686645508,28.924999237060547,28.889999389648438,28.920000076293945,271053
1605295200,28.920000076293945,28.959999084472656,28.915000915527344,28.93000030517578,412610
1605295500,28.939899444580078,28.950000762939453,28.899999618530273,28.940000534057617,319809
1605295800,28.950000762939453,28.959999084472656,28.93000030517578,28.9325008392334,245495
1605296100,28.934999465942383,28.959999084472656,28.93000030517578,28.950000762939453,206640
1605296400,28.950000762939453,28.969999313354492,28.950000762939453,28.96500015258789,276301
1605296700,28.962499618530273,28.969999313354492,28.915000915527344,28.940000534057617,339199
1605297000,28.93670082092285,28.950000762939453,28.920000076293945,28.94499969482422,248309
1605297300,28.94499969482422,28.979999542236328,28.942100524902344,28.950000762939453,471918
1605297600,28.950000762939453,28.959999084472656,28.93000030517578,28.93000030517578,181684
1605297900,28.93000030517578,28.940000534057617,28.899999618530273,28.905000686645508,343329
1605298200,28.900100708007812,28.91900062561035,28.8799991607666,28.899900436401367,269464
1605298500,28.895000457763672,28.920000076293945,28.8700008392334,28.920000076293945,325474
1605298800,28.915000915527344,28.920000076293945,28.899999618530273,28.905000686645508,204147
1605299100,28.905000686645508,28.93000030517578,28.899999618530273,28.93000030517578,283554
1605299400,28.93000030517578,28.959999084472656,28.920000076293945,28.954999923706055,471634
1605299700,28.954999923706055,28.979999542236328,28.950000762939453,28.96500015258789,503028
1605300000,28.969999313354492,28.989999771118164,28.959999084472656,28.969999313354492,635268
1605300300,28.969999313354492,28.989999771118164,28.950000762939453,28.956600189208984,486935
1605300600,28.954999923706055,28.96500015258789,28.90999984741211,28.90999984741211,678981
1605300900,28.90999984741211,28.950000762939453,28.889999389648438,28.915000915527344,1454145
1605301200,28.91,28.91,28.91,28.91,2534034
1605302100,28.88,28.9198,28.88,28.88,0
1605302400,28.9,28.91,28.765,28.9098,0
1605302700,28.91,28.91,28.8181,28.8898,0
1605303000,28.89,28.89,28.89,28.89,0
1605303300,28.9,28.91,28.86,28.89,0
1605303600,28.89,28.89,28.89,28.89,0
1605303900,28.87,28.9098,28.87,28.9098,0
1605304200,28.91,28.91,28.86,28.86,0
1605304500,28.91,28.91,28.9,28.91,0
1605304800,28.91,28.91,28.91,28.91,0
1605305100,28.9,28.9,28.88,28.88,0
1605305400,28.91,28.91,28.88,28.88,0
1605306000,28.86,28.87,28.86,28.87,0
1605306300,28.91,28.92,28.91,28.91,0
1605306600,28.8998,28.8998,28.8998,28.8998,0
1605307500,28.87,28.9,28.86,28.8999,0
1605308100,28.86,28.9,28.86,28.9,0
1605308400,28.9,28.9,28.88,28.9,0
1605308700,28.88,28.91,28.87,28.91,0
1605309000,28.91,28.91,28.8699,28.87,0
1605309300,28.87,28.87,28.87,28.87,0
1605309600,28.9,28.9,28.9,28.9,0
1605309900,28.87,28.87,28.87,28.87,0
1605310200,28.87,28.87,28.87,28.87,0
1605310500,28.88,28.88,28.88,28.88,0
1605310800,28.89,28.9,28.89,28.9,0
1605311100,28.9,28.9,28.89,28.89,0
1605312000,28.89,28.89,28.89,28.89,0
1605312300,28.89,28.89,28.89,28.89,0
1605312600,28.88,28.88,28.88,28.88,0
1605312900,28.88,28.88,28.88,28.88,0
1605313200,28.88,28.88,28.88,28.88,0
1605313500,28.87,28.9,28.87,28.9,0
1605313800,28.9,28.9,28.9,28.9,0
1605314100,28.9,28.91,28.9,28.9,0
1605314400,28.9,28.9,28.9,28.9,0
1605315300,28.87,28.87,28.87,28.87,0
