Date,Open,High,Low,Close,Volume
1605258900,7.78,7.78,7.75,7.78,0
1605259200,7.76,8.26,7.76,8,0
1605259500,8,8,7.93,7.96,0
1605259800,8.15,8.15,8.15,8.15,0
1605260100,8.2,8.28,8.12,8.28,0
1605260400,8.29,8.3,8.25,8.26,0
1605260700,8.26,8.3,8.26,8.26,0
1605261000,8.27,8.38,8.1,8.1,0
1605261300,8.11,8.2,8.1,8.15,0
1605261600,8.14,8.24,8.14,8.15,0
1605261900,8.15,8.15,8.08,8.08,0
1605262200,8.06,8.06,7.9,7.95,0
1605262500,8.04,8.04,8.04,8.04,0
1605262800,8.03,8.03,8.03,8.03,0
1605263100,8.03,8.04,8.03,8.04,0
1605263400,8.01,8.01,7.99,7.99,0
1605263700,7.99,7.99,7.99,7.99,0
1605264000,8,8,7.97,7.97,0
1605264600,7.97,7.97,7.97,7.97,0
1605264900,8.01,8.01,7.95,7.95,0
1605265200,7.96,7.97,7.95,7.97,0
1605265500,7.97,8,7.97,8,0
1605266100,8.1,8.1,8.05,8.05,0
1605266400,8.06,8.06,8.05,8.05,0
1605266700,8,8.02,7.99,8,0
1605267000,8.05,8.05,8.05,8.05,0
1605267300,8.02,8.05,8.02,8.05,0
1605267600,8.06,8.06,8.06,8.06,0
1605267900,8.08,8.09,8.05,8.05,0
1605268800,8.05,8.08,8.05,8.08,0
1605269100,8.09,8.1,8.09,8.1,0
1605269400,8.06,8.06,8.05,8.05,0
1605269700,8.02,8.05,7.77,7.81,0
1605270000,7.78,7.88,7.72,7.88,0
1605270300,7.83,7.85,7.75,7.75,0
1605270600,7.76,7.76,7.76,7.76,0
1605270900,7.72,8.04,7.63,7.82,0
1605271200,7.73,7.74,7.73,7.74,0
1605271500,7.71,7.73,7.7,7.72,0
1605271800,7.7,7.7,7.7,7.7,0
1605272100,7.7,7.71,7.68,7.71,0
1605272400,7.7,7.73,7.7,7.73,0
1605273000,7.73,7.74,7.73,7.74,0
1605273300,7.79,8,7.62,7.65,0
1605273600,7.65,7.75,7.64,7.74,0
1605273900,7.75,7.75,7.7298,7.7298,0
1605274200,7.7298,7.75,7.68,7.74,0
1605274500,7.73,7.75,7.72,7.7499,0
1605274800,7.73,7.75,7.73,7.75,0
1605275100,7.72,7.7202,7.7102,7.72,0
1605275400,7.73,7.73,7.7,7.72,0
1605275700,7.7,7.75,7.7,7.75,0
1605276000,7.75,7.77,7.7301,7.7699,0
1605276300,7.73,7.76,7.73,7.74,0
1605276600,7.74,7.75,7.71,7.71,0
1605276900,7.74,7.74,7.7,7.7399,0
1605277200,7.71,7.74,7.7,7.7,0
1605277500,7.7299,7.7299,7.7,7.72,0
1605277800,7.739999771118164,7.800000190734863,7.619999885559082,7.795199871063232,859807
1605278100,7.769999980926514,7.78000020980835,7.510000228881836,7.555500030517578,338606
1605278400,7.554999828338623,7.599999904632568,7.510000228881836,7.59499979019165,299562
1605278700,7.584000110626221,7.669899940490723,7.550000190734863,7.646999835968018,264906
1605279000,7.6392998695373535,7.650000095367432,7.5,7.539999961853027,345476
1605279300,7.534999847412109,7.584799766540527,7.510000228881836,7.554500102996826,251072
1605279600,7.554999828338623,7.570000171661377,7.449999809265137,7.570000171661377,347192
1605279900,7.570000171661377,7.59499979019165,7.53000020980835,7.548900127410889,162819
1605280200,7.539999961853027,7.558800220489502,7.460000038146973,7.474999904632568,137191
1605280500,7.4766998291015625,7.559999942779541,7.474999904632568,7.550000190734863,188607
1605280800,7.550000190734863,7.619999885559082,7.53000020980835,7.619900226593018,383337
1605281100,7.610000133514404,7.610000133514404,7.519999980926514,7.550000190734863,110746
1605281400,7.550000190734863,7.559999942779541,7.489999771118164,7.510000228881836,137694
1605281700,7.510000228881836,7.539999961853027,7.429999828338623,7.460700035095215,127056
1605282000,7.465000152587891,7.510000228881836,7.460000038146973,7.489999771118164,101832
1605282300,7.485000133514404,7.519999980926514,7.460000038146973,7.507900238037109,69656
1605282600,7.505199909210205,7.579999923706055,7.5,7.579999923706055,277398
1605282900,7.574999809265137,7.590000152587891,7.53000020980835,7.545000076293945,150368
1605283200,7.550000190734863,7.590000152587891,7.53000020980835,7.585000038146973,248200
1605283500,7.585000038146973,7.619999885559082,7.519999980926514,7.545000076293945,249528
1605283800,7.549200057983398,7.554999828338623,7.519999980926514,7.541100025177002,44262
1605284100,7.529900074005127,7.587600231170654,7.523200035095215,7.539999961853027,149817
1605284400,7.544099807739258,7.5493998527526855,7.429999828338623,7.460000038146973,257004
1605284700,7.460000038146973,7.489999771118164,7.448800086975098,7.472899913787842,78096
1605285000,7.474999904632568,7.490099906921387,7.454999923706055,7.460000038146973,69863
1605285300,7.465000152587891,7.49370002746582,7.440000057220459,7.472300052642822,80610
1605285600,7.474999904632568,7.5,7.46999979019165,7.494999885559082,72210
1605285900,7.494999885559082,7.510000228881836,7.46999979019165,7.5,54712
1605286200,7.505000114440918,7.599800109863281,7.5,7.560999870300293,195698
1605286500,7.5696001052856445,7.590000152587891,7.519999980926514,7.554999828338623,149584
1605286800,7.558899879455566,7.588900089263916,7.53000020980835,7.560299873352051,97410
1605287100,7.561600208282471,7.639999866485596,7.559999942779541,7.619999885559082,247943
1605287400,7.614999771118164,7.650000095367432,7.570000171661377,7.619999885559082,313610
1605287700,7.610000133514404,7.650000095367432,7.579999923706055,7.614999771118164,217248
1605288000,7.614999771118164,7.619999885559082,7.519999980926514,7.539999961853027,178477
1605288300,7.545000076293945,7.590000152587891,7.534999847412109,7.5584001541137695,101514
1605288600,7.559999942779541,7.609000205993652,7.559999942779541,7.589900016784668,106863
1605288900,7.585400104522705,7.589900016784668,7.53000020980835,7.539999961853027,99407
1605289200,7.534999847412109,7.559999942779541,7.525000095367432,7.53000020980835,54340
1605289500,7.538899898529053,7.610000133514404,7.5279998779296875,7.599999904632568,96560
1605289800,7.605000019073486,7.635000228881836,7.590000152587891,7.625,109460
1605290100,7.619999885559082,7.630000114440918,7.590000152587891,7.599999904632568,69716
1605290400,7.599999904632568,7.630000114440918,7.590000152587891,7.630000114440918,80520
1605290700,7.630000114440918,7.670000076293945,7.599999904632568,7.665900230407715,102128
1605291000,7.669899940490723,7.699999809265137,7.610000133514404,7.633699893951416,246106
1605291300,7.630000114440918,7.630000114440918,7.570000171661377,7.604599952697754,104792
1605291600,7.605000019073486,7.630000114440918,7.570000171661377,7.599999904632568,53214
1605291900,7.599999904632568,7.619999885559082,7.590000152587891,7.590000152587891,35742
1605292200,7.590000152587891,7.610000133514404,7.570000171661377,7.570000171661377,36944
1605292500,7.570000171661377,7.574999809265137,7.539999961853027,7.559999942779541,64521
1605292800,7.558899879455566,7.570000171661377,7.53000020980835,7.539999961853027,56177
1605293100,7.545000076293945,7.550000190734863,7.429999828338623,7.465000152587891,300544
1605293400,7.465000152587891,7.519999980926514,7.429999828338623,7.495299816131592,132340
1605293700,7.480000019073486,7.494999885559082,7.460000038146973,7.460000038146973,31482
1605294000,7.46999979019165,7.485000133514404,7.461100101470947,7.461100101470947,41029
1605294300,7.46999979019165,7.510000228881836,7.465000152587891,7.474999904632568,82458
1605294600,7.470699787139893,7.519999980926514,7.46999979019165,7.5,93125
1605294900,7.5,7.526500225067139,7.5,7.510000228881836,49669
1605295200,7.514999866485596,7.53000020980835,7.5005998611450195,7.505799770355225,64051
1605295500,7.5,7.519999980926514,7.489999771118164,7.494999885559082,42311
1605295800,7.5,7.579999923706055,7.494999885559082,7.5742998123168945,108373
1605296100,7.573299884796143,7.579999923706055,7.519999980926514,7.53000020980835,83299
1605296400,7.53000020980835,7.559999942779541,7.519999980926514,7.525000095367432,66673
1605296700,7.525000095367432,7.525000095367432,7.5,7.506499767303467,44261
1605297000,7.508900165557861,7.53000020980835,7.487299919128418,7.505000114440918,76118
1605297300,7.50629997253418,7.53000020980835,7.5,7.519999980926514,33035
1605297600,7.53000020980835,7.579999923706055,7.510000228881836,7.554999828338623,96784
1605297900,7.550099849700928,7.559999942779541,7.53000020980835,7.550000190734863,54967
1605298200,7.545000076293945,7.577600002288818,7.539999961853027,7.577600002288818,47030
1605298500,7.579999923706055,7.630000114440918,7.545000076293945,7.630000114440918,144326
1605298800,7.619999885559082,7.629899978637695,7.539999961853027,7.550000190734863,143601
1605299100,7.539999961853027,7.570000171661377,7.539999961853027,7.565000057220459,74303
1605299400,7.568900108337402,7.630000114440918,7.554999828338623,7.59499979019165,177561
1605299700,7.592700004577637,7.618899822235107,7.579999923706055,7.585000038146973,110945
1605300000,7.579999923706055,7.619999885559082,7.574999809265137,7.601099967956543,124251
1605300300,7.605000019073486,7.644999980926514,7.579999923706055,7.610000133514404,178315
1605300600,7.614999771118164,7.630000114440918,7.590000152587891,7.610000133514404,262043
1605300900,7.610000133514404,7.639999866485596,7.599999904632568,7.619999885559082,458374
1605301200,7.65,7.65,7.65,7.65,354157
1605302100,7.65,7.65,7.6,7.61,0
1605302400,7.61,7.61,7.59,7.6,0
1605302700,7.6,7.65,7.6,7.61,0
1605303000,7.62,7.67,7.62,7.67,0
1605303300,7.66,7.68,7.66,7.68,0
1605303600,7.65,7.68,7.65,7.6798,0
1605303900,7.68,7.68,7.6,7.68,0
1605304200,7.68,7.68,7.6,7.6,0
1605304500,7.61,7.63,7.55,7.63,0
1605304800,7.63,7.6498,7.62,7.6498,0
1605305100,7.62,7.62,7.62,7.62,0
1605305400,7.64,7.64,7.6,7.6,0
1605305700,7.5998,7.5998,7.58,7.58,0
1605306000,7.58,7.61,7.58,7.59,0
1605306300,7.62,7.63,7.62,7.63,0
1605306600,7.63,7.63,7.62,7.62,0
1605306900,7.63,7.64,7.6298,7.6298,0
1605307200,7.6,7.6,7.6,7.6,0
1605307500,7.63,7.63,7.63,7.63,0
1605307800,7.65,7.65,7.6,7.64,0
1605308100,7.6,7.64,7.6,7.6,0
1605308400,7.63,7.63,7.6,7.6,0
1605308700,7.59,7.62,7.59,7.62,0
1605309000,7.6,7.6,7.6,7.6,0
1605309300,7.6,7.6,7.6,7.6,0
1605309600,7.61,7.62,7.61,7.62,0
1605309900,7.6,7.61,7.6,7.61,0
1605310200,7.61,7.61,7.6099,7.6099,0
1605310500,7.61,7.61,7.61,7.61,0
1605310800,7.6,7.6,7.6,7.6,0
1605311100,7.61,7.61,7.58,7.6,0
1605311400,7.58,7.6,7.58,7.6,0
1605311700,7.6,7.6,7.6,7.6,0
1605312000,7.6,7.6,7.6,7.6,0
1605312300,7.58,7.58,7.58,7.58,0
1605312600,7.6,7.6,7.59,7.6,0
1605312900,7.6,7.6,7.6,7.6,0
1605313200,7.6,7.6,7.6,7.6,0
1605313500,7.59,7.6,7.59,7.6,0
1605313800,7.59,7.6,7.58,7.6,0
1605314100,7.59,7.6,7.59,7.59,0
1605314400,7.6,7.63,7.6,7.63,0
1605314700,7.61,7.61,7.61,7.61,0
1605315000,7.65,7.65,7.6,7.6,0
1605315300,7.6499,7.65,7.64,7.65,0
