Date,Open,High,Low,Close,Volume
1605258900,0.1175,0.12,0.116,0.116,0
1605259200,0.116,0.116,0.116,0.116,0
1605260100,0.1198,0.1198,0.1125,0.1125,0
1605260400,0.1198,0.1198,0.1151,0.1198,0
1605261000,0.1123,0.1125,0.1123,0.1125,0
1605261600,0.1123,0.1125,0.112,0.1123,0
1605261900,0.1151,0.1151,0.1151,0.1151,0
1605262200,0.1198,0.1198,0.1198,0.1198,0
1605262800,0.112,0.112,0.11,0.11,0
1605263400,0.1187,0.1187,0.1187,0.1187,0
1605264000,0.111,0.111,0.111,0.111,0
1605264900,0.118,0.1186,0.118,0.1186,0
1605265200,0.115,0.115,0.1126,0.1126,0
1605265500,0.1126,0.115,0.1126,0.115,0
1605265800,0.115,0.115,0.115,0.115,0
1605266400,0.1185,0.1186,0.1185,0.1186,0
1605266700,0.1185,0.1185,0.1185,0.1185,0
1605267300,0.1152,0.1152,0.115,0.115,0
1605267600,0.1144,0.1144,0.1144,0.1144,0
1605267900,0.1128,0.1128,0.1128,0.1128,0
1605268200,0.1128,0.1144,0.1128,0.113,0
1605268800,0.1128,0.1128,0.1128,0.1128,0
1605269100,0.1129,0.1129,0.1128,0.1128,0
1605269400,0.1178,0.1178,0.1178,0.1178,0
1605269700,0.1178,0.1185,0.117,0.1185,0
1605270000,0.1161,0.1187,0.1161,0.1187,0
1605270300,0.1187,0.1187,0.1187,0.1187,0
1605270600,0.118,0.118,0.1133,0.1133,0
1605270900,0.1132,0.1164,0.113,0.1164,0
1605271200,0.1139,0.1147,0.1139,0.1147,0
1605271500,0.1164,0.1168,0.1164,0.1168,0
1605271800,0.1159,0.1159,0.1159,0.1159,0
1605272100,0.1153,0.1153,0.1145,0.1152,0
1605272400,0.1145,0.1145,0.1144,0.1145,0
1605272700,0.113,0.113,0.1129,0.1129,0
1605273000,0.1131,0.1131,0.1128,0.1128,0
1605273300,0.117,0.1187,0.1129,0.1131,0
1605273600,0.113,0.1132,0.1128,0.1132,0
1605273900,0.1128,0.1139,0.1126,0.1126,0
1605274200,0.1126,0.113,0.1126,0.113,0
1605274500,0.113,0.113,0.113,0.113,0
1605274800,0.113,0.113,0.113,0.113,0
1605275100,0.113,0.113,0.11,0.1101,0
1605275400,0.113,0.113,0.113,0.113,0
1605275700,0.1101,0.1118,0.11,0.11,0
1605276000,0.1117,0.1117,0.1117,0.1117,0
1605276300,0.1117,0.1136,0.1117,0.1136,0
1605276600,0.113,0.1136,0.1129,0.1136,0
1605276900,0.1136,0.1136,0.112,0.112,0
1605277200,0.113,0.113,0.1102,0.111,0
1605277500,0.111,0.111,0.1109,0.111,0
1605277800,0.1143999993801117,0.11490000039339066,0.10999999940395355,0.11100000143051147,2965121
1605278100,0.11110000312328339,0.11110000312328339,0.10999999940395355,0.11079999804496765,944218
1605278400,0.11089999973773956,0.11240000277757645,0.11079999804496765,0.11190000176429749,370642
1605278700,0.11159999668598175,0.11190000176429749,0.11100000143051147,0.11100099980831146,588825
1605279000,0.11100000143051147,0.11209999769926071,0.10999999940395355,0.11180000007152557,929807
1605279300,0.11180000007152557,0.11180000007152557,0.11020000278949738,0.1103999987244606,327106
1605279600,0.11050000041723251,0.11110000312328339,0.1103999987244606,0.11107999831438065,304862
1605279900,0.11089999973773956,0.1120000034570694,0.11069999635219574,0.11129999905824661,306997
1605280200,0.1111999973654747,0.1120000034570694,0.1111999973654747,0.11190000176429749,391587
1605280500,0.1120000034570694,0.11429999768733978,0.1120000034570694,0.11330000311136246,275372
1605280800,0.1136000007390976,0.11389999836683273,0.11320000141859055,0.11339999735355377,78503
1605281100,0.11349999904632568,0.11349999904632568,0.1111999973654747,0.11129999905824661,415967
1605281400,0.11129999905824661,0.1128000020980835,0.11050000041723251,0.11110000312328339,407971
1605281700,0.1111999973654747,0.11180000007152557,0.11110000312328339,0.11129999905824661,143822
1605282000,0.11129999905824661,0.11140000075101852,0.1111999973654747,0.11129999905824661,171665
1605282300,0.1111999973654747,0.11240000277757645,0.1111999973654747,0.11150000244379044,357214
1605282600,0.1111999973654747,0.11230000108480453,0.11100000143051147,0.11100000143051147,177220
1605282900,0.11110000312328339,0.11240000277757645,0.11100000143051147,0.11209999769926071,87188
1605283200,0.11129999905824661,0.11240000277757645,0.11050000041723251,0.11100000143051147,120761
1605283500,0.11100000143051147,0.11240000277757645,0.11079999804496765,0.11079999804496765,70714
1605283800,0.11079999804496765,0.1120000034570694,0.11079999804496765,0.11140000075101852,142227
1605284100,0.11140000075101852,0.1120000034570694,0.11110000312328339,0.11110000312328339,288031
1605284400,0.11180000007152557,0.11190000176429749,0.11100000143051147,0.11150000244379044,27751
1605284700,0.11150000244379044,0.1120000034570694,0.11110000312328339,0.1118990033864975,98394
1605285000,0.11110000312328339,0.11190000176429749,0.11100000143051147,0.1111999973654747,118616
1605285300,0.1111999973654747,0.11150000244379044,0.1111999973654747,0.11140000075101852,51156
1605285600,0.11140000075101852,0.1120000034570694,0.11140000075101852,0.1120000034570694,167878
1605285900,0.11180000007152557,0.11420000344514847,0.11159999668598175,0.11410000175237656,721227
1605286200,0.11420000344514847,0.11500000208616257,0.11289999634027481,0.11490000039339066,357773
1605286500,0.11490000039339066,0.11490000039339066,0.11349999904632568,0.11469999700784683,303707
1605286800,0.11400999873876572,0.11410000175237656,0.11400000005960464,0.11410000175237656,163223
1605287100,0.11400000005960464,0.11410000175237656,0.11400000005960464,0.1140500009059906,45012
1605287400,0.11400000005960464,0.1145000010728836,0.11400000005960464,0.11420000344514847,149402
1605287700,0.11410000175237656,0.11420000344514847,0.11400000005960464,0.11400000005960464,129857
1605288000,0.11410000175237656,0.11410000175237656,0.11400000005960464,0.11400000005960464,152836
1605288300,0.11410000175237656,0.11410000175237656,0.11309999972581863,0.11339999735355377,39992
1605288600,0.11399900168180466,0.11400000005960464,0.11299999803304672,0.11299999803304672,40815
1605288900,0.11299999803304672,0.11400000005960464,0.11299999803304672,0.11400000005960464,72843
1605289200,0.11299999803304672,0.11320000141859055,0.11299999803304672,0.11309999972581863,97877
1605289500,0.11309999972581863,0.11460000276565552,0.11299999803304672,0.11309999972581863,138867
1605289800,0.11299999803304672,0.11379999667406082,0.11299999803304672,0.11320000141859055,29139
1605290100,0.11330000311136246,0.11339999735355377,0.11289999634027481,0.11289999634027481,381790
1605290400,0.11299999803304672,0.11299999803304672,0.11289999634027481,0.11299999803304672,102109
1605290700,0.11289999634027481,0.11299999803304672,0.11289999634027481,0.11299999803304672,217975
1605291000,0.11299999803304672,0.11299999803304672,0.11289999634027481,0.11299999803304672,45197
1605291300,0.11294999718666077,0.11299999803304672,0.1128000020980835,0.1128000020980835,56221
1605291600,0.11299999803304672,0.11299999803304672,0.1120000034570694,0.11259999871253967,222388
1605291900,0.11240000277757645,0.11249999701976776,0.11230000108480453,0.11240000277757645,49302
1605292200,0.11240000277757645,0.11240000277757645,0.11230000108480453,0.11240000277757645,53858
1605292500,0.11230000108480453,0.11230000108480453,0.11110000312328339,0.1120000034570694,376795
1605292800,0.1120000034570694,0.1120000034570694,0.11100000143051147,0.1111999973654747,320002
1605293100,0.1111999973654747,0.11150000244379044,0.11110000312328339,0.11129900068044662,48496
1605293400,0.1111999973654747,0.11140000075101852,0.11110000312328339,0.11129999905824661,80588
1605293700,0.11129999905824661,0.11169999837875366,0.11129999905824661,0.11169900000095367,353564
1605294000,0.11169999837875366,0.11190000176429749,0.11140000075101852,0.11150000244379044,256254
1605294300,0.11169999837875366,0.11180000007152557,0.1111999973654747,0.11159999668598175,199113
1605294600,0.11169999837875366,0.11190000176429749,0.11150000244379044,0.11190000176429749,283654
1605294900,0.11190000176429749,0.11230000108480453,0.11180000007152557,0.11230000108480453,101208
1605295200,0.11219999939203262,0.11259999871253967,0.11219999939203262,0.11259999871253967,30572
1605295500,0.11259999871253967,0.11289999634027481,0.11249999701976776,0.11289999634027481,170826
1605295800,0.11289999634027481,0.11349999904632568,0.11180000007152557,0.11249999701976776,366261
1605296100,0.11349999904632568,0.11469999700784683,0.1120000034570694,0.11285000294446945,235495
1605296400,0.11219999939203262,0.11469999700784683,0.11219999939203262,0.11289999634027481,213881
1605296700,0.11230000108480453,0.11283999681472778,0.11230000108480453,0.1128000020980835,46907
1605297000,0.1128000020980835,0.1128000020980835,0.11219999939203262,0.11230000108480453,135895
1605297300,0.11230000108480453,0.11270000040531158,0.11159999668598175,0.11169999837875366,236048
1605297600,0.11169999837875366,0.11180000007152557,0.11150000244379044,0.11159999668598175,157439
1605297900,0.11150000244379044,0.11159999668598175,0.11150000244379044,0.11150000244379044,59048
1605298200,0.11159999668598175,0.11159999668598175,0.11150000244379044,0.11150000244379044,109315
1605298500,0.11159999668598175,0.11159999668598175,0.11150000244379044,0.11150000244379044,51891
1605298800,0.11159999668598175,0.11159999668598175,0.11140000075101852,0.11150000244379044,116924
1605299100,0.11140000075101852,0.11150000244379044,0.11140000075101852,0.11145000159740448,140484
1605299400,0.11145000159740448,0.11500000208616257,0.11145000159740448,0.11469999700784683,983510
1605299700,0.11429999768733978,0.11500000208616257,0.11214999854564667,0.11379999667406082,332507
1605300000,0.11389999836683273,0.11500000208616257,0.1136000007390976,0.11490000039339066,289038
1605300300,0.11500000208616257,0.11500000208616257,0.1145000010728836,0.11490000039339066,379752
1605300600,0.11500000208616257,0.11699999868869781,0.11490000039339066,0.11699999868869781,834614
1605300900,0.11699999868869781,0.11800000071525574,0.11500000208616257,0.11749999970197678,771879
1605301200,0.1175,0.1175,0.1175,0.1175,23658
1605302100,0.1179,0.1185,0.117,0.1185,0
1605302400,0.117,0.118,0.1169,0.1169,0
1605302700,0.1167,0.1167,0.116,0.116,0
1605303000,0.1166,0.1168,0.116,0.1168,0
1605303300,0.1168,0.117,0.116,0.116,0
1605303600,0.116,0.117,0.116,0.116,0
1605303900,0.117,0.117,0.116,0.116,0
1605304200,0.117,0.117,0.116,0.117,0
1605304500,0.117,0.117,0.116,0.116,0
1605304800,0.118,0.118,0.116,0.118,0
1605305100,0.118,0.118,0.1162,0.1162,0
1605305400,0.118,0.118,0.117,0.118,0
1605305700,0.118,0.118,0.117,0.118,0
1605306000,0.117,0.118,0.117,0.118,0
1605306300,0.118,0.1181,0.118,0.1181,0
1605306600,0.1174,0.1189,0.1174,0.1189,0
1605306900,0.1189,0.12,0.1189,0.12,0
1605307200,0.12,0.12,0.12,0.12,0
1605307500,0.1199,0.1199,0.1198,0.1199,0
1605307800,0.1199,0.12,0.1181,0.12,0
1605308100,0.12,0.12,0.1185,0.1185,0
1605308400,0.12,0.12,0.1185,0.12,0
1605308700,0.12,0.124,0.12,0.1225,0
1605309000,0.122,0.1225,0.121,0.121,0
1605309300,0.121,0.121,0.12,0.12,0
1605309600,0.12,0.12,0.12,0.12,0
1605309900,0.12,0.12,0.1175,0.1199,0
1605310500,0.1199,0.1199,0.1199,0.1199,0
1605310800,0.1199,0.1199,0.1199,0.1199,0
1605311100,0.1175,0.1199,0.1175,0.1199,0
1605311400,0.1199,0.1199,0.1199,0.1199,0
1605311700,0.12,0.12,0.12,0.12,0
1605312000,0.12,0.12,0.12,0.12,0
1605312300,0.12,0.12,0.1199,0.1199,0
1605313200,0.12,0.12,0.12,0.12,0
1605313500,0.12,0.12,0.12,0.12,0
1605313800,0.12,0.12,0.12,0.12,0
1605314100,0.12,0.12,0.12,0.12,0
1605314400,0.12,0.12,0.12,0.12,0
1605314700,0.12,0.12,0.12,0.12,0
1605315000,0.12,0.12,0.12,0.12,0
1605315300,0.12,0.12,0.12,0.12,0
