Date,Open,High,Low,Close,Volume
1605261900,37.56,37.6,37.56,37.57,0
1605262500,37.53,37.53,37.53,37.53,0
1605263100,37.48,37.48,37.48,37.48,0
1605263400,37.55,37.56,37.55,37.56,0
1605264000,37.65,37.65,37.55,37.55,0
1605264300,37.55,37.74,37.55,37.74,0
1605265200,37.57,37.63,37.57,37.63,0
1605265500,37.59,37.59,37.59,37.59,0
1605266400,37.5,37.5,37.5,37.5,0
1605268200,37.5,37.64,37.5,37.64,0
1605269700,37.5,37.5,37.3,37.3,0
1605270000,37.32,37.33,37.29,37.29,0
1605270300,37.23,37.3,37.22,37.28,0
1605270600,37.23,37.23,37.2,37.22,0
1605270900,37.2,37.23,37.19,37.23,0
1605271200,37.23,37.23,37.23,37.23,0
1605271500,37.24,37.27,37.24,37.27,0
1605271800,37.25,37.25,37.08,37.08,0
1605272100,37.2,37.2,37.15,37.15,0
1605272400,37.19,37.19,37.11,37.11,0
1605272700,37.18,37.19,37.18,37.19,0
1605273300,37.3299,37.6,37.1,37.11,0
1605273600,37.13,37.14,37.05,37.05,0
1605273900,37.05,37.13,37.05,37.13,0
1605274200,37.1499,37.15,37.09,37.09,0
1605274500,37.09,37.1,37.05,37.05,0
1605274800,37.09,37.15,37.09,37.15,0
1605275100,37.15,37.15,37.05,37.0501,0
1605275400,37.1,37.11,37.09,37.11,0
1605275700,37.14,37.14,37.06,37.0818,0
1605276000,37.1059,37.19,37.1,37.19,0
1605276300,37.17,37.22,37.1,37.2198,0
1605276600,37.16,37.1898,37.15,37.1501,0
1605276900,37.18,37.18,37.15,37.15,0
1605277200,37.18,37.2,37.15,37.19,0
1605277500,37.19,37.2,37.152,37.1898,0
1605277800,37.349998474121094,37.540000915527344,37.26890182495117,37.45000076293945,1321757
1605278100,37.459999084472656,37.831298828125,37.260101318359375,37.831298828125,846972
1605278400,37.83000183105469,38,37.470001220703125,37.63010025024414,795109
1605278700,37.630001068115234,37.849998474121094,37.470001220703125,37.83000183105469,440515
1605279000,37.834999084472656,37.98780059814453,37.72999954223633,37.91889953613281,480890
1605279300,37.91999816894531,38.1349983215332,37.81999969482422,38.118900299072266,467220
1605279600,38.119998931884766,38.1593017578125,37.91999816894531,38.099998474121094,453272
1605279900,38.108699798583984,38.229000091552734,38.029998779296875,38.17499923706055,374820
1605280200,38.18769836425781,38.31999969482422,38.099998474121094,38.13999938964844,329085
1605280500,38.130001068115234,38.2400016784668,37.97999954223633,38.06999969482422,413150
1605280800,38.08700180053711,38.12779998779297,38,38.09000015258789,261394
1605281100,38.099998474121094,38.279998779296875,38.03499984741211,38.24380111694336,261502
1605281400,38.25,38.38999938964844,38.189998626708984,38.36800003051758,325642
1605281700,38.3739013671875,38.40999984741211,38.150001525878906,38.255001068115234,271076
1605282000,38.25,38.37670135498047,38.20500183105469,38.36000061035156,184541
1605282300,38.36000061035156,38.369998931884766,38.25,38.29999923706055,220459
1605282600,38.29999923706055,38.41999816894531,38.2599983215332,38.40999984741211,213621
1605282900,38.41999816894531,38.470001220703125,38.29999923706055,38.3849983215332,362314
1605283200,38.38999938964844,38.43000030517578,38.31999969482422,38.400001525878906,168223
1605283500,38.400001525878906,38.459999084472656,38.3849983215332,38.439998626708984,142602
1605283800,38.43000030517578,38.439998626708984,38.279998779296875,38.439998626708984,253256
1605284100,38.44499969482422,38.56999969482422,38.38800048828125,38.540000915527344,313874
1605284400,38.540000915527344,38.720001220703125,38.540000915527344,38.690101623535156,290222
1605284700,38.69499969482422,38.7599983215332,38.599998474121094,38.720001220703125,312885
1605285000,38.71500015258789,38.7599983215332,38.619998931884766,38.70000076293945,304295
1605285300,38.70000076293945,38.849998474121094,38.650001525878906,38.849998474121094,259833
1605285600,38.849998474121094,39.04999923706055,38.823299407958984,39.01750183105469,402171
1605285900,39.040000915527344,39.040000915527344,38.899898529052734,38.90999984741211,249569
1605286200,38.90299987792969,39.000099182128906,38.880001068115234,38.97999954223633,191938
1605286500,38.974998474121094,38.97999954223633,38.83000183105469,38.83000183105469,159565
1605286800,38.82619857788086,38.900001525878906,38.79999923706055,38.810001373291016,248881
1605287100,38.810001373291016,38.95109939575195,38.79999923706055,38.869998931884766,226593
1605287400,38.86000061035156,38.869998931884766,38.709999084472656,38.75,228938
1605287700,38.755001068115234,38.779998779296875,38.650001525878906,38.66999816894531,172263
1605288000,38.66999816894531,38.70000076293945,38.61360168457031,38.66999816894531,150682
1605288300,38.68000030517578,38.72999954223633,38.65999984741211,38.70500183105469,106612
1605288600,38.70500183105469,38.83000183105469,38.69499969482422,38.82870101928711,150145
1605288900,38.834999084472656,38.869998931884766,38.75,38.755001068115234,116612
1605289200,38.75,38.77000045776367,38.709999084472656,38.71799850463867,83089
1605289500,38.71099853515625,38.790000915527344,38.689998626708984,38.78499984741211,100053
1605289800,38.790000915527344,38.84000015258789,38.76499938964844,38.79999923706055,198762
1605290100,38.79999923706055,38.811798095703125,38.73500061035156,38.77109909057617,113207
1605290400,38.779998779296875,38.79999923706055,38.720001220703125,38.7400016784668,120071
1605290700,38.7400016784668,38.775001525878906,38.7400016784668,38.76499938964844,96698
1605291000,38.7599983215332,38.766998291015625,38.689998626708984,38.724998474121094,100866
1605291300,38.72999954223633,38.81999969482422,38.72999954223633,38.81010055541992,130693
1605291600,38.814998626708984,38.81990051269531,38.760101318359375,38.79999923706055,116662
1605291900,38.790000915527344,38.93000030517578,38.78010177612305,38.915000915527344,191796
1605292200,38.91999816894531,38.980098724365234,38.880001068115234,38.8931999206543,204249
1605292500,38.900001525878906,38.9900016784668,38.8927001953125,38.9900016784668,114545
1605292800,39,39.0099983215332,38.939998626708984,38.959999084472656,201063
1605293100,38.96500015258789,38.994998931884766,38.900001525878906,38.97019958496094,191247
1605293400,38.972999572753906,39.005001068115234,38.95000076293945,39,214236
1605293700,39,39.01179885864258,38.88999938964844,38.88999938964844,97896
1605294000,38.88999938964844,38.959999084472656,38.86000061035156,38.8650016784668,100459
1605294300,38.869998931884766,38.880001068115234,38.7400016784668,38.790000915527344,172700
1605294600,38.79999923706055,38.86000061035156,38.78010177612305,38.845001220703125,179035
1605294900,38.845001220703125,38.90999984741211,38.78369903564453,38.790000915527344,203261
1605295200,38.790000915527344,38.845001220703125,38.7400016784668,38.755001068115234,119182
1605295500,38.7510986328125,38.7599983215332,38.68000030517578,38.736000061035156,239660
1605295800,38.7400016784668,38.78010177612305,38.599998474121094,38.630001068115234,197770
1605296100,38.63999938964844,38.78799819946289,38.62179946899414,38.78799819946289,151271
1605296400,38.779998779296875,38.84000015258789,38.77000045776367,38.838199615478516,106751
1605296700,38.83000183105469,38.84000015258789,38.70500183105469,38.709999084472656,140438
1605297000,38.709999084472656,38.849998474121094,38.709999084472656,38.83000183105469,136652
1605297300,38.83000183105469,38.965301513671875,38.81999969482422,38.939998626708984,168187
1605297600,38.93560028076172,38.970001220703125,38.880001068115234,38.92499923706055,145610
1605297900,38.93000030517578,38.9468994140625,38.880001068115234,38.8838005065918,110400
1605298200,38.88999938964844,38.91999816894531,38.849998474121094,38.90999984741211,132788
1605298500,38.90999984741211,38.93050003051758,38.86000061035156,38.928199768066406,123768
1605298800,38.929901123046875,38.93000030517578,38.86000061035156,38.869998931884766,94102
1605299100,38.86470031738281,38.95000076293945,38.849998474121094,38.94540023803711,137018
1605299400,38.939998626708984,39.0099983215332,38.93000030517578,39.0099983215332,193327
1605299700,39.00669860839844,39.0099983215332,38.95000076293945,38.97010040283203,136604
1605300000,38.974998474121094,39.099998474121094,38.96500015258789,39.060001373291016,300911
1605300300,39.05500030517578,39.06999969482422,38.974998474121094,38.9900016784668,314645
1605300600,38.9900016784668,39.04999923706055,38.97999954223633,38.9900016784668,390463
1605300900,38.97999954223633,39.03990173339844,38.93000030517578,39.005001068115234,567578
1605301200,38.99,38.99,38.99,38.99,242321
1605302100,38.99,39,38.93,39,0
1605302400,39.04,39.15,39.04,39.12,0
1605302700,39.12,39.16,38.97,39.1,0
1605303000,39.02,39.02,38.98,38.98,0
1605303300,39,39.08,39,39.04,0
1605303600,39.03,39.1,39.03,39.05,0
1605303900,39.0999,39.1,39.0999,39.1,0
1605304200,39.05,39.1,38.99,39,0
1605304500,39.08,39.08,39,39,0
1605304800,39.02,39.12,39,39.12,0
1605305100,39.12,39.5,39.1,39.49,0
1605305400,39.3,39.55,39.3,39.51,0
1605305700,39.5,39.53,39.5,39.53,0
1605306000,39.5102,39.75,39.5,39.75,0
1605306300,39.8,39.8,39.59,39.59,0
1605306600,39.59,39.59,39.5,39.52,0
1605306900,39.57,39.69,39.57,39.64,0
1605307200,39.6001,39.65,39.5998,39.5998,0
1605307500,39.55,39.6,39.55,39.56,0
1605307800,39.58,39.58,39.47,39.47,0
1605308100,39.46,39.51,39.46,39.47,0
1605308400,39.47,39.51,39.44,39.44,0
1605308700,39.4401,39.45,39.43,39.45,0
1605309000,39.49,39.6,39.49,39.59,0
1605309300,39.58,39.68,39.58,39.6001,0
1605309600,39.6,39.68,39.6,39.67,0
1605309900,39.66,39.66,39.5201,39.5201,0
1605310200,39.56,39.56,39.53,39.54,0
1605310500,39.55,39.55,39.55,39.55,0
1605310800,39.54,39.55,39.54,39.55,0
1605311100,39.58,39.58,39.51,39.51,0
1605311400,39.55,39.55,39.53,39.53,0
1605311700,39.53,39.58,39.53,39.58,0
1605312000,39.53,39.54,39.5,39.5,0
1605312300,39.5,39.52,39.5,39.52,0
1605312600,39.52,39.52,39.5,39.5,0
1605312900,39.53,39.53,39.37,39.4,0
1605313200,39.4,39.4,39.4,39.4,0
1605313500,39.4,39.4,39.34,39.34,0
1605313800,39.33,39.37,39.33,39.33,0
1605314100,39.37,39.43,39.37,39.43,0
1605314400,39.45,39.51,39.45,39.5,0
1605314700,39.53,39.53,39.48,39.48,0
1605315000,39.5,39.55,39.5,39.55,0
1605315300,39.54,39.58,39.54,39.56,0
