Date,Open,High,Low,Close,Volume
1605258900,46.5,46.5,46.5,46.5,0
1605259200,46.49,46.49,46.49,46.49,0
1605259800,46.5,46.5,46.5,46.5,0
1605260100,46.5,46.5,46.5,46.5,0
1605260400,46.7,46.7,46.7,46.7,0
1605262500,46.7,46.7,46.7,46.7,0
1605263400,46.7,46.7,46.68,46.7,0
1605267900,46.87,46.87,46.87,46.87,0
1605268500,46.8,46.8,46.8,46.8,0
1605270300,47,47,46.8,46.8,0
1605270600,46.63,46.63,46.63,46.63,0
1605271800,46.61,46.61,46.61,46.61,0
1605272400,46.7,46.7,46.6,46.6,0
1605272700,46.6,46.6,46.6,46.6,0
1605273000,46.65,46.65,46.65,46.65,0
1605273300,46.7499,46.8102,46.6,46.63,0
1605273600,46.6,46.8,46.6,46.8,0
1605273900,46.99,47,46.99,46.9999,0
1605274500,46.91,46.91,46.91,46.91,0
1605274800,46.81,46.81,46.81,46.81,0
1605275100,46.84,46.84,46.84,46.84,0
1605275400,46.84,46.84,46.81,46.81,0
1605275700,46.9,46.98,46.76,46.98,0
1605276000,46.9,46.9,46.9,46.9,0
1605276900,46.81,46.81,46.81,46.81,0
1605277200,46.81,47,46.81,46.9,0
1605277500,46.92,46.99,46.92,46.92,0
1605277800,47.0099983215332,47.025001525878906,46.41999816894531,46.54999923706055,649141
1605278100,46.529998779296875,46.689998626708984,46.220001220703125,46.480098724365234,363327
1605278400,46.49380111694336,46.5,46.27000045776367,46.369998931884766,240664
1605278700,46.36000061035156,46.47999954223633,46.220001220703125,46.40999984741211,192551
1605279000,46.38999938964844,46.65999984741211,46.31999969482422,46.599998474121094,196369
1605279300,46.619998931884766,46.673500061035156,46.459999084472656,46.56999969482422,127777
1605279600,46.579898834228516,46.65999984741211,46.16999816894531,46.209999084472656,233552
1605279900,46.20000076293945,46.380001068115234,46.08000183105469,46.380001068115234,211985
1605280200,46.349998474121094,46.43000030517578,46.290000915527344,46.345001220703125,126976
1605280500,46.349998474121094,46.40999984741211,46.16999816894531,46.380001068115234,112681
1605280800,46.38970184326172,46.48500061035156,46.20500183105469,46.2963981628418,140763
1605281100,46.2843017578125,46.459999084472656,46.2400016784668,46.45500183105469,106170
1605281400,46.45000076293945,46.459999084472656,46.07500076293945,46.150001525878906,217013
1605281700,46.150001525878906,46.18000030517578,45.95000076293945,45.98860168457031,196803
1605282000,45.98500061035156,46.15999984741211,45.93000030517578,46.150001525878906,218523
1605282300,46.150001525878906,46.22999954223633,46.099998474121094,46.13999938964844,266323
1605282600,46.150001525878906,46.15999984741211,46,46.119998931884766,160926
1605282900,46.11000061035156,46.1150016784668,45.95000076293945,46.0181999206543,163067
1605283200,46.02000045776367,46.08000183105469,45.959999084472656,46.07500076293945,104352
1605283500,46.08000183105469,46.18000030517578,46.064998626708984,46.10499954223633,130409
1605283800,46.100101470947266,46.25,46.08000183105469,46.25,97098
1605284100,46.255001068115234,46.369998931884766,46.23500061035156,46.29999923706055,117039
1605284400,46.310001373291016,46.380001068115234,46.290000915527344,46.3650016784668,441592
1605284700,46.369998931884766,46.5099983215332,46.2599983215332,46.474998474121094,138360
1605285000,46.47999954223633,46.4900016784668,46.36000061035156,46.3650016784668,115906
1605285300,46.369998931884766,46.40999984741211,46.310001373291016,46.40999984741211,107812
1605285600,46.400001525878906,46.58000183105469,46.400001525878906,46.540000915527344,92752
1605285900,46.540000915527344,46.650001525878906,46.53010177612305,46.599998474121094,129061
1605286200,46.5900993347168,46.630001068115234,46.540000915527344,46.625,75863
1605286500,46.619998931884766,46.72999954223633,46.61000061035156,46.6682014465332,118155
1605286800,46.665000915527344,46.790000915527344,46.61000061035156,46.77000045776367,111895
1605287100,46.779998779296875,46.790000915527344,46.70000076293945,46.77000045776367,79096
1605287400,46.77000045776367,46.900001525878906,46.77000045776367,46.88999938964844,154322
1605287700,46.8843994140625,46.90999984741211,46.782501220703125,46.790000915527344,131677
1605288000,46.790000915527344,46.81999969482422,46.689998626708984,46.720001220703125,115406
1605288300,46.709999084472656,46.85499954223633,46.709999084472656,46.810001373291016,69940
1605288600,46.81999969482422,46.880001068115234,46.79999923706055,46.855201721191406,58307
1605288900,46.849998474121094,46.935001373291016,46.849998474121094,46.890098571777344,75579
1605289200,46.88999938964844,46.970001220703125,46.88999938964844,46.92179870605469,398674
1605289500,46.925498962402344,46.95000076293945,46.90999984741211,46.939998626708984,102340
1605289800,46.94179916381836,47.095001220703125,46.91999816894531,47.06999969482422,536050
1605290100,47.060001373291016,47.2599983215332,47.05929946899414,47.209999084472656,241923
1605290400,47.2130012512207,47.2599983215332,47.09000015258789,47.150001525878906,166449
1605290700,47.150001525878906,47.19499969482422,47.099998474121094,47.165000915527344,103907
1605291000,47.165000915527344,47.16999816894531,47.08000183105469,47.11000061035156,79903
1605291300,47.111698150634766,47.14500045776367,47.095001220703125,47.127201080322266,53964
1605291600,47.125999450683594,47.1349983215332,47.05500030517578,47.07500076293945,87642
1605291900,47.071800231933594,47.13999938964844,47.040000915527344,47.099998474121094,66676
1605292200,47.095001220703125,47.130001068115234,47.04499816894531,47.06999969482422,78557
1605292500,47.060001373291016,47.147499084472656,47.040000915527344,47.125,118895
1605292800,47.125,47.130001068115234,47.02000045776367,47.04499816894531,95790
1605293100,47.04499816894531,47.04499816894531,46.880001068115234,46.900001525878906,135106
1605293400,46.904998779296875,46.939998626708984,46.869998931884766,46.88819885253906,95353
1605293700,46.8849983215332,46.93000030517578,46.83000183105469,46.834999084472656,77320
1605294000,46.834999084472656,46.88999938964844,46.77180099487305,46.779998779296875,113943
1605294300,46.77000045776367,46.81999969482422,46.71500015258789,46.71500015258789,111279
1605294600,46.720001220703125,46.78499984741211,46.69499969482422,46.775001525878906,94095
1605294900,46.779998779296875,46.82500076293945,46.724998474121094,46.77539825439453,155484
1605295200,46.775001525878906,46.90999984741211,46.775001525878906,46.89500045776367,122773
1605295500,46.88999938964844,46.900001525878906,46.73500061035156,46.741798400878906,87867
1605295800,46.75,46.779998779296875,46.68000030517578,46.689998626708984,93758
1605296100,46.68000030517578,46.78499984741211,46.66999816894531,46.775001525878906,100006
1605296400,46.77000045776367,46.849998474121094,46.7400016784668,46.82500076293945,87005
1605296700,46.82500076293945,46.92499923706055,46.82500076293945,46.91999816894531,88884
1605297000,46.93000030517578,47.040000915527344,46.88999938964844,47.029998779296875,131994
1605297300,47.029998779296875,47.15999984741211,47.029998779296875,47.14500045776367,125009
1605297600,47.14500045776367,47.2400016784668,47.130001068115234,47.20500183105469,126857
1605297900,47.209999084472656,47.220001220703125,47.17499923706055,47.190101623535156,108955
1605298200,47.191001892089844,47.29999923706055,47.150001525878906,47.27000045776367,163643
1605298500,47.27000045776367,47.345001220703125,47.150001525878906,47.29679870605469,197760
1605298800,47.29199981689453,47.31999969482422,47.27000045776367,47.310001373291016,130242
1605299100,47.306400299072266,47.45000076293945,47.29999923706055,47.41669845581055,173769
1605299400,47.41999816894531,47.5099983215332,47.380001068115234,47.4900016784668,238260
1605299700,47.48500061035156,47.5,47.40999984741211,47.46500015258789,203974
1605300000,47.46500015258789,47.4900016784668,47.38999938964844,47.45000076293945,206869
1605300300,47.439998626708984,47.470001220703125,47.40999984741211,47.44129943847656,242029
1605300600,47.45000076293945,47.58000183105469,47.45000076293945,47.540000915527344,396663
1605300900,47.54499816894531,47.66999816894531,47.459999084472656,47.61000061035156,666406
1605301200,47.61,47.79,47.61,47.61,328044
1605302100,47.68,47.7199,47.5,47.6,0
1605302400,47.61,47.69,47.61,47.67,0
1605302700,47.61,47.61,47.59,47.6,0
1605303300,47.6,47.6,47.52,47.52,0
1605303600,47.6,47.6,47.55,47.55,0
1605303900,47.6,47.65,47.6,47.65,0
1605304200,47.61,47.61,47.61,47.61,0
1605305400,47.52,47.52,47.52,47.52,0
1605305700,47.56,47.75,47.55,47.75,0
1605306000,47.71,48.4,47.71,48.16,0
1605306300,48.16,48.3,47.96,47.96,0
1605306600,48.13,48.15,48.13,48.15,0
1605306900,48.08,48.15,48.07,48.15,0
1605307200,48.07,48.08,48.07,48.08,0
1605307500,48.09,48.09,47.86,47.93,0
1605307800,48.13,48.13,48.13,48.13,0
1605308100,48,48,48,48,0
1605308400,47.95,47.95,47.95,47.95,0
1605308700,48,48,48,48,0
1605309000,48,48,48,48,0
1605309900,47.99,48.04,47.99,48.04,0
1605310200,48.03,48.04,48.03,48.04,0
1605310500,48,48,47.95,47.95,0
1605310800,47.89,47.89,47.85,47.85,0
1605311100,47.94,47.94,47.94,47.94,0
1605311400,47.94,47.94,47.94,47.94,0
1605311700,47.89,47.89,47.89,47.89,0
1605312000,47.89,47.89,47.85,47.85,0
1605312300,47.8,47.8,47.8,47.8,0
1605312600,47.75,47.76,47.71,47.76,0
1605312900,47.8,47.8,47.8,47.8,0
1605313500,47.98,48.1,47.98,48.1,0
1605313800,48.1,48.21,48.1,48.21,0
1605314100,48.19,48.3,48.19,48.3,0
1605314400,48.12,48.12,48.12,48.12,0
1605314700,48.15,48.35,48.15,48.15,0
1605315000,48.2,48.35,48.2,48.35,0
1605315300,48.42,48.42,48.42,48.42,0
