Date,Open,High,Low,Close,Volume
1605269700,11.53,11.53,11.53,11.53,0
1605270300,11.55,11.55,11.55,11.55,0
1605271500,11.55,11.55,11.55,11.55,0
1605273900,11.53,11.55,11.53,11.55,0
1605274200,11.54,11.54,11.54,11.54,0
1605274500,11.52,11.52,11.52,11.52,0
1605275100,11.51,11.52,11.5,11.5,0
1605275400,11.49,11.49,11.49,11.49,0
1605275700,11.51,11.51,11.51,11.51,0
1605276000,11.4899,11.49,11.4899,11.49,0
1605276600,11.51,11.52,11.51,11.5199,0
1605276900,11.52,11.54,11.52,11.54,0
1605277200,11.5302,11.5302,11.53,11.53,0
1605277500,11.51,11.51,11.49,11.49,0
1605277800,11.510000228881836,11.579999923706055,11.5,11.579999923706055,1599680
1605278100,11.580100059509277,11.614999771118164,11.555000305175781,11.609999656677246,1060499
1605278400,11.600000381469727,11.609999656677246,11.595000267028809,11.601699829101562,1415920
1605278700,11.609999656677246,11.609999656677246,11.579999923706055,11.600000381469727,364091
1605279000,11.590999603271484,11.609999656677246,11.579999923706055,11.588000297546387,733401
1605279300,11.59000015258789,11.600000381469727,11.529999732971191,11.5600004196167,4140437
1605279600,11.5600004196167,11.574999809265137,11.505000114440918,11.510000228881836,1260586
1605279900,11.509900093078613,11.539999961853027,11.484999656677246,11.53499984741211,485398
1605280200,11.529999732971191,11.539999961853027,11.520000457763672,11.529999732971191,308218
1605280500,11.529999732971191,11.539999961853027,11.494999885559082,11.5,97880
1605280800,11.5,11.510000228881836,11.470000267028809,11.475000381469727,220113
1605281100,11.479999542236328,11.5,11.475000381469727,11.494999885559082,148881
1605281400,11.494999885559082,11.5,11.479999542236328,11.5,156881
1605281700,11.494999885559082,11.510000228881836,11.489999771118164,11.5,184235
1605282000,11.5,11.510000228881836,11.489999771118164,11.505000114440918,179634
1605282300,11.505000114440918,11.510000228881836,11.489999771118164,11.494999885559082,102587
1605282600,11.5,11.5,11.460000038146973,11.460000038146973,250014
1605282900,11.46500015258789,11.46500015258789,11.414999961853027,11.414999961853027,1069101
1605283200,11.41100025177002,11.444999694824219,11.41100025177002,11.444999694824219,418081
1605283500,11.4399995803833,11.449999809265137,11.40999984741211,11.4399995803833,316512
1605283800,11.444999694824219,11.46780014038086,11.4399995803833,11.454999923706055,276015
1605284100,11.460000038146973,11.489999771118164,11.454999923706055,11.484999656677246,249061
1605284400,11.484999656677246,11.489999771118164,11.470000267028809,11.484999656677246,196070
1605284700,11.479999542236328,11.520000457763672,11.470000267028809,11.515000343322754,302248
1605285000,11.520000457763672,11.520000457763672,11.479999542236328,11.493399620056152,308919
1605285300,11.489999771118164,11.494999885559082,11.475000381469727,11.489999771118164,202849
1605285600,11.489999771118164,11.5,11.4399995803833,11.4399995803833,756928
1605285900,11.4399995803833,11.460000038146973,11.430000305175781,11.449999809265137,215981
1605286200,11.444999694824219,11.470000267028809,11.4350004196167,11.460000038146973,225415
1605286500,11.454999923706055,11.475000381469727,11.453300476074219,11.470000267028809,222126
1605286800,11.479999542236328,11.484999656677246,11.46500015258789,11.46500015258789,123888
1605287100,11.46500015258789,11.479999542236328,11.460000038146973,11.479999542236328,171232
1605287400,11.479999542236328,11.489999771118164,11.46500015258789,11.46500015258789,235626
1605287700,11.470000267028809,11.470000267028809,11.453399658203125,11.454999923706055,101808
1605288000,11.454999923706055,11.486200332641602,11.449999809265137,11.479999542236328,620231
1605288300,11.479999542236328,11.5,11.474800109863281,11.494999885559082,975132
1605288600,11.49839973449707,11.510000228881836,11.494999885559082,11.505000114440918,223808
1605288900,11.510000228881836,11.510000228881836,11.5,11.505000114440918,91781
1605289200,11.505000114440918,11.529999732971191,11.489999771118164,11.526100158691406,187085
1605289500,11.529999732971191,11.539999961853027,11.515000343322754,11.524999618530273,240528
1605289800,11.524999618530273,11.555000305175781,11.524999618530273,11.545000076293945,184594
1605290100,11.545000076293945,11.5600004196167,11.545000076293945,11.5600004196167,105616
1605290400,11.5600004196167,11.59000015258789,11.555000305175781,11.574999809265137,450103
1605290700,11.569999694824219,11.59000015258789,11.569999694824219,11.59000015258789,98713
1605291000,11.595000267028809,11.609999656677246,11.579999923706055,11.585000038146973,190405
1605291300,11.585000038146973,11.600000381469727,11.574999809265137,11.595000267028809,77137
1605291600,11.595000267028809,11.609999656677246,11.585000038146973,11.600000381469727,236388
1605291900,11.595000267028809,11.609999656677246,11.59000015258789,11.600000381469727,218130
1605292200,11.595000267028809,11.600000381469727,11.579999923706055,11.59000015258789,89619
1605292500,11.59000015258789,11.600000381469727,11.585000038146973,11.595000267028809,75270
1605292800,11.595000267028809,11.619999885559082,11.595000267028809,11.614999771118164,220932
1605293100,11.614999771118164,11.619999885559082,11.59000015258789,11.595000267028809,194014
1605293400,11.595000267028809,11.600000381469727,11.569999694824219,11.574999809265137,97562
1605293700,11.574999809265137,11.586099624633789,11.550000190734863,11.585000038146973,415365
1605294000,11.59000015258789,11.604999542236328,11.579999923706055,11.585000038146973,123086
1605294300,11.585000038146973,11.59000015258789,11.579999923706055,11.59000015258789,86036
1605294600,11.59000015258789,11.609999656677246,11.574999809265137,11.585000038146973,343795
1605294900,11.585000038146973,11.59000015258789,11.569999694824219,11.585000038146973,108992
1605295200,11.59000015258789,11.595000267028809,11.579999923706055,11.585000038146973,120736
1605295500,11.59000015258789,11.59000015258789,11.572199821472168,11.574999809265137,152819
1605295800,11.579999923706055,11.59000015258789,11.574999809265137,11.59000015258789,34496
1605296100,11.59000015258789,11.609999656677246,11.585000038146973,11.59000015258789,264668
1605296400,11.59000015258789,11.609999656677246,11.59000015258789,11.595000267028809,116094
1605296700,11.595000267028809,11.600000381469727,11.585000038146973,11.585000038146973,81961
1605297000,11.59000015258789,11.59000015258789,11.57450008392334,11.59000015258789,101885
1605297300,11.585000038146973,11.59000015258789,11.579999923706055,11.585000038146973,113072
1605297600,11.585000038146973,11.600000381469727,11.579999923706055,11.585000038146973,201112
1605297900,11.59000015258789,11.595000267028809,11.574999809265137,11.59000015258789,194707
1605298200,11.59000015258789,11.600000381469727,11.579999923706055,11.59000015258789,129331
1605298500,11.59000015258789,11.595000267028809,11.579999923706055,11.585000038146973,36596
1605298800,11.59000015258789,11.59000015258789,11.579999923706055,11.585000038146973,25018
1605299100,11.579999923706055,11.609999656677246,11.579999923706055,11.607799530029297,677582
1605299400,11.604999542236328,11.625,11.600000381469727,11.604999542236328,888778
1605299700,11.600000381469727,11.619999885559082,11.600000381469727,11.609999656677246,528777
1605300000,11.609999656677246,11.635000228881836,11.609999656677246,11.635000228881836,673000
1605300300,11.630000114440918,11.670000076293945,11.630000114440918,11.654999732971191,1716583
1605300600,11.654999732971191,11.65999984741211,11.630000114440918,11.630000114440918,850066
1605300900,11.630000114440918,11.680000305175781,11.630000114440918,11.675000190734863,2034623
1605301200,11.68,11.68,11.68,11.68,322628
1605302100,11.68,11.68,11.68,11.68,0
1605303000,11.68,11.68,11.68,11.68,0
1605303300,11.7,11.7,11.7,11.7,0
1605304200,11.68,11.68,11.68,11.68,0
