Date,Open,High,Low,Close,Volume
1605258900,23.86,23.86,23.85,23.85,0
1605260100,23.94,23.95,23.94,23.95,0
1605260700,23.96,24,23.96,24,0
1605261300,23.96,24,23.96,24,0
1605263400,24.01,24.01,24.01,24.01,0
1605263700,24.01,24.01,24.01,24.01,0
1605265800,24.03,24.03,24.03,24.03,0
1605267000,24,24,24,24,0
1605267900,24,24,23.93,23.93,0
1605268200,24.05,24.05,24.05,24.05,0
1605268800,23.94,23.94,23.91,23.94,0
1605269700,24,24.04,23.97,24,0
1605270300,23.96,23.98,23.96,23.98,0
1605270600,23.96,23.96,23.95,23.95,0
1605271200,23.95,23.95,23.95,23.95,0
1605271500,23.98,23.98,23.98,23.98,0
1605272100,23.97,23.97,23.97,23.97,0
1605272400,23.96,23.96,23.94,23.95,0
1605272700,23.95,23.95,23.95,23.95,0
1605273000,23.94,23.95,23.91,23.95,0
1605273300,23.9799,24.03,23.93,23.96,0
1605273600,23.9501,23.98,23.9501,23.98,0
1605273900,23.9799,23.99,23.97,23.99,0
1605274500,23.97,24,23.97,23.99,0
1605274800,24.0101,24.04,24.0001,24.04,0
1605275100,24,24.03,24,24,0
1605275400,24.01,24.01,23.99,23.99,0
1605275700,24,24,23.98,23.99,0
1605276000,23.98,23.99,23.98,23.99,0
1605276300,23.99,24,23.99,24,0
1605276600,23.9901,24,23.99,23.99,0
1605276900,24,24,23.92,23.93,0
1605277200,23.93,23.99,23.93,23.99,0
1605277500,23.99,24,23.97,23.9702,0
1605277800,23.90999984741211,23.979999542236328,23.860000610351562,23.889999389648438,1133618
1605278100,23.889999389648438,23.90999984741211,23.809999465942383,23.875,679171
1605278400,23.875,23.90999984741211,23.844999313354492,23.875,510894
1605278700,23.875,23.899999618530273,23.844999313354492,23.86709976196289,494530
1605279000,23.8700008392334,23.90999984741211,23.799999237060547,23.825000762939453,664171
1605279300,23.829999923706055,23.860000610351562,23.780000686645508,23.809999465942383,709348
1605279600,23.80500030517578,23.84000015258789,23.75,23.790000915527344,633314
1605279900,23.78499984741211,23.809999465942383,23.729999542236328,23.795000076293945,1115005
1605280200,23.795000076293945,23.8799991607666,23.770000457763672,23.80500030517578,738590
1605280500,23.799999237060547,23.860000610351562,23.780000686645508,23.795000076293945,441682
1605280800,23.795000076293945,23.799999237060547,23.729999542236328,23.75,653549
1605281100,23.760000228881836,23.81999969482422,23.729999542236328,23.809999465942383,584465
1605281400,23.809999465942383,23.8700008392334,23.799999237060547,23.860000610351562,546676
1605281700,23.860000610351562,23.90999984741211,23.81999969482422,23.84000015258789,539299
1605282000,23.844999313354492,23.860000610351562,23.799999237060547,23.799999237060547,610251
1605282300,23.7908992767334,23.815000534057617,23.75,23.780000686645508,388788
1605282600,23.780000686645508,23.81999969482422,23.770000457763672,23.813199996948242,308600
1605282900,23.815000534057617,23.81999969482422,23.760000228881836,23.774999618530273,195739
1605283200,23.774999618530273,23.809999465942383,23.774999618530273,23.790000915527344,185694
1605283500,23.790000915527344,23.799999237060547,23.75,23.770000457763672,198652
1605283800,23.764699935913086,23.829999923706055,23.75,23.815000534057617,289161
1605284100,23.809999465942383,23.829999923706055,23.795000076293945,23.809999465942383,227116
1605284400,23.799999237060547,23.81999969482422,23.780000686645508,23.780000686645508,139896
1605284700,23.78499984741211,23.84000015258789,23.739999771118164,23.825000762939453,409995
1605285000,23.81999969482422,23.8700008392334,23.809999465942383,23.844999313354492,337575
1605285300,23.844999313354492,23.860000610351562,23.815000534057617,23.853099822998047,116792
1605285600,23.854999542236328,23.899999618530273,23.850000381469727,23.875,387625
1605285900,23.8700008392334,23.889999389648438,23.860000610351562,23.875,164008
1605286200,23.874099731445312,23.899999618530273,23.850000381469727,23.895000457763672,208718
1605286500,23.889999389648438,23.924999237060547,23.864999771118164,23.885000228881836,237626
1605286800,23.889999389648438,23.950000762939453,23.889999389648438,23.924999237060547,345248
1605287100,23.920000076293945,23.96739959716797,23.920000076293945,23.920000076293945,272145
1605287400,23.924999237060547,23.92609977722168,23.854999542236328,23.90999984741211,447855
1605287700,23.90999984741211,23.940000534057617,23.899999618530273,23.925899505615234,288923
1605288000,23.920000076293945,23.9375,23.885000228881836,23.889999389648438,140054
1605288300,23.889999389648438,23.920000076293945,23.8799991607666,23.920000076293945,108231
1605288600,23.90999984741211,23.920000076293945,23.889999389648438,23.90999984741211,184867
1605288900,23.905000686645508,23.920000076293945,23.895000457763672,23.915000915527344,139675
1605289200,23.918800354003906,23.924999237060547,23.8799991607666,23.885000228881836,131734
1605289500,23.885000228881836,23.920000076293945,23.8799991607666,23.889999389648438,244137
1605289800,23.896299362182617,23.93000030517578,23.889999389648438,23.899999618530273,199134
1605290100,23.899999618530273,23.90999984741211,23.8700008392334,23.875,282501
1605290400,23.8799991607666,23.895000457763672,23.8700008392334,23.885000228881836,187954
1605290700,23.889999389648438,23.92729949951172,23.885000228881836,23.924999237060547,156906
1605291000,23.924999237060547,23.940000534057617,23.885000228881836,23.885000228881836,193544
1605291300,23.889999389648438,23.915000915527344,23.8799991607666,23.915000915527344,181079
1605291600,23.90999984741211,23.940000534057617,23.895000457763672,23.924999237060547,249045
1605291900,23.924999237060547,23.969999313354492,23.92099952697754,23.96500015258789,252698
1605292200,23.96500015258789,23.969999313354492,23.920000076293945,23.934999465942383,134803
1605292500,23.93589973449707,23.989999771118164,23.93589973449707,23.985000610351562,203705
1605292800,23.989999771118164,24.030000686645508,23.985000610351562,24.020000457763672,251030
1605293100,24.0177001953125,24.049999237060547,24.010000228881836,24.040000915527344,326218
1605293400,24.045000076293945,24.0575008392334,24.030000686645508,24.040000915527344,177306
1605293700,24.03529930114746,24.049999237060547,24.010000228881836,24.0132999420166,133165
1605294000,24.010000228881836,24.030000686645508,23.989999771118164,23.9950008392334,163585
1605294300,23.9950008392334,24.049999237060547,23.9950008392334,24.03499984741211,246313
1605294600,24.030000686645508,24.040000915527344,24,24.010000228881836,108201
1605294900,24.0049991607666,24.040000915527344,23.979999542236328,24.03499984741211,200532
1605295200,24.030000686645508,24.079999923706055,24.030000686645508,24.065000534057617,234889
1605295500,24.065000534057617,24.09000015258789,24.05500030517578,24.084999084472656,158320
1605295800,24.09000015258789,24.094999313354492,24.059999465942383,24.06719970703125,172751
1605296100,24.06999969482422,24.09709930419922,24.059999465942383,24.084999084472656,167804
1605296400,24.084999084472656,24.09000015258789,24.079999923706055,24.079999923706055,69870
1605296700,24.09000015258789,24.09000015258789,24.030000686645508,24.030000686645508,304903
1605297000,24.03499984741211,24.049999237060547,24.030000686645508,24.040000915527344,150264
1605297300,24.045000076293945,24.100000381469727,24.030000686645508,24.09000015258789,259636
1605297600,24.09000015258789,24.110000610351562,24.06999969482422,24.07900047302246,290984
1605297900,24.075000762939453,24.084999084472656,24.059999465942383,24.065000534057617,149214
1605298200,24.065000534057617,24.06999969482422,24.020000457763672,24.045000076293945,266895
1605298500,24.045000076293945,24.059999465942383,24.01289939880371,24.03499984741211,183263
1605298800,24.03499984741211,24.040000915527344,24.010000228881836,24.01259994506836,180447
1605299100,24.014999389648438,24.049999237060547,24.010000228881836,24.045000076293945,220792
1605299400,24.045000076293945,24.114999771118164,24.03499984741211,24.100000381469727,729867
1605299700,24.104999542236328,24.1299991607666,24.100000381469727,24.1299991607666,311610
1605300000,24.125,24.18000030517578,24.1200008392334,24.165000915527344,492773
1605300300,24.15999984741211,24.18000030517578,24.1200008392334,24.1299991607666,552777
1605300600,24.1299991607666,24.139999389648438,24.049999237060547,24.065000534057617,649858
1605300900,24.065000534057617,24.110000610351562,24.020000457763672,24.079999923706055,1460019
1605301200,24.07,24.07,24.07,24.07,2850484
1605302100,24.03,24.07,24.03,24.05,0
1605302400,24.05,24.06,23.9459,24.06,0
1605302700,23.9356,24.06,23.9356,24.04,0
1605303000,24.05,24.05,24.05,24.05,0
1605303300,24.06,24.0675,24.06,24.0675,0
1605303600,24.06,24.06,24.05,24.05,0
1605303900,24.0598,24.06,24.0598,24.06,0
1605304200,24.06,24.07,24.06,24.06,0
1605304500,24.06,24.0698,24.06,24.06,0
1605304800,24.06,24.07,24.06,24.0698,0
1605305100,24.06,24.07,24.04,24.07,0
1605305400,24.08,24.1,24.0798,24.09,0
1605305700,24.1,24.15,22.3123,24.14,0
1605306000,24.11,24.11,24.0898,24.09,0
1605306300,24.0798,24.08,24.06,24.07,0
1605306600,24.0799,24.08,24.0799,24.08,0
1605306900,24.09,24.09,24.09,24.09,0
1605307200,24.08,24.1,24.08,24.1,0
1605307500,24.13,24.13,24.07,24.13,0
1605307800,24.09,24.09,24.09,24.09,0
1605308100,24.06,24.06,24.06,24.06,0
1605308400,24.11,24.11,24.11,24.11,0
1605308700,24.07,24.1,24.05,24.09,0
1605309000,24.08,24.1,24.08,24.1,0
1605309300,24.06,24.06,24.0499,24.05,0
1605309600,24.04,24.05,24.04,24.05,0
1605309900,24.08,24.08,24.08,24.08,0
1605310200,24.08,24.08,24.08,24.08,0
1605310500,24.08,24.08,24.08,24.08,0
1605310800,24.04,24.05,24.04,24.04,0
1605311400,24.04,24.08,24.04,24.08,0
1605312000,24.04,24.04,24.04,24.04,0
1605312600,24.07,24.09,24.07,24.09,0
1605312900,24.08,24.08,24.08,24.08,0
1605313200,24.08,24.08,24.08,24.08,0
1605313500,24.08,24.08,24.08,24.08,0
1605313800,24.07,24.07,24.07,24.07,0
1605314100,24.06,24.06,24.06,24.06,0
1605314400,24.06,24.07,24.06,24.07,0
1605314700,24.07,24.07,24.0699,24.07,0
1605315000,24.06,24.06,24.04,24.04,0
1605315300,24.06,24.07,24.06,24.07,0
