Date,Open,High,Low,Close,Volume
1605258900,20.4,20.5,20.4,20.5,0
1605259200,20.7,21,20.7,21,0
1605259500,21.11,21.4,21.07,21.4,0
1605259800,21.2,21.4,21.2,21.4,0
1605260100,21.39,21.39,21.39,21.39,0
1605260400,21.3,21.3,21,21.16,0
1605260700,21.12,21.16,21.12,21.15,0
1605261000,21,21.01,21,21,0
1605261600,21.05,21.05,21.02,21.02,0
1605262200,21.1,21.19,21.1,21.19,0
1605262500,21.1,21.1,21.1,21.1,0
1605263100,21.18,21.2,21.18,21.2,0
1605263400,21.12,21.2,21.12,21.2,0
1605263700,21.2,21.2,21.2,21.2,0
1605264000,21.25,21.25,21.25,21.25,0
1605264300,21.29,21.29,21.25,21.25,0
1605264600,21.22,21.3,21.22,21.27,0
1605265200,21.25,21.25,21.25,21.25,0
1605265500,21.32,21.32,21.32,21.32,0
1605266100,21.4,21.54,21.39,21.54,0
1605266400,21.54,21.54,21.46,21.54,0
1605266700,21.54,21.54,21.54,21.54,0
1605267000,21.65,21.65,21.65,21.65,0
1605267600,21.64,21.64,21.56,21.56,0
1605268200,21.45,21.45,21.3,21.3,0
1605268500,21.32,21.32,21.32,21.32,0
1605268800,21.32,21.32,21.32,21.32,0
1605269100,21.31,21.31,21.31,21.31,0
1605269700,21.29,21.55,21.21,21.5,0
1605270000,21.42,21.48,21.32,21.32,0
1605270300,21.32,21.48,21.32,21.47,0
1605270600,21.48,21.6,21.48,21.6,0
1605270900,21.57,21.6,21.55,21.57,0
1605271200,21.54,21.55,21.45,21.45,0
1605271500,21.49,21.53,21.49,21.52,0
1605271800,21.51,21.51,21.39,21.48,0
1605272100,21.49,21.5,21.48,21.48,0
1605272400,21.45,21.49,21.42,21.46,0
1605272700,21.4,21.5,21.4,21.45,0
1605273000,21.45,21.45,21.4,21.44,0
1605273300,21.5999,21.6,21.3,21.42,0
1605273600,21.41,21.46,21.39,21.45,0
1605273900,21.4,21.42,21.39,21.4102,0
1605274200,21.42,21.45,21.4,21.44,0
1605274500,21.42,21.48,21.4,21.4,0
1605274800,21.4,21.43,21.33,21.36,0
1605275100,21.33,21.4199,21.3,21.3002,0
1605275400,21.26,21.32,21.1202,21.21,0
1605275700,21.25,21.29,21.18,21.29,0
1605276000,21.3,21.39,21.25,21.25,0
1605276300,21.26,21.2997,21.26,21.28,0
1605276600,21.28,21.29,21.18,21.18,0
1605276900,21.16,21.16,20.88,20.88,0
1605277200,20.86,20.9,20.65,20.75,0
1605277500,20.79,21.1,20.78,20.81,0
1605277800,20.736499786376953,20.760000228881836,19.969999313354492,20.100000381469727,1640488
1605278100,20.12969970703125,20.540000915527344,20.024599075317383,20.5,659923
1605278400,20.5,20.5,20.200000762939453,20.322399139404297,324233
1605278700,20.325000762939453,20.34000015258789,19.549999237060547,19.572500228881836,617488
1605279000,19.579999923706055,20.04990005493164,19.579999923706055,19.940000534057617,654742
1605279300,19.944900512695312,19.979999542236328,19.780000686645508,19.889999389648438,238447
1605279600,19.864999771118164,19.950000762939453,19.709999084472656,19.733999252319336,246390
1605279900,19.7367000579834,19.790000915527344,19.6200008392334,19.764999389648438,247445
1605280200,19.774799346923828,19.789899826049805,19.6200008392334,19.6299991607666,249045
1605280500,19.626800537109375,19.670000076293945,19.450000762939453,19.479999542236328,488699
1605280800,19.475000381469727,19.549999237060547,19.079999923706055,19.115999221801758,781242
1605281100,19.133399963378906,19.519899368286133,19.079999923706055,19.5,574070
1605281400,19.503999710083008,19.510000228881836,19.239999771118164,19.249900817871094,329093
1605281700,19.229999542236328,19.239999771118164,19.049999237060547,19.132099151611328,420364
1605282000,19.122499465942383,19.299999237060547,19.110000610351562,19.28499984741211,365326
1605282300,19.299999237060547,19.406400680541992,19.200000762939453,19.280000686645508,243391
1605282600,19.25,19.275100708007812,18.950000762939453,18.989999771118164,431232
1605282900,18.979999542236328,19.014799118041992,18.549999237060547,18.706600189208984,637844
1605283200,18.709999084472656,18.989999771118164,18.6299991607666,18.86590003967285,390205
1605283500,18.850099563598633,19.06999969482422,18.850000381469727,18.955299377441406,371413
1605283800,18.966999053955078,19.1200008392334,18.889999389648438,19.113300323486328,231660
1605284100,19.094999313354492,19.389999389648438,19.09000015258789,19.31999969482422,350413
1605284400,19.299999237060547,19.489999771118164,19.299999237060547,19.3700008392334,297221
1605284700,19.389999389648438,19.409900665283203,19.25,19.3085994720459,147041
1605285000,19.30500030517578,19.32710075378418,19.110000610351562,19.15999984741211,141317
1605285300,19.170000076293945,19.3700008392334,19.149999618530273,19.290000915527344,149623
1605285600,19.280000686645508,19.34000015258789,19.235000610351562,19.292699813842773,120257
1605285900,19.290199279785156,19.3799991607666,19.239999771118164,19.3700008392334,75832
1605286200,19.344900131225586,19.399999618530273,19.260000228881836,19.28499984741211,90978
1605286500,19.28499984741211,19.350000381469727,19.239999771118164,19.25,78121
1605286800,19.25309944152832,19.290000915527344,19.15999984741211,19.219999313354492,98494
1605287100,19.21780014038086,19.21780014038086,19.079999923706055,19.129100799560547,90057
1605287400,19.139999389648438,19.200000762939453,19.030000686645508,19.05389976501465,128052
1605287700,19.043399810791016,19.059999465942383,18.959999084472656,18.989999771118164,168300
1605288000,18.963699340820312,18.989900588989258,18.8799991607666,18.93790054321289,135617
1605288300,18.950000762939453,19.049999237060547,18.950000762939453,18.969999313354492,159586
1605288600,18.978900909423828,19.15999984741211,18.960100173950195,19.149999618530273,139512
1605288900,19.139999389648438,19.219999313354492,19.1299991607666,19.179800033569336,133614
1605289200,19.165800094604492,19.200000762939453,19.100000381469727,19.129899978637695,96710
1605289500,19.100000381469727,19.18000030517578,19.079999923706055,19.144500732421875,67810
1605289800,19.149999618530273,19.219999313354492,19.1299991607666,19.150999069213867,66831
1605290100,19.15999984741211,19.25,19.127399444580078,19.237699508666992,52374
1605290400,19.239999771118164,19.239999771118164,19.079999923706055,19.12529945373535,68313
1605290700,19.1200008392334,19.139999389648438,19.049999237060547,19.079999923706055,60157
1605291000,19.09000015258789,19.098800659179688,19.010000228881836,19.030000686645508,76471
1605291300,19.030000686645508,19.06999969482422,18.959999084472656,19.010000228881836,129585
1605291600,19.010000228881836,19.100000381469727,19.0049991607666,19.08650016784668,72437
1605291900,19.095600128173828,19.139699935913086,19.049999237060547,19.059999465942383,83334
1605292200,19.049999237060547,19.100000381469727,19.020000457763672,19.046199798583984,46907
1605292500,19.049999237060547,19.10300064086914,19.010000228881836,19.096799850463867,57988
1605292800,19.079999923706055,19.126300811767578,19.030000686645508,19.104999542236328,66605
1605293100,19.115400314331055,19.115400314331055,19,19.03499984741211,72388
1605293400,19.024499893188477,19.100000381469727,19,19.020000457763672,70166
1605293700,19.027999877929688,19.049999237060547,19,19.010000228881836,80820
1605294000,19.01889991760254,19.079999923706055,18.950000762939453,18.959999084472656,156525
1605294300,18.950000762939453,19,18.829999923706055,18.860000610351562,163049
1605294600,18.864999771118164,18.90999984741211,18.799999237060547,18.8700008392334,123275
1605294900,18.860000610351562,18.90999984741211,18.81999969482422,18.84000015258789,98719
1605295200,18.860000610351562,18.91990089416504,18.84000015258789,18.84000015258789,116105
1605295500,18.860000610351562,18.86989974975586,18.709999084472656,18.719999313354492,164256
1605295800,18.739999771118164,18.82819938659668,18.68000030517578,18.80500030517578,132951
1605296100,18.79829978942871,18.82990074157715,18.709999084472656,18.782400131225586,99247
1605296400,18.750099182128906,18.889999389648438,18.750099182128906,18.850000381469727,146147
1605296700,18.846799850463867,19.049999237060547,18.81999969482422,19.045000076293945,144254
1605297000,19.06999969482422,19.100000381469727,18.959999084472656,19.065000534057617,141352
1605297300,19.06999969482422,19.190000534057617,19.06999969482422,19.110000610351562,169572
1605297600,19.129899978637695,19.170000076293945,19.010000228881836,19.075000762939453,102127
1605297900,19.079999923706055,19.149999618530273,19.020000457763672,19.094999313354492,66774
1605298200,19.094999313354492,19.10070037841797,19,19.040000915527344,92207
1605298500,19.049999237060547,19.079999923706055,19.0049991607666,19.059999465942383,53626
1605298800,19.059999465942383,19.100000381469727,19.020000457763672,19.088899612426758,62720
1605299100,19.100000381469727,19.16990089416504,19.088899612426758,19.145999908447266,115059
1605299400,19.149999618530273,19.270000457763672,19.125,19.18000030517578,176661
1605299700,19.201900482177734,19.280000686645508,19.170000076293945,19.171600341796875,132919
1605300000,19.190000534057617,19.239999771118164,19.17460060119629,19.209999084472656,84085
1605300300,19.209999084472656,19.21500015258789,19.149999618530273,19.18000030517578,106160
1605300600,19.18000030517578,19.200000762939453,19.149999618530273,19.18600082397461,274794
1605300900,19.200000762939453,19.25,19.139999389648438,19.219999313354492,289096
1605301200,19.22,19.22,19.22,19.22,88805
1605302100,19.26,19.26,19,19.16,0
1605302400,19.1599,19.1599,19.1,19.1,0
1605302700,19.15,19.19,19.1,19.19,0
1605303000,19.19,19.19,19.1,19.1,0
1605303300,19.1,19.1498,19.09,19.1498,0
1605303600,19.15,19.15,19.15,19.15,0
1605303900,19.15,19.15,19.1,19.11,0
1605304200,19.15,19.15,19.11,19.11,0
1605304500,19.1,19.12,19.1,19.11,0
1605304800,19.11,19.15,19.11,19.15,0
1605305100,19.17,19.19,19.17,19.1898,0
1605305400,19.18,19.19,19.15,19.15,0
1605305700,19.1898,19.19,19.1898,19.19,0
1605306000,19.2,19.2,19.19,19.2,0
1605306300,19.19,19.2,19.19,19.2,0
1605306600,19.19,19.2,19.19,19.1998,0
1605306900,19.1998,19.2,19.19,19.2,0
1605307200,19.1902,19.1902,19.19,19.19,0
1605307500,19.19,19.21,19.19,19.21,0
1605307800,19.21,19.2101,19.21,19.21,0
1605308100,19.21,19.24,19.21,19.24,0
1605308400,19.24,19.25,19.24,19.24,0
1605308700,19.2499,19.25,19.24,19.25,0
1605309000,19.24,19.25,19.19,19.24,0
1605309300,19.22,19.26,19.2,19.21,0
1605309600,19.2,19.26,19.2,19.23,0
1605309900,19.23,19.25,19.23,19.23,0
1605310200,19.23,19.25,19.23,19.25,0
1605310500,19.27,19.3,19.27,19.27,0
1605310800,19.27,19.27,19.24,19.24,0
1605311100,19.24,19.24,19.23,19.23,0
1605311400,19.25,19.29,19.25,19.29,0
1605311700,19.27,19.27,19.25,19.25,0
1605312000,19.28,19.28,19.26,19.26,0
1605312300,19.25,19.28,19.25,19.26,0
1605312600,19.26,19.29,19.26,19.28,0
1605312900,19.27,19.28,19.26,19.28,0
1605313200,19.25,19.26,19.25,19.26,0
1605313500,19.28,19.29,19.25,19.29,0
1605313800,19.29,19.29,19.29,19.29,0
1605314100,19.27,19.27,19.27,19.27,0
1605314400,19.27,19.29,19.27,19.2701,0
1605314700,19.27,19.3,19.26,19.27,0
1605315000,19.2699,19.2699,19.25,19.25,0
1605315300,19.27,19.27,19.25,19.25,0
