Date,Open,High,Low,Close,Volume
1605260700,26.9,26.9,26.9,26.9,0
1605261000,26.86,26.86,26.86,26.86,0
1605261300,26.85,26.85,26.85,26.85,0
1605261600,26.89,26.89,26.89,26.89,0
1605263400,26.97,26.97,26.97,26.97,0
1605263700,26.95,26.95,26.93,26.94,0
1605264000,26.94,26.94,26.94,26.94,0
1605264300,26.89,26.98,26.88,26.88,0
1605265500,26.99,26.99,26.99,26.99,0
1605265800,26.99,26.99,26.99,26.99,0
1605267900,26.84,26.84,26.84,26.84,0
1605269700,26.88,26.88,26.86,26.86,0
1605270000,26.85,26.85,26.85,26.85,0
1605270300,26.84,26.84,26.84,26.84,0
1605270600,26.82,26.82,26.82,26.82,0
1605270900,26.82,26.85,26.8,26.85,0
1605271200,26.85,26.85,26.82,26.82,0
1605271500,26.85,26.85,26.83,26.83,0
1605272100,26.82,26.83,26.82,26.83,0
1605272400,26.83,26.83,26.83,26.83,0
1605272700,26.83,26.84,26.83,26.84,0
1605273300,26.8301,26.86,26.81,26.82,0
1605273600,26.81,26.82,26.81,26.82,0
1605273900,26.81,26.83,26.81,26.83,0
1605274200,26.82,26.83,26.82,26.83,0
1605274500,26.83,26.84,26.83,26.84,0
1605274800,26.84,26.86,26.83,26.86,0
1605275400,26.81,26.81,26.8,26.8,0
1605275700,26.81,26.81,26.81,26.81,0
1605276300,26.82,26.82,26.81,26.81,0
1605276600,26.82,26.85,26.8,26.8,0
1605276900,26.82,26.84,26.82,26.84,0
1605277200,26.8,26.8,26.8,26.8,0
1605277800,26.84000015258789,26.854999542236328,26.780000686645508,26.81999969482422,1602881
1605278100,26.81999969482422,26.829999923706055,26.770000457763672,26.81999969482422,601223
1605278400,26.825000762939453,26.858299255371094,26.795000076293945,26.825000762939453,711298
1605278700,26.829999923706055,26.889999389648438,26.809999465942383,26.8799991607666,957287
1605279000,26.877599716186523,26.90999984741211,26.815000534057617,26.850000381469727,664944
1605279300,26.850000381469727,26.895000457763672,26.829999923706055,26.8799991607666,430644
1605279600,26.8799991607666,26.93000030517578,26.8700008392334,26.899999618530273,3210081
1605279900,26.905000686645508,26.940000534057617,26.889999389648438,26.924999237060547,521259
1605280200,26.929000854492188,26.979999542236328,26.90999984741211,26.93000030517578,960280
1605280500,26.93000030517578,26.93000030517578,26.889999389648438,26.899999618530273,1075771
1605280800,26.889999389648438,26.907899856567383,26.850000381469727,26.889999389648438,664965
1605281100,26.889999389648438,26.940000534057617,26.8700008392334,26.93000030517578,458729
1605281400,26.934999465942383,26.989999771118164,26.93000030517578,26.975000381469727,1426725
1605281700,26.979999542236328,26.985000610351562,26.90999984741211,26.924999237060547,516514
1605282000,26.920000076293945,26.959999084472656,26.90999984741211,26.934999465942383,391696
1605282300,26.93000030517578,26.93000030517578,26.8799991607666,26.895000457763672,628919
1605282600,26.889999389648438,26.90690040588379,26.871700286865234,26.889999389648438,479546
1605282900,26.889999389648438,26.895000457763672,26.829999923706055,26.854999542236328,520090
1605283200,26.854999542236328,26.889999389648438,26.854999542236328,26.876399993896484,334898
1605283500,26.8799991607666,26.889999389648438,26.844999313354492,26.860000610351562,394590
1605283800,26.860000610351562,26.8799991607666,26.850000381469727,26.865800857543945,359013
1605284100,26.8700008392334,26.8799991607666,26.860000610351562,26.8700008392334,481716
1605284400,26.860000610351562,26.8700008392334,26.84000015258789,26.844999313354492,193530
1605284700,26.84000015258789,26.8799991607666,26.791400909423828,26.8799991607666,551432
1605285000,26.8799991607666,26.899999618530273,26.860000610351562,26.895000457763672,232065
1605285300,26.895000457763672,26.90999984741211,26.871000289916992,26.899999618530273,168032
1605285600,26.899999618530273,26.93000030517578,26.899999618530273,26.910400390625,238511
1605285900,26.90999984741211,26.920000076293945,26.899999618530273,26.915000915527344,254709
1605286200,26.90999984741211,26.920000076293945,26.889999389648438,26.90999984741211,176938
1605286500,26.90999984741211,26.93000030517578,26.889999389648438,26.90999984741211,254436
1605286800,26.915000915527344,26.924999237060547,26.899999618530273,26.899999618530273,205095
1605287100,26.899999618530273,26.920000076293945,26.895000457763672,26.905000686645508,117333
1605287400,26.905000686645508,26.90999984741211,26.882099151611328,26.899999618530273,201314
1605287700,26.899999618530273,26.903400421142578,26.8799991607666,26.885000228881836,358681
1605288000,26.889999389648438,26.899999618530273,26.8700008392334,26.8799991607666,579186
1605288300,26.875,26.899999618530273,26.875,26.889999389648438,184830
1605288600,26.889999389648438,26.90999984741211,26.8799991607666,26.90999984741211,160194
1605288900,26.90999984741211,26.93000030517578,26.90999984741211,26.93000030517578,157529
1605289200,26.934999465942383,26.940000534057617,26.90999984741211,26.920000076293945,323715
1605289500,26.931699752807617,26.93829917907715,26.905000686645508,26.90999984741211,88193
1605289800,26.899999618530273,26.936100006103516,26.899999618530273,26.924999237060547,181708
1605290100,26.93000030517578,26.940000534057617,26.920000076293945,26.920000076293945,261209
1605290400,26.924999237060547,26.93000030517578,26.899999618530273,26.920000076293945,153638
1605290700,26.920000076293945,26.940000534057617,26.915000915527344,26.940000534057617,117660
1605291000,26.940000534057617,26.950000762939453,26.90999984741211,26.90999984741211,776629
1605291300,26.915000915527344,26.954999923706055,26.91189956665039,26.954999923706055,373917
1605291600,26.950000762939453,26.96500015258789,26.93000030517578,26.950000762939453,487739
1605291900,26.959999084472656,26.979999542236328,26.954999923706055,26.969999313354492,248451
1605292200,26.975000381469727,26.979900360107422,26.920000076293945,26.940000534057617,655048
1605292500,26.940000534057617,26.978099822998047,26.940000534057617,26.975000381469727,336107
1605292800,26.969999313354492,26.989999771118164,26.969999313354492,26.989999771118164,137500
1605293100,26.985000610351562,27.010000228881836,26.979999542236328,27,246546
1605293400,27,27.010000228881836,26.979999542236328,26.985000610351562,111328
1605293700,26.985000610351562,26.989999771118164,26.969999313354492,26.979999542236328,58831
1605294000,26.979999542236328,27.030000686645508,26.97100067138672,26.985000610351562,1847602
1605294300,26.989999771118164,27.020000457763672,26.985700607299805,27.0049991607666,201369
1605294600,27.010000228881836,27.018299102783203,26.9950008392334,26.9950008392334,211707
1605294900,26.989999771118164,27.024999618530273,26.975000381469727,27.020000457763672,315963
1605295200,27.020000457763672,27.079999923706055,27.020000457763672,27.059999465942383,769196
1605295500,27.05500030517578,27.065000534057617,27.040000915527344,27.065000534057617,1067203
1605295800,27.065000534057617,27.079999923706055,27.049999237060547,27.05500030517578,360523
1605296100,27.059999465942383,27.079999923706055,27.049999237060547,27.059999465942383,272183
1605296400,27.065000534057617,27.06999969482422,27.05500030517578,27.059999465942383,330612
1605296700,27.059999465942383,27.06999969482422,27,27.010000228881836,405913
1605297000,27.0049991607666,27.03499984741211,27.0049991607666,27.030000686645508,81616
1605297300,27.030000686645508,27.079999923706055,27.026599884033203,27.065000534057617,360453
1605297600,27.059999465942383,27.079999923706055,27.040000915527344,27.04010009765625,436765
1605297900,27.049999237060547,27.059999465942383,27.033000946044922,27.03499984741211,305568
1605298200,27.03499984741211,27.047000885009766,27.010000228881836,27.024999618530273,360903
1605298500,27.030000686645508,27.049999237060547,26.989999771118164,27.0226993560791,249358
1605298800,27.024999618530273,27.027799606323242,27,27.014999389648438,203564
1605299100,27.010000228881836,27.03499984741211,27,27.02589988708496,276128
1605299400,27.020000457763672,27.079999923706055,27.010000228881836,27.075000762939453,1595647
1605299700,27.075000762939453,27.100000381469727,27.06999969482422,27.094999313354492,476343
1605300000,27.104999542236328,27.139999389648438,27.094999313354492,27.125,1309466
1605300300,27.125,27.139999389648438,27.09000015258789,27.094999313354492,1133399
1605300600,27.100000381469727,27.100000381469727,27.010000228881836,27.020000457763672,2882030
1605300900,27.020000457763672,27.059999465942383,26.989999771118164,27.020000457763672,2624727
1605301200,27.03,27.03,27.03,27.03,710309
1605302100,27.03,27.03,27.02,27.03,0
1605302400,27.04,27.04,27.03,27.03,0
1605302700,27.03,27.05,27,27.05,0
1605303000,27.05,27.05,27.03,27.03,0
1605303300,27.03,27.05,27.03,27.03,0
1605303900,27.03,27.03,27.02,27.02,0
1605304500,27.02,27.02,27.02,27.02,0
1605304800,27.02,27.03,27.02,27.03,0
1605305100,27.04,27.04,27.0206,27.04,0
1605305400,27.03,27.04,27.03,27.04,0
1605305700,27.04,27.04,27.03,27.04,0
1605306000,27.03,27.03,27.03,27.03,0
1605306300,27.03,27.03,27.03,27.03,0
1605307800,27.03,27.03,27.03,27.03,0
1605308400,27.03,27.03,27.03,27.03,0
1605308700,27.03,27.03,27.03,27.03,0
1605309000,27.03,27.03,27.03,27.03,0
1605309300,27.04,27.04,27.04,27.04,0
1605310200,27.04,27.04,27.04,27.04,0
1605312300,27.03,27.03,27.03,27.03,0
1605312900,27.04,27.04,27.04,27.04,0
1605314100,27.04,27.04,27.04,27.04,0
1605314400,27.04,27.04,27.04,27.04,0
1605315000,27.04,27.04,27.04,27.04,0
1605315300,27.03,27.03,27.03,27.03,0
