Date,Open,High,Low,Close,Volume
1605258900,44.23,46.8,44.01,46.7,0
1605259200,46.7,47.6,46.64,47.6,0
1605259500,47.68,48,47.31,47.38,0
1605259800,47.38,47.5,46.69,47.47,0
1605260100,47.41,47.85,47.34,47.42,0
1605260400,47.4,47.42,46.8,47.07,0
1605260700,47.12,47.37,46.77,47.28,0
1605261000,47.29,47.32,46.5,46.65,0
1605261300,46.7,47.5,46.7,47.31,0
1605261600,47.3,47.32,46.75,46.95,0
1605261900,46.95,47.04,46.21,46.21,0
1605262200,46.2,46.74,45.51,46.61,0
1605262500,46.56,46.6,46.23,46.6,0
1605262800,46.54,46.8,46.44,46.55,0
1605263100,46.45,46.7,46.3,46.3,0
1605263400,46.31,47.1,46.3,46.95,0
1605263700,46.95,47.02,46.55,46.79,0
1605264000,46.79,46.98,46.63,46.73,0
1605264300,46.76,46.97,46.63,46.97,0
1605264600,46.96,47,46.85,46.92,0
1605264900,46.92,47.25,46.92,47.25,0
1605265200,47.29,47.44,46.92,47,0
1605265500,46.98,47.2,46.95,47.14,0
1605265800,47.14,47.23,47.04,47.15,0
1605266100,47.12,47.22,47.1,47.17,0
1605266400,47.17,47.17,47,47.08,0
1605266700,47,47.12,47,47.12,0
1605267000,47.2,47.5,47.2,47.31,0
1605267300,47.34,47.35,47.07,47.13,0
1605267600,47.19,47.28,47.19,47.22,0
1605267900,47.2,47.23,47.07,47.1,0
1605268200,47.09,47.09,46.9,46.9,0
1605268500,46.94,46.98,46.6,46.6,0
1605268800,46.71,47.5,46.71,47.25,0
1605269100,47.3,47.56,47.29,47.44,0
1605269400,47.37,47.44,46.89,46.9,0
1605269700,46.88,47.36,46.52,47.2,0
1605270000,47.24,47.25,46.3,46.66,0
1605270300,46.65,48.2,46.6,48.2,0
1605270600,48.21,49.85,48.04,49.2,0
1605270900,49.24,49.4,48.56,48.88,0
1605271200,48.76,49.97,48.76,49.27,0
1605271500,49.39,50.37,49.25,49.94,0
1605271800,49.94,50.07,49.5,49.83,0
1605272100,49.84,49.85,48.75,48.9,0
1605272400,48.94,49.65,48.82,49.6,0
1605272700,49.65,49.83,49.31,49.49,0
1605273000,49.48,49.79,49.48,49.63,0
1605273300,49.61,50,46.6,49.18,0
1605273600,49.26,49.65,46.31,46.36,0
1605273900,49.1,49.11,48.37,48.53,0
1605274200,48.61,49,48,48.1,0
1605274500,48.05,48.07,47.11,47.85,0
1605274800,47.87,48.44,47.77,47.8,0
1605275100,47.88,47.9,47.15,47.6,0
1605275400,47.71,47.91,47.1,47.39,0
1605275700,47.33,47.54,46.7,47,0
1605276000,46.97,47.21,46.41,46.91,0
1605276300,46.93,47.77,46.9,47.7,0
1605276600,47.7,47.85,47.13,47.6,0
1605276900,47.64,47.7,46.48,46.73,0
1605277200,46.73,47.13,46.4,46.98,0
1605277500,46.98,47.65,46.94,47.6,0
1605277800,46.849998474121094,48.93000030517578,46.79999923706055,48.70000076293945,10805575
1605278100,48.750999450683594,50.27000045776367,47.70000076293945,48.95000076293945,4576758
1605278400,48.923500061035156,49.359901428222656,47.220001220703125,48.1349983215332,2911969
1605278700,48.150001525878906,49.5,47.79999923706055,48.904998779296875,1871653
1605279000,48.95000076293945,49.79999923706055,48.400001525878906,49.11159896850586,1882624
1605279300,49.15999984741211,51.27000045776367,49.08110046386719,50.970001220703125,3027728
1605279600,50.959999084472656,51,49.5,49.775001525878906,2161226
1605279900,49.79999923706055,49.880001068115234,48.400001525878906,48.88999938964844,2205603
1605280200,48.88999938964844,48.999900817871094,46.599998474121094,47.529998779296875,3132235
1605280500,47.540000915527344,48.5099983215332,47.529998779296875,48.38999938964844,1785370
1605280800,48.395198822021484,48.68000030517578,47.367000579833984,47.41999816894531,1216983
1605281100,47.4297981262207,47.84000015258789,46.81999969482422,47.57550048828125,1509232
1605281400,47.599998474121094,47.634498596191406,45.79999923706055,46,2099737
1605281700,46.01499938964844,46.20000076293945,44.310001373291016,44.349998474121094,2733037
1605282000,44.310001373291016,46.349998474121094,44.119998931884766,45.65679931640625,2391429
1605282300,45.65999984741211,45.970001220703125,43.470001220703125,43.54999923706055,1844835
1605282600,43.529998779296875,43.93000030517578,41.599998474121094,43.09000015258789,3525305
1605282900,43.04710006713867,43.38999938964844,41.650001525878906,42.79999923706055,1926314
1605283200,42.72999954223633,44.869998931884766,42.150001525878906,44.84000015258789,1920038
1605283500,44.84000015258789,45.400001525878906,44.20000076293945,44.599998474121094,1782511
1605283800,44.529998779296875,45.29999923706055,43,45.09000015258789,1260869
1605284100,45.134498596191406,45.22999954223633,44.209999084472656,44.52000045776367,801151
1605284400,44.6599006652832,45.290000915527344,44.560001373291016,44.880001068115234,747529
1605284700,44.917198181152344,45.099998474121094,44.0099983215332,44.119998931884766,551742
1605285000,44.119998931884766,44.900001525878906,43.70000076293945,44.75199890136719,576834
1605285300,44.720001220703125,44.79999923706055,43.900001525878906,43.933101654052734,422791
1605285600,43.92499923706055,44.47999954223633,43.79999923706055,43.95000076293945,485971
1605285900,43.94499969482422,44.560001373291016,43.5099983215332,44.477298736572266,570959
1605286200,44.451499938964844,44.5,43.880001068115234,44.27000045776367,298387
1605286500,44.2400016784668,44.77000045776367,44.029998779296875,44.099998474121094,360293
1605286800,44.06999969482422,44.16999816894531,43.619998931884766,43.71500015258789,410028
1605287100,43.68000030517578,43.790000915527344,42.34000015258789,43.07500076293945,945649
1605287400,43.07500076293945,44.15999984741211,42.75,42.79999923706055,529534
1605287700,42.79999923706055,42.845001220703125,42,42.08000183105469,797203
1605288000,42.1150016784668,42.70000076293945,41.59000015258789,42.64500045776367,868499
1605288300,42.64500045776367,42.939998626708984,41.900001525878906,41.92660140991211,472961
1605288600,41.900001525878906,43.029998779296875,41.849998474121094,42.720001220703125,697413
1605288900,42.65739822387695,43.54999923706055,42.52000045776367,43.189998626708984,523356
1605289200,43.189998626708984,43.560001373291016,42.70000076293945,42.71979904174805,400363
1605289500,42.74769973754883,43.34989929199219,42.709999084472656,43.34989929199219,226492
1605289800,43.310001373291016,43.439998626708984,42.959999084472656,43.247398376464844,274157
1605290100,43.30500030517578,43.68000030517578,43.20000076293945,43.665000915527344,324407
1605290400,43.665000915527344,43.790000915527344,43.08000183105469,43.22760009765625,274158
1605290700,43.27000045776367,43.349998474121094,43.09000015258789,43.0906982421875,148395
1605291000,43.11000061035156,43.16999816894531,42.70000076293945,42.85940170288086,248372
1605291300,42.856201171875,42.93000030517578,42.310001373291016,42.5099983215332,291408
1605291600,42.430999755859375,42.939998626708984,42.33000183105469,42.70479965209961,170511
1605291900,42.64699935913086,42.900001525878906,42.25,42.291900634765625,195210
1605292200,42.2599983215332,42.45330047607422,41.25,41.59000015258789,639594
1605292500,41.599998474121094,42.810001373291016,41.500099182128906,42.64979934692383,465753
1605292800,42.540000915527344,42.669898986816406,42.15999984741211,42.29999923706055,213309
1605293100,42.31999969482422,42.400001525878906,41.5,41.5890007019043,336750
1605293400,41.52000045776367,42.54999923706055,41.36000061035156,42.275001525878906,414837
1605293700,42.25,42.28459930419922,41.369998931884766,41.5,311742
1605294000,41.47999954223633,41.790000915527344,40.72999954223633,40.78739929199219,702189
1605294300,40.7400016784668,40.9452018737793,40.209999084472656,40.29999923706055,822235
1605294600,40.27000045776367,41,40.22999954223633,40.599998474121094,492302
1605294900,40.599998474121094,41.099998474121094,40.51969909667969,40.676700592041016,486320
1605295200,40.66999816894531,40.86000061035156,40.25,40.5099983215332,489133
1605295500,40.55289840698242,40.630001068115234,38.650001525878906,38.92919921875,1405266
1605295800,38.9900016784668,39.61000061035156,38.599998474121094,39.400001525878906,1427527
1605296100,39.394500732421875,39.5,38.119998931884766,38.58549880981445,1238497
1605296400,38.6150016784668,38.96989822387695,38,38.11000061035156,990255
1605296700,38.125,38.900001525878906,38.08000183105469,38.85499954223633,797915
1605297000,38.85139846801758,39.93000030517578,38.5099983215332,39.904998779296875,871046
1605297300,39.900001525878906,40.29999923706055,39.5,40.13999938964844,865415
1605297600,40.20000076293945,40.59989929199219,40,40.28689956665039,729152
1605297900,40.279998779296875,40.34000015258789,39.61000061035156,39.61000061035156,479878
1605298200,39.61000061035156,41.189998626708984,39.54999923706055,41.11000061035156,845395
1605298500,41.11000061035156,41.84000015258789,41.0099983215332,41.630001068115234,795060
1605298800,41.630001068115234,42.29999923706055,41.220001220703125,42.22999954223633,801503
1605299100,42.28900146484375,42.880001068115234,42.25,42.60499954223633,979392
1605299400,42.61000061035156,42.778099060058594,42.029998779296875,42.470001220703125,803878
1605299700,42.470001220703125,42.56999969482422,41.29999923706055,41.36000061035156,663776
1605300000,41.349998474121094,42.099998474121094,41.06019973754883,41.577598571777344,721681
1605300300,41.529998779296875,42.70000076293945,41.529998779296875,42.68980026245117,689938
1605300600,42.689998626708984,42.849998474121094,42.29999923706055,42.70000076293945,654364
1605300900,42.6968994140625,42.6968994140625,41.70000076293945,41.779998779296875,1165663
1605301200,41.99,41.99,41.99,41.99,213779
1605302100,41.9,41.9,41.6,41.71,0
1605302400,41.73,42.1998,41.71,42.1998,0
1605302700,42.15,42.15,41.66,41.66,0
1605303000,41.66,41.66,41.35,41.3598,0
1605303300,41.35,41.36,40.74,41.18,0
1605303600,41.2,41.4,41.2,41.35,0
1605303900,41.35,41.35,41.2,41.21,0
1605304200,41.22,41.39,41.22,41.25,0
1605304500,41.22,41.22,41.07,41.2,0
1605304800,41.2,41.27,41.2,41.2,0
1605305100,41.2498,41.3298,41.23,41.3,0
1605305400,41.26,41.26,41.14,41.15,0
1605305700,41.18,41.18,41.09,41.18,0
1605306000,41.11,41.12,41.02,41.02,0
1605306300,41.0201,41.99,40.92,41.18,0
1605306600,41.18,41.18,41.12,41.12,0
1605306900,41.02,41.08,41.02,41.0798,0
1605307200,41.02,41.08,41,41,0
1605307500,40.99,41.99,40.84,40.85,0
1605307800,40.81,40.84,40.65,40.75,0
1605308100,40.71,41,40.66,41,0
1605308400,40.95,41.22,40.89,41.22,0
1605308700,41.1,41.19,41.01,41.05,0
1605309000,41.14,41.14,40.9,40.9,0
1605309300,40.78,40.88,40.78,40.88,0
1605309600,40.88,40.88,40.8,40.88,0
1605309900,40.81,40.81,40.5,40.5,0
1605310200,40.59,40.7,40.5,40.7,0
1605310500,40.73,40.8,40.68,40.68,0
1605310800,40.71,40.79,40.65,40.68,0
1605311100,40.74,41,40.74,40.88,0
1605311400,40.82,40.88,40.82,40.85,0
1605311700,40.85,40.97,40.84,40.91,0
1605312000,40.91,40.92,40.71,40.71,0
1605312300,40.7,40.7,40.55,40.6,0
1605312600,40.58,40.6,40.47,40.5,0
1605312900,40.41,40.41,40.16,40.18,0
1605313200,40.15,40.15,40,40.04,0
1605313500,40.05,40.15,40,40.05,0
1605313800,40.05,40.12,40.05,40.09,0
1605314100,40.08,40.1,40,40.02,0
1605314400,40,40.03,39.86,39.93,0
1605314700,39.96,39.98,39.93,39.9799,0
1605315000,39.98,40.1,39.95,40,0
1605315300,40.1,40.49,40.1,40.25,0
