Date,Open,High,Low,Close,Volume
1605262500,8.25,8.25,8.25,8.25,0
1605268200,8.18,8.18,8.18,8.18,0
1605269700,8.23,8.23,8.23,8.23,0
1605270000,8.23,8.23,8.23,8.23,0
1605270300,8.26,8.26,8.26,8.26,0
1605271200,8.23,8.25,8.23,8.25,0
1605271500,8.23,8.23,8.23,8.23,0
1605272100,8.25,8.26,8.25,8.26,0
1605272700,8.24,8.24,8.24,8.24,0
1605273000,8.25,8.25,8.25,8.25,0
1605273300,8.2758,8.28,8.23,8.26,0
1605273600,8.2599,8.26,8.2599,8.26,0
1605273900,8.2698,8.27,8.2599,8.26,0
1605274200,8.25,8.27,8.25,8.27,0
1605274500,8.2501,8.2501,8.25,8.25,0
1605274800,8.2501,8.2501,8.25,8.25,0
1605275100,8.27,8.27,8.2599,8.2599,0
1605275400,8.26,8.26,8.25,8.26,0
1605275700,8.27,8.28,8.27,8.28,0
1605276000,8.28,8.28,8.27,8.27,0
1605276300,8.27,8.27,8.27,8.27,0
1605276600,8.27,8.28,8.27,8.27,0
1605276900,8.28,8.28,8.27,8.28,0
1605277200,8.27,8.28,8.27,8.27,0
1605277500,8.28,8.29,8.27,8.27,0
1605277800,8.229999542236328,8.229999542236328,8.100000381469727,8.180000305175781,693603
1605278100,8.180000305175781,8.1899995803833,8.15999984741211,8.1899995803833,187261
1605278400,8.1850004196167,8.204999923706055,8.170100212097168,8.199999809265137,177470
1605278700,8.199999809265137,8.220000267028809,8.1850004196167,8.194999694824219,252192
1605279000,8.194999694824219,8.220000267028809,8.180000305175781,8.204999923706055,232847
1605279300,8.210000038146973,8.210000038146973,8.170000076293945,8.175000190734863,131258
1605279600,8.17770004272461,8.1899995803833,8.170000076293945,8.180000305175781,128105
1605279900,8.180000305175781,8.180000305175781,8.140000343322754,8.145000457763672,265465
1605280200,8.140000343322754,8.149999618530273,8.079999923706055,8.095000267028809,682760
1605280500,8.100000381469727,8.109999656677246,8.095000267028809,8.102299690246582,186571
1605280800,8.104900360107422,8.129899978637695,8.100000381469727,8.100000381469727,292088
1605281100,8.104999542236328,8.119999885559082,8.100000381469727,8.114999771118164,99073
1605281400,8.114999771118164,8.130000114440918,8.104999542236328,8.125,123565
1605281700,8.119999885559082,8.15999984741211,8.119999885559082,8.14009952545166,211210
1605282000,8.145000457763672,8.15999984741211,8.130000114440918,8.145000457763672,110299
1605282300,8.145000457763672,8.149999618530273,8.119999885559082,8.125,120479
1605282600,8.130000114440918,8.130000114440918,8.100000381469727,8.101799964904785,155309
1605282900,8.10830020904541,8.109999656677246,8.069999694824219,8.095000267028809,213317
1605283200,8.095000267028809,8.109999656677246,8.07229995727539,8.100000381469727,185726
1605283500,8.10770034790039,8.109999656677246,8.09000015258789,8.09000015258789,121674
1605283800,8.094599723815918,8.100000381469727,8.079999923706055,8.079999923706055,142649
1605284100,8.085000038146973,8.109999656677246,8.079999923706055,8.104999542236328,199943
1605284400,8.104999542236328,8.109999656677246,8.085000038146973,8.109999656677246,129180
1605284700,8.104999542236328,8.125,8.100000381469727,8.114999771118164,136884
1605285000,8.114999771118164,8.119999885559082,8.100000381469727,8.100000381469727,52437
1605285300,8.100000381469727,8.109999656677246,8.100000381469727,8.100000381469727,50905
1605285600,8.104999542236328,8.140000343322754,8.095000267028809,8.119999885559082,275996
1605285900,8.119999885559082,8.128299713134766,8.109999656677246,8.109999656677246,54549
1605286200,8.109999656677246,8.119999885559082,8.09000015258789,8.104999542236328,121437
1605286500,8.103400230407715,8.109999656677246,8.079999923706055,8.081700325012207,178785
1605286800,8.085000038146973,8.09000015258789,8.079999923706055,8.085000038146973,151932
1605287100,8.085000038146973,8.100000381469727,8.079999923706055,8.09000015258789,123879
1605287400,8.085000038146973,8.109999656677246,8.085000038146973,8.104999542236328,148541
1605287700,8.100000381469727,8.109999656677246,8.069999694824219,8.074999809265137,398283
1605288000,8.074999809265137,8.079999923706055,8.0600004196167,8.06820011138916,118971
1605288300,8.069999694824219,8.09000015258789,8.061699867248535,8.072099685668945,281321
1605288600,8.074999809265137,8.079999923706055,8.069999694824219,8.079999923706055,62534
1605288900,8.071700096130371,8.079999923706055,8.069999694824219,8.075200080871582,104068
1605289200,8.074999809265137,8.079999923706055,8.0600004196167,8.0649995803833,120212
1605289500,8.0600004196167,8.09000015258789,8.0600004196167,8.085000038146973,108377
1605289800,8.079999923706055,8.09000015258789,8.069999694824219,8.076700210571289,81542
1605290100,8.074999809265137,8.100000381469727,8.074999809265137,8.095000267028809,122059
1605290400,8.095000267028809,8.100000381469727,8.09000015258789,8.100000381469727,50012
1605290700,8.095000267028809,8.100000381469727,8.09000015258789,8.095000267028809,68418
1605291000,8.100000381469727,8.100000381469727,8.09000015258789,8.09000015258789,59879
1605291300,8.09000015258789,8.109999656677246,8.09000015258789,8.100000381469727,140167
1605291600,8.100000381469727,8.109999656677246,8.069999694824219,8.079999923706055,249640
1605291900,8.079999923706055,8.100000381469727,8.074999809265137,8.085000038146973,113664
1605292200,8.085000038146973,8.09000015258789,8.079999923706055,8.085000038146973,45215
1605292500,8.09000015258789,8.09000015258789,8.069999694824219,8.069999694824219,62629
1605292800,8.069999694824219,8.079999923706055,8.0600004196167,8.074999809265137,104554
1605293100,8.079999923706055,8.09000015258789,8.069999694824219,8.074999809265137,54337
1605293400,8.079999923706055,8.079999923706055,8.069999694824219,8.074999809265137,71641
1605293700,8.069999694824219,8.079999923706055,8.0600004196167,8.079999923706055,142233
1605294000,8.074999809265137,8.079999923706055,8.069999694824219,8.078100204467773,121577
1605294300,8.079999923706055,8.079999923706055,8.050000190734863,8.055000305175781,190737
1605294600,8.0516996383667,8.069999694824219,8.050000190734863,8.055000305175781,167303
1605294900,8.055000305175781,8.0600004196167,8.039999961853027,8.050000190734863,141913
1605295200,8.045000076293945,8.069999694824219,8.039999961853027,8.039999961853027,197081
1605295500,8.039999961853027,8.050000190734863,8.029999732971191,8.029999732971191,106157
1605295800,8.029999732971191,8.0600004196167,8.029999732971191,8.050000190734863,225393
1605296100,8.0600004196167,8.0649995803833,8.045000076293945,8.0600004196167,150324
1605296400,8.0600004196167,8.069999694824219,8.055000305175781,8.0649995803833,100134
1605296700,8.0649995803833,8.069999694824219,8.0600004196167,8.069999694824219,59094
1605297000,8.069999694824219,8.069999694824219,8.0600004196167,8.069899559020996,59317
1605297300,8.068400382995605,8.079999923706055,8.0600004196167,8.074999809265137,106658
1605297600,8.079999923706055,8.079999923706055,8.069999694824219,8.074999809265137,84308
1605297900,8.079999923706055,8.079999923706055,8.069999694824219,8.074999809265137,93276
1605298200,8.079999923706055,8.079999923706055,8.069999694824219,8.079999923706055,79300
1605298500,8.079999923706055,8.109999656677246,8.074999809265137,8.09000015258789,320569
1605298800,8.095000267028809,8.109999656677246,8.09000015258789,8.109999656677246,62792
1605299100,8.109999656677246,8.119999885559082,8.104999542236328,8.119999885559082,161694
1605299400,8.119999885559082,8.130000114440918,8.109999656677246,8.114999771118164,223572
1605299700,8.114999771118164,8.119999885559082,8.109999656677246,8.109999656677246,126986
1605300000,8.114999771118164,8.130000114440918,8.109999656677246,8.130000114440918,195674
1605300300,8.130000114440918,8.130000114440918,8.119999885559082,8.130000114440918,255091
1605300600,8.130000114440918,8.140000343322754,8.130000114440918,8.140000343322754,577575
1605300900,8.140000343322754,8.149999618530273,8.119999885559082,8.130000114440918,791201
1605301200,8.13,8.13,8.13,8.13,773305
1605302100,8.13,8.15,8.11,8.15,0
1605302400,8.1111,8.13,8.1,8.11,0
1605302700,8.11,8.15,8.1,8.1,0
1605303000,8.1386,8.1386,8.1088,8.1088,0
1605303300,8.13,8.13,8.13,8.13,0
1605303600,8.13,8.13,8.12,8.12,0
1605303900,8.12,8.12,8.11,8.11,0
1605304800,8.12,8.13,8.11,8.13,0
1605305100,8.13,8.13,8.13,8.13,0
1605305400,8.13,8.13,8.13,8.13,0
1605305700,8.1298,8.1298,8.1298,8.1298,0
1605306000,8.1298,8.1298,8.1298,8.1298,0
1605306600,8.13,8.13,8.11,8.13,0
1605306900,8.13,8.13,8.13,8.13,0
1605307200,8.11,8.11,8.11,8.11,0
1605307500,8.13,8.13,8.1095,8.13,0
1605307800,8.11,8.11,8.11,8.11,0
1605308400,8.13,8.13,8.03,8.13,0
1605308700,8.13,8.13,8.08,8.08,0
1605309000,8.13,8.13,8.1299,8.13,0
1605309300,8.13,8.13,8.13,8.13,0
1605309600,8.1299,8.1299,8.1299,8.1299,0
1605310500,8.13,8.13,8.13,8.13,0
1605310800,8.1299,8.1299,8.1299,8.1299,0
1605311400,8.13,8.13,8.13,8.13,0
1605312600,8.12,8.12,8.12,8.12,0
1605314700,8.06,8.06,8.05,8.05,0
1605315000,8.09,8.13,8.09,8.13,0
