Date,Open,High,Low,Close,Volume
1605258900,119.8,119.83,119.6,119.64,0
1605259200,119.66,119.78,119.6,119.72,0
1605259500,119.73,119.73,119.65,119.69,0
1605259800,119.74,119.75,119.67,119.67,0
1605260100,119.83,119.83,119.68,119.79,0
1605260400,119.78,119.79,119.63,119.63,0
1605260700,119.66,119.85,119.66,119.8,0
1605261000,119.9,119.91,119.65,119.7,0
1605261300,119.7,119.77,119.7,119.76,0
1605261600,119.77,119.97,119.74,119.92,0
1605261900,119.97,120.1,119.97,120.03,0
1605262200,120.05,120.09,119.8,119.81,0
1605262500,119.88,119.99,119.88,119.96,0
1605262800,119.95,120.09,119.95,120.09,0
1605263100,119.94,120.07,119.94,120.07,0
1605263400,120,120,119.9,120,0
1605263700,119.97,120.07,119.88,120.07,0
1605264000,120.05,120.05,119.92,119.92,0
1605264300,119.99,120.02,119.95,119.95,0
1605264600,119.99,120.02,119.99,120,0
1605264900,120.02,120.06,120,120.06,0
1605265200,120.08,120.08,120.05,120.06,0
1605265500,120.08,120.08,120.08,120.08,0
1605265800,120.1,120.1,120,120,0
1605266100,119.94,120,119.94,119.99,0
1605266400,119.85,119.93,119.85,119.9,0
1605266700,119.86,119.87,119.86,119.87,0
1605267000,119.83,119.83,119.83,119.83,0
1605267300,119.88,119.88,119.8,119.8,0
1605267600,119.79,119.79,119.79,119.79,0
1605267900,119.85,119.96,119.85,119.96,0
1605268200,119.92,119.94,119.92,119.94,0
1605268500,119.93,119.95,119.83,119.83,0
1605268800,119.8,119.8,119.79,119.79,0
1605269100,119.79,119.99,119.74,119.97,0
1605269400,119.97,120.05,119.87,119.92,0
1605269700,120.02,120.02,119.62,119.82,0
1605270000,119.84,119.84,119.75,119.75,0
1605270300,119.76,119.83,119.73,119.79,0
1605270600,119.8,119.82,119.77,119.82,0
1605270900,119.83,119.91,119.83,119.91,0
1605271200,119.94,119.95,119.9,119.93,0
1605271500,119.93,119.98,119.9,119.95,0
1605271800,119.94,119.95,119.88,119.88,0
1605272100,119.86,119.909,119.84,119.9,0
1605272400,119.89,119.89,119.7,119.72,0
1605272700,119.72,119.75,119.65,119.72,0
1605273000,119.73,119.75,119.65,119.69,0
1605273300,119.82,119.97,119.5,119.72,0
1605273600,119.71,119.75,119.69,119.69,0
1605273900,119.6999,119.75,119.67,119.74,0
1605274200,119.74,119.74,119.6702,119.6874,0
1605274500,119.69,119.72,119.67,119.71,0
1605274800,119.7,119.75,119.66,119.67,0
1605275100,119.67,119.76,119.65,119.76,0
1605275400,119.74,119.8,119.7199,119.78,0
1605275700,119.77,119.79,119.68,119.69,0
1605276000,119.68,119.749,119.68,119.73,0
1605276300,119.72,119.74,119.7,119.73,0
1605276600,119.71,119.72,119.64,119.67,0
1605276900,119.67,119.74,119.62,119.63,0
1605277200,119.63,119.65,119.5,119.53,0
1605277500,119.51,119.6,119.5,119.52,0
1605277800,119.5,119.62000274658203,119.09500122070312,119.11000061035156,3993011
1605278100,119.0999984741211,119.37999725341797,118.87999725341797,119.18150329589844,2065005
1605278400,119.18499755859375,119.38999938964844,119.01010131835938,119.06999969482422,1587069
1605278700,119.07499694824219,119.16000366210938,118.58000183105469,118.66999816894531,2003301
1605279000,118.66000366210938,119.02999877929688,118.58000183105469,118.87000274658203,1510933
1605279300,118.86499786376953,118.94999694824219,118.375,118.4000015258789,1392129
1605279600,118.3949966430664,118.5199966430664,118.19000244140625,118.33999633789062,1603087
1605279900,118.33999633789062,118.3949966430664,118.02999877929688,118.25,1438995
1605280200,118.23999786376953,118.42900085449219,117.93000030517578,118.34030151367188,1551189
1605280500,118.3582992553711,118.51000213623047,118.16059875488281,118.46099853515625,1185662
1605280800,118.45999908447266,118.55999755859375,118.37000274658203,118.5,1114783
1605281100,118.5,118.73999786376953,118.44999694824219,118.68000030517578,1011016
1605281400,118.69000244140625,118.69000244140625,118.20999908447266,118.29499816894531,1168547
1605281700,118.29499816894531,118.37000274658203,118.08999633789062,118.16000366210938,1003008
1605282000,118.13999938964844,118.30000305175781,118.06999969482422,118.30000305175781,957885
1605282300,118.29350280761719,118.47000122070312,118.17500305175781,118.47000122070312,989058
1605282600,118.47000122070312,118.5250015258789,118.16000366210938,118.20999908447266,826337
1605282900,118.21849822998047,118.2300033569336,117.87000274658203,118.02200317382812,1408349
1605283200,118.04000091552734,118.16999816894531,117.93000030517578,117.98500061035156,874999
1605283500,117.98999786376953,118.23999786376953,117.94000244140625,118.1050033569336,807711
1605283800,118.1050033569336,118.23999786376953,118.02999877929688,118.21399688720703,673238
1605284100,118.21499633789062,118.5,118.20999908447266,118.33000183105469,853607
1605284400,118.33499908447266,118.44999694824219,118.29540252685547,118.37999725341797,539284
1605284700,118.38500213623047,118.44000244140625,118.22000122070312,118.25,884568
1605285000,118.25,118.29000091552734,118.02999877929688,118.04450225830078,643518
1605285300,118.04000091552734,118.2300033569336,118,118.16000366210938,748528
1605285600,118.1500015258789,118.4800033569336,118.13999938964844,118.37000274658203,741430
1605285900,118.37000274658203,118.55999755859375,118.31999969482422,118.55960083007812,711237
1605286200,118.55500030517578,118.62999725341797,118.47000122070312,118.54000091552734,663926
1605286500,118.54000091552734,118.7699966430664,118.5,118.7300033569336,945941
1605286800,118.7300033569336,118.80000305175781,118.69000244140625,118.75,616849
1605287100,118.76000213623047,118.79000091552734,118.69000244140625,118.73930358886719,569653
1605287400,118.7300033569336,118.98999786376953,118.72000122070312,118.88500213623047,986640
1605287700,118.88999938964844,118.88999938964844,118.72000122070312,118.76000213623047,694650
1605288000,118.76000213623047,118.77989959716797,118.62000274658203,118.65499877929688,540081
1605288300,118.6500015258789,118.87999725341797,118.6500015258789,118.77999877929688,571089
1605288600,118.7750015258789,118.78019714355469,118.625,118.66000366210938,580039
1605288900,118.66999816894531,118.81999969482422,118.66500091552734,118.80000305175781,414904
1605289200,118.7968978881836,118.91999816894531,118.79000091552734,118.82499694824219,616570
1605289500,118.81999969482422,119.05000305175781,118.81009674072266,118.98079681396484,756062
1605289800,118.9800033569336,118.98999786376953,118.80000305175781,118.84929656982422,608496
1605290100,118.83409881591797,118.97000122070312,118.81999969482422,118.95999908447266,433851
1605290400,118.95999908447266,119.05999755859375,118.91999816894531,119.05500030517578,580686
1605290700,119.05500030517578,119.08999633789062,118.9625015258789,119.0260009765625,559051
1605291000,119.0199966430664,119.20999908447266,118.93000030517578,119.12000274658203,831579
1605291300,119.11000061035156,119.16999816894531,119.05000305175781,119.15499877929688,518598
1605291600,119.1500015258789,119.25499725341797,119.02999877929688,119.11080169677734,799220
1605291900,119.12000274658203,119.19999694824219,119,119.03500366210938,679018
1605292200,119.0342025756836,119.06999969482422,118.93000030517578,119.01000213623047,563368
1605292500,119.01969909667969,119.04000091552734,118.88999938964844,118.89920043945312,654063
1605292800,118.89009857177734,118.94999694824219,118.69170379638672,118.7249984741211,769117
1605293100,118.7249984741211,118.81999969482422,118.55999755859375,118.61000061035156,782943
1605293400,118.61000061035156,118.68000030517578,118.54679870605469,118.58940124511719,462777
1605293700,118.58000183105469,118.62000274658203,118.49500274658203,118.58999633789062,553378
1605294000,118.58000183105469,118.73699951171875,118.54000091552734,118.60590362548828,645931
1605294300,118.60929870605469,118.69999694824219,118.4800033569336,118.56500244140625,559011
1605294600,118.56500244140625,118.56999969482422,118.23999786376953,118.3302001953125,780554
1605294900,118.33000183105469,118.45999908447266,118.19999694824219,118.4561996459961,796006
1605295200,118.44999694824219,118.69999694824219,118.44999694824219,118.56999969482422,868355
1605295500,118.56009674072266,118.56500244140625,118.44000244140625,118.51000213623047,489636
1605295800,118.50050354003906,118.5999984741211,118.48999786376953,118.48999786376953,503924
1605296100,118.49510192871094,118.66000366210938,118.47000122070312,118.625,525821
1605296400,118.62000274658203,118.66999816894531,118.52999877929688,118.5999984741211,499733
1605296700,118.61000061035156,118.63500213623047,118.5,118.54000091552734,413090
1605297000,118.54000091552734,118.6500015258789,118.54000091552734,118.63009643554688,494540
1605297300,118.62999725341797,118.9000015258789,118.62999725341797,118.87000274658203,965387
1605297600,118.87000274658203,118.97509765625,118.80000305175781,118.96099853515625,698112
1605297900,118.97000122070312,119.06990051269531,118.91999816894531,118.93000030517578,816089
1605298200,118.93499755859375,119,118.80000305175781,118.99500274658203,721729
1605298500,118.99500274658203,119.0199966430664,118.80999755859375,118.96499633789062,693003
1605298800,118.95999908447266,119.12000274658203,118.81999969482422,119.11000061035156,2595568
1605299100,119.11499786376953,119.23500061035156,119.1050033569336,119.16999816894531,997730
1605299400,119.16999816894531,119.47000122070312,119.1500015258789,119.31999969482422,1305051
1605299700,119.32009887695312,119.48999786376953,119.2699966430664,119.34100341796875,1061791
1605300000,119.3499984741211,119.5,119.33999633789062,119.47000122070312,1171888
1605300300,119.47160339355469,119.56999969482422,119.30500030517578,119.32499694824219,1415702
1605300600,119.33000183105469,119.49500274658203,119.20999908447266,119.23999786376953,1675339
1605300900,119.2300033569336,119.43000030517578,119.1500015258789,119.25,2380079
1605301200,119.26,119.26,119.26,119.26,6992801
1605302100,119.26,119.33,119.26,119.26,0
1605302400,119.26,119.29,119.24,119.28,0
1605302700,119.29,119.3,118.7852,119.26,0
1605303000,119.27,119.27,119.24,119.24,0
1605303300,119.25,119.29,119.248,119.28,0
1605303600,119.28,119.28,119.25,119.26,0
1605303900,119.26,119.28,119.26,119.27,0
1605304200,119.27,119.28,119.26,119.27,0
1605304500,119.26,119.27,119.25,119.25,0
1605304800,119.26,119.2699,119.25,119.26,0
1605305100,119.26,119.27,119.24,119.26,0
1605305400,119.26,119.27,119.24,119.27,0
1605305700,119.24,119.24,119.13,119.2,0
1605306000,119.13,119.19,119.11,119.13,0
1605306300,119.1,119.1698,119.1,119.1102,0
1605306600,119.12,119.22,119.12,119.17,0
1605306900,119.15,119.2,119.12,119.2,0
1605307200,119.2,119.25,119.19,119.24,0
1605307500,119.25,119.26,119.25,119.25,0
1605307800,119.26,119.26,119.19,119.19,0
1605308100,119.19,119.19,119.18,119.19,0
1605308400,119.17,119.19,119.13,119.15,0
1605308700,119.15,119.18,119.14,119.14,0
1605309000,119.16,119.19,119.16,119.18,0
1605309300,119.16,119.16,119.14,119.14,0
1605309600,119.1599,119.16,119.14,119.16,0
1605309900,119.19,119.19,119.16,119.19,0
1605310200,119.18,119.19,119.16,119.18,0
1605310500,119.18,119.2,119.17,119.17,0
1605310800,119.2,119.2,119.16,119.16,0
1605311100,119.2,119.2,119.16,119.19,0
1605311400,119.17,119.17,119.16,119.16,0
1605311700,119.14,119.16,119.14,119.16,0
1605312000,119.17,119.18,119.1,119.1,0
1605312300,119.17,119.17,119.17,119.17,0
1605312600,119.15,119.17,119.13,119.15,0
1605312900,119.17,119.18,119.17,119.18,0
1605313200,119.15,119.1501,119.13,119.13,0
1605313500,119.1,119.13,119.1,119.13,0
1605313800,119.14,119.14,119.1,119.1101,0
1605314100,119.14,119.17,119.13,119.15,0
1605314400,119.15,119.17,119.15,119.1699,0
1605314700,119.15,119.15,119.14,119.14,0
1605315000,119.13,119.13,119.1,119.1,0
1605315300,119.12,119.15,119.12,119.13,0
