Date,Open,High,Low,Close,Volume
1605274200,2.71,2.71,2.71,2.71,0
1605274500,2.69,2.7,2.69,2.7,0
1605274800,2.7,2.7,2.7,2.7,0
1605275400,2.69,2.69,2.69,2.69,0
1605277200,2.7,2.7,2.7,2.7,0
1605277500,2.69,2.69,2.69,2.69,0
1605277800,2.690000057220459,2.7149999141693115,2.680000066757202,2.7149999141693115,518477
1605278100,2.7149999141693115,2.7249999046325684,2.7100000381469727,2.7200000286102295,99525
1605278400,2.7200000286102295,2.7288999557495117,2.7100000381469727,2.7249999046325684,600903
1605278700,2.7300000190734863,2.7300000190734863,2.7149999141693115,2.723900079727173,379619
1605279000,2.7200000286102295,2.7300000190734863,2.7149999141693115,2.7249999046325684,804019
1605279300,2.722599983215332,2.7288999557495117,2.7200000286102295,2.7200000286102295,407643
1605279600,2.7200000286102295,2.7298998832702637,2.7100000381469727,2.7200000286102295,256280
1605279900,2.7149999141693115,2.7149999141693115,2.700000047683716,2.7100000381469727,132925
1605280200,2.7049999237060547,2.7100000381469727,2.700000047683716,2.7049999237060547,107198
1605280500,2.7049999237060547,2.7081000804901123,2.694999933242798,2.694999933242798,261886
1605280800,2.694999933242798,2.700000047683716,2.690000057220459,2.694999933242798,110483
1605281100,2.694999933242798,2.7049999237060547,2.690000057220459,2.7009999752044678,405306
1605281400,2.7049999237060547,2.7100000381469727,2.700000047683716,2.7049999237060547,69043
1605281700,2.7049999237060547,2.7100000381469727,2.700000047683716,2.700000047683716,180105
1605282000,2.700000047683716,2.7084999084472656,2.700000047683716,2.7067999839782715,100448
1605282300,2.700000047683716,2.7100000381469727,2.700000047683716,2.7049999237060547,186925
1605282600,2.7049999237060547,2.7049999237060547,2.684999942779541,2.694999933242798,882422
1605282900,2.6910998821258545,2.700000047683716,2.690000057220459,2.694999933242798,110163
1605283200,2.694999933242798,2.700000047683716,2.694999933242798,2.694999933242798,377707
1605283500,2.700000047683716,2.700000047683716,2.694999933242798,2.694999933242798,99875
1605283800,2.694999933242798,2.7100000381469727,2.6921000480651855,2.7049999237060547,387575
1605284100,2.7049999237060547,2.7100000381469727,2.700000047683716,2.7100000381469727,600457
1605284400,2.7100000381469727,2.7200000286102295,2.7049999237060547,2.7149999141693115,367115
1605284700,2.7100000381469727,2.7249999046325684,2.7100000381469727,2.7249999046325684,300858
1605285000,2.7249999046325684,2.7269999980926514,2.7200000286102295,2.7200000286102295,170933
1605285300,2.7200000286102295,2.7249999046325684,2.7200000286102295,2.7249999046325684,225999
1605285600,2.7249999046325684,2.7300000190734863,2.7200000286102295,2.7200000286102295,165179
1605285900,2.7249999046325684,2.7249999046325684,2.7200000286102295,2.7200000286102295,28817
1605286200,2.7200000286102295,2.7300000190734863,2.7200000286102295,2.7249999046325684,123090
1605286500,2.7249999046325684,2.740000009536743,2.7249999046325684,2.734999895095825,397732
1605286800,2.740000009536743,2.7481000423431396,2.734999895095825,2.740000009536743,406547
1605287100,2.744999885559082,2.75,2.740000009536743,2.744999885559082,36927
1605287400,2.740000009536743,2.75,2.740000009536743,2.740000009536743,131775
1605287700,2.740000009536743,2.759999990463257,2.740000009536743,2.755000114440918,1615120
1605288000,2.755000114440918,2.7588999271392822,2.75,2.755000114440918,93960
1605288300,2.75,2.759999990463257,2.75,2.75,166957
1605288600,2.755000114440918,2.7699999809265137,2.755000114440918,2.7634999752044678,253833
1605288900,2.7600998878479004,2.7699999809265137,2.759999990463257,2.765000104904175,107098
1605289200,2.765000104904175,2.7750000953674316,2.75,2.7750000953674316,1803958
1605289500,2.7701001167297363,2.7799999713897705,2.7699999809265137,2.7699999809265137,254410
1605289800,2.7699999809265137,2.7790000438690186,2.7699999809265137,2.7699999809265137,167308
1605290100,2.7699999809265137,2.789900064468384,2.7699999809265137,2.7699999809265137,1446976
1605290400,2.7699999809265137,2.799999952316284,2.7699999809265137,2.7850000858306885,1129194
1605290700,2.7850000858306885,2.7899999618530273,2.7799999713897705,2.7850000858306885,52230
1605291000,2.7850000858306885,2.799999952316284,2.7799999713897705,2.7850000858306885,327649
1605291300,2.7850000858306885,2.788100004196167,2.7699999809265137,2.7799999713897705,821569
1605291600,2.7799999713897705,2.7850000858306885,2.755000114440918,2.765000104904175,3386040
1605291900,2.765000104904175,2.7699999809265137,2.759999990463257,2.765000104904175,499081
1605292200,2.765000104904175,2.7699999809265137,2.759999990463257,2.765000104904175,120982
1605292500,2.765000104904175,2.7699999809265137,2.759999990463257,2.765000104904175,72224
1605292800,2.765000104904175,2.7699999809265137,2.762700080871582,2.765000104904175,101244
1605293100,2.765000104904175,2.7699999809265137,2.759999990463257,2.765000104904175,61940
1605293400,2.765000104904175,2.7699999809265137,2.759999990463257,2.765000104904175,39221
1605293700,2.765000104904175,2.7699999809265137,2.759999990463257,2.765000104904175,39010
1605294000,2.765000104904175,2.7799999713897705,2.765000104904175,2.7750000953674316,212085
1605294300,2.7799999713897705,2.7799999713897705,2.7699999809265137,2.772900104522705,35499
1605294600,2.7750000953674316,2.7799999713897705,2.7699999809265137,2.7699999809265137,193664
1605294900,2.7699999809265137,2.7755000591278076,2.765000104904175,2.765000104904175,207445
1605295200,2.765000104904175,2.7750000953674316,2.765000104904175,2.7750000953674316,179599
1605295500,2.7750000953674316,2.7750000953674316,2.7699999809265137,2.7699999809265137,105020
1605295800,2.7699999809265137,2.7799999713897705,2.7699999809265137,2.7699999809265137,31273
1605296100,2.7750000953674316,2.7799999713897705,2.7699999809265137,2.7699999809265137,57070
1605296400,2.7699999809265137,2.7799999713897705,2.7699999809265137,2.7750000953674316,40206
1605296700,2.7750000953674316,2.7799999713897705,2.7699999809265137,2.7750000953674316,35917
1605297000,2.7797999382019043,2.7799999713897705,2.759999990463257,2.759999990463257,294355
1605297300,2.765000104904175,2.7699999809265137,2.759999990463257,2.765000104904175,46584
1605297600,2.7699999809265137,2.7750000953674316,2.759999990463257,2.7699999809265137,290636
1605297900,2.7699999809265137,2.7776999473571777,2.7699999809265137,2.7699999809265137,50297
1605298200,2.7699999809265137,2.7750000953674316,2.7699999809265137,2.7750000953674316,67695
1605298500,2.7699999809265137,2.7799999713897705,2.7699999809265137,2.7699999809265137,57674
1605298800,2.7699999809265137,2.7799999713897705,2.7699999809265137,2.7750000953674316,122167
1605299100,2.7750000953674316,2.7799999713897705,2.7699999809265137,2.7750000953674316,359707
1605299400,2.7799999713897705,2.7799999713897705,2.7723000049591064,2.7797999382019043,198527
1605299700,2.7799999713897705,2.7899999618530273,2.7750000953674316,2.7899999618530273,350848
1605300000,2.7850000858306885,2.7899999618530273,2.7799999713897705,2.7850000858306885,193357
1605300300,2.7850000858306885,2.7899999618530273,2.7799999713897705,2.7850000858306885,240857
1605300600,2.7850000858306885,2.7899999618530273,2.7799999713897705,2.7899999618530273,186405
1605300900,2.7850000858306885,2.799999952316284,2.7799999713897705,2.799999952316284,1082247
1605301200,2.8,2.8,2.8,2.8,54463
1605302100,2.8,2.8,2.8,2.8,0
1605306300,2.8,2.8,2.8,2.8,0
1605306600,2.8,2.8,2.8,2.8,0
1605310500,2.77,2.77,2.77,2.77,0
1605311400,2.75,2.75,2.75,2.75,0
1605312900,2.8,2.8,2.8,2.8,0
1605313200,2.8,2.8,2.8,2.8,0
1605313800,2.8,2.81,2.8,2.81,0
