Date,Open,High,Low,Close,Volume
1605258900,7,7.59,7,7.59,0
1605259200,7.55,7.95,7.55,7.59,0
1605259500,7.6,7.76,7.58,7.76,0
1605259800,7.77,8.02,7.7,7.92,0
1605260100,7.9,8.05,7.9,8,0
1605260400,8,8.17,7.99,8.05,0
1605260700,8.05,8.05,7.83,7.84,0
1605261000,7.83,7.84,7.6,7.71,0
1605261300,7.76,7.89,7.76,7.88,0
1605261600,7.85,7.91,7.84,7.91,0
1605261900,7.91,7.91,7.76,7.8,0
1605262200,7.84,7.84,7.72,7.72,0
1605262500,7.75,7.75,7.65,7.7,0
1605262800,7.7,7.74,7.7,7.7,0
1605263100,7.69,7.69,7.66,7.66,0
1605263400,7.66,7.69,7.58,7.68,0
1605263700,7.62,7.62,7.6,7.61,0
1605264000,7.62,7.79,7.62,7.7,0
1605264300,7.72,7.72,7.65,7.65,0
1605264600,7.65,7.69,7.65,7.69,0
1605264900,7.68,7.7,7.65,7.7,0
1605265200,7.7,7.71,7.69,7.69,0
1605265500,7.7,7.7,7.7,7.7,0
1605265800,7.69,7.69,7.65,7.69,0
1605266100,7.67,7.7,7.65,7.65,0
1605266400,7.68,7.74,7.68,7.68,0
1605266700,7.69,7.78,7.67,7.78,0
1605267000,7.78,7.82,7.76,7.77,0
1605267300,7.77,7.77,7.68,7.75,0
1605267600,7.75,7.75,7.7,7.7,0
1605267900,7.7,7.75,7.69,7.75,0
1605268200,7.75,7.77,7.66,7.67,0
1605268500,7.67,7.67,7.66,7.67,0
1605268800,7.69,7.69,7.69,7.69,0
1605269100,7.69,7.74,7.69,7.7,0
1605269400,7.7,7.73,7.7,7.71,0
1605269700,7.72,7.74,7.34,7.35,0
1605270000,7.35,7.38,7.26,7.28,0
1605270300,7.28,7.35,7.28,7.33,0
1605270600,7.33,7.33,7.21,7.22,0
1605270900,7.21,7.27,7.15,7.21,0
1605271200,7.23,7.35,7.23,7.33,0
1605271500,7.33,7.33,7.27,7.27,0
1605271800,7.27,7.29,7.22,7.29,0
1605272100,7.29,7.33,7.29,7.33,0
1605272400,7.32,7.34,7.27,7.28,0
1605272700,7.29,7.32,7.29,7.32,0
1605273000,7.32,7.33,7.31,7.32,0
1605273300,7.31,7.59,7.1401,7.3,0
1605273600,7.3,7.34,7.28,7.34,0
1605273900,7.32,7.35,7.32,7.32,0
1605274200,7.32,7.39,7.3,7.39,0
1605274500,7.39,7.39,7.36,7.36,0
1605274800,7.36,7.38,7.3499,7.35,0
1605275100,7.35,7.36,7.29,7.31,0
1605275400,7.31,7.34,7.29,7.34,0
1605275700,7.33,7.35,7.31,7.3201,0
1605276000,7.33,7.34,7.31,7.33,0
1605276300,7.32,7.33,7.31,7.33,0
1605276600,7.31,7.32,7.27,7.27,0
1605276900,7.27,7.27,7.2,7.25,0
1605277200,7.2798,7.2798,7.19,7.19,0
1605277500,7.18,7.28,7.18,7.25,0
1605277800,7.349999904632568,7.369999885559082,7.210000038146973,7.221099853515625,3922632
1605278100,7.224999904632568,7.230000019073486,7.050000190734863,7.10890007019043,1537075
1605278400,7.105000019073486,7.25,7.099999904632568,7.170000076293945,1160218
1605278700,7.1793999671936035,7.320000171661377,7.170000076293945,7.28000020980835,1010895
1605279000,7.28000020980835,7.288899898529053,7.139999866485596,7.155399799346924,877851
1605279300,7.159999847412109,7.170000076293945,7.090000152587891,7.090700149536133,771213
1605279600,7.09499979019165,7.130000114440918,7.019999980926514,7.118899822235107,961255
1605279900,7.114999771118164,7.139999866485596,7.059999942779541,7.099699974060059,495643
1605280200,7.090000152587891,7.110000133514404,7.039999961853027,7.070000171661377,397166
1605280500,7.065000057220459,7.119999885559082,7.059999942779541,7.119900226593018,366177
1605280800,7.1118998527526855,7.239999771118164,7.1118998527526855,7.201099872589111,892076
1605281100,7.210000038146973,7.210000038146973,7.139999866485596,7.166399955749512,418288
1605281400,7.164999961853027,7.170000076293945,7.130000114440918,7.130000114440918,253214
1605281700,7.135000228881836,7.150000095367432,7.079999923706055,7.110000133514404,418680
1605282000,7.105000019073486,7.170000076293945,7.099999904632568,7.114999771118164,470810
1605282300,7.117400169372559,7.130000114440918,7.099999904632568,7.119999885559082,187624
1605282600,7.114999771118164,7.125,7.090000152587891,7.104899883270264,257488
1605282900,7.099999904632568,7.107999801635742,7.050000190734863,7.056300163269043,355660
1605283200,7.054999828338623,7.079999923706055,7.019999980926514,7.070000171661377,413980
1605283500,7.074999809265137,7.099999904632568,7.070000171661377,7.09499979019165,232320
1605283800,7.09499979019165,7.099899768829346,7.050000190734863,7.068600177764893,228804
1605284100,7.059999942779541,7.130000114440918,7.059999942779541,7.124800205230713,330239
1605284400,7.119999885559082,7.139999866485596,7.105000019073486,7.135000228881836,288776
1605284700,7.130000114440918,7.139999866485596,7.079999923706055,7.090099811553955,203899
1605285000,7.091100215911865,7.099999904632568,7.079999923706055,7.085000038146973,150226
1605285300,7.079999923706055,7.099999904632568,7.050000190734863,7.096700191497803,121418
1605285600,7.0945000648498535,7.130000114440918,7.090000152587891,7.125,196733
1605285900,7.125,7.130000114440918,7.099999904632568,7.130000114440918,234783
1605286200,7.125,7.25,7.125,7.244999885559082,921775
1605286500,7.25,7.25,7.170000076293945,7.170000076293945,545000
1605286800,7.175000190734863,7.25,7.170000076293945,7.235000133514404,410035
1605287100,7.231100082397461,7.329999923706055,7.230000019073486,7.315000057220459,930812
1605287400,7.313300132751465,7.489999771118164,7.300000190734863,7.434999942779541,2145548
1605287700,7.436999797821045,7.5,7.340000152587891,7.355000019073486,1791881
1605288000,7.3592000007629395,7.359899997711182,7.260000228881836,7.295000076293945,1033226
1605288300,7.295000076293945,7.349999904632568,7.289999961853027,7.3403000831604,837269
1605288600,7.348599910736084,7.389999866485596,7.309999942779541,7.335000038146973,672857
1605288900,7.329999923706055,7.35890007019043,7.289999961853027,7.291999816894531,376836
1605289200,7.291100025177002,7.320000171661377,7.269999980926514,7.28000020980835,346524
1605289500,7.289999961853027,7.369999885559082,7.269999980926514,7.364999771118164,388038
1605289800,7.368199825286865,7.380000114440918,7.315000057220459,7.360000133514404,348523
1605290100,7.351600170135498,7.355000019073486,7.300000190734863,7.3078999519348145,277887
1605290400,7.300000190734863,7.380000114440918,7.28000020980835,7.369999885559082,346671
1605290700,7.378900051116943,7.400000095367432,7.320000171661377,7.337299823760986,409552
1605291000,7.334400177001953,7.335000038146973,7.230000019073486,7.260000228881836,451051
1605291300,7.260000228881836,7.300000190734863,7.170000076293945,7.21120023727417,458115
1605291600,7.21999979019165,7.260000228881836,7.190000057220459,7.244999885559082,283046
1605291900,7.2444000244140625,7.25,7.230000019073486,7.240099906921387,221469
1605292200,7.236800193786621,7.260000228881836,7.199999809265137,7.210000038146973,318097
1605292500,7.217800140380859,7.21999979019165,7.179999828338623,7.20989990234375,165352
1605292800,7.204999923706055,7.230000019073486,7.190000057220459,7.199999809265137,156903
1605293100,7.199999809265137,7.199999809265137,7.099999904632568,7.128900051116943,361214
1605293400,7.129199981689453,7.175000190734863,7.110000133514404,7.14109992980957,291220
1605293700,7.144999980926514,7.159999847412109,7.1315999031066895,7.139999866485596,133350
1605294000,7.14109992980957,7.150000095367432,7.099999904632568,7.099999904632568,256681
1605294300,7.105000019073486,7.139900207519531,7.099999904632568,7.105000019073486,221942
1605294600,7.10890007019043,7.190000057220459,7.090000152587891,7.184999942779541,669321
1605294900,7.190000057220459,7.210000038146973,7.159999847412109,7.179999828338623,327214
1605295200,7.179999828338623,7.190000057220459,7.170000076293945,7.170000076293945,83021
1605295500,7.175000190734863,7.179999828338623,7.170000076293945,7.175000190734863,90301
1605295800,7.175000190734863,7.179999828338623,7.130000114440918,7.140100002288818,258395
1605296100,7.140900135040283,7.150000095367432,7.110000133514404,7.111400127410889,189987
1605296400,7.114999771118164,7.150000095367432,7.099999904632568,7.110099792480469,244331
1605296700,7.117300033569336,7.119999885559082,7.079999923706055,7.09689998626709,271245
1605297000,7.09499979019165,7.139999866485596,7.079999923706055,7.119900226593018,263033
1605297300,7.110000133514404,7.125,7.070000171661377,7.074999809265137,220621
1605297600,7.074999809265137,7.079999923706055,7.050000190734863,7.07889986038208,240112
1605297900,7.07889986038208,7.079999923706055,7.050000190734863,7.065000057220459,231962
1605298200,7.065000057220459,7.09499979019165,7.050000190734863,7.081299781799316,310148
1605298500,7.088900089263916,7.099999904632568,7.019999980926514,7.07889986038208,626475
1605298800,7.071100234985352,7.090000152587891,7.050000190734863,7.059999942779541,248543
1605299100,7.059999942779541,7.070000171661377,7.050000190734863,7.054999828338623,182705
1605299400,7.05079984664917,7.099999904632568,7.050000190734863,7.079999923706055,369767
1605299700,7.080100059509277,7.090000152587891,7.070000171661377,7.088900089263916,277679
1605300000,7.079999923706055,7.119999885559082,7.079999923706055,7.085000038146973,371387
1605300300,7.085000038146973,7.099999904632568,7.070000171661377,7.070000171661377,381930
1605300600,7.070000171661377,7.079999923706055,7.03000020980835,7.034999847412109,602511
1605300900,7.031099796295166,7.099999904632568,7.03000020980835,7.079999923706055,990620
1605301200,7.08,7.08,7.08,7.08,335143
1605302100,7.1,7.1,7.06,7.07,0
1605302400,7.07,7.08,7.05,7.08,0
1605302700,7.0798,7.08,7.06,7.08,0
1605303000,7.09,7.09,7.08,7.08,0
1605303300,7.08,7.09,7.07,7.08,0
1605303600,7.07,7.08,7.05,7.06,0
1605303900,7.08,7.08,7.07,7.08,0
1605304200,7.08,7.08,7.06,7.06,0
1605304500,7.08,7.1,7.06,7.1,0
1605304800,7.1,7.1,7.08,7.09,0
1605305100,7.1,7.12,7.1,7.11,0
1605305400,7.11,7.12,7.11,7.12,0
1605305700,7.12,7.12,7.1,7.11,0
1605306000,7.11,7.12,7.1,7.1,0
1605306300,7.1,7.1,7.0999,7.1,0
1605306600,7.12,7.12,7.1,7.1,0
1605306900,7.1,7.11,7.09,7.11,0
1605307200,7.1,7.11,7.1,7.11,0
1605307500,7.11,7.11,7.09,7.09,0
1605307800,7.08,7.09,7.08,7.08,0
1605308100,7.09,7.1,7.08,7.09,0
1605308400,7.08,7.1,7.08,7.1,0
1605308700,7.09,7.1,7.08,7.09,0
1605309000,7.11,7.11,7.1,7.11,0
1605309300,7.11,7.11,7.11,7.11,0
1605309600,7.11,7.12,7.11,7.12,0
1605309900,7.12,7.12,7.11,7.12,0
1605310200,7.12,7.12,7.11,7.12,0
1605310500,7.12,7.12,7.11,7.11,0
1605310800,7.11,7.12,7.1,7.11,0
1605311100,7.11,7.12,7.11,7.12,0
1605311400,7.1,7.1,7.1,7.1,0
1605311700,7.11,7.12,7.1,7.1,0
1605312000,7.12,7.12,7.11,7.12,0
1605312300,7.12,7.12,7.11,7.11,0
1605312600,7.1,7.11,7.1,7.1,0
1605312900,7.11,7.11,7.11,7.11,0
1605313200,7.11,7.11,7.1,7.11,0
1605313500,7.1,7.11,7.1,7.1,0
1605313800,7.11,7.11,7.1,7.11,0
1605314100,7.1,7.14,7.1,7.14,0
1605314400,7.15,7.15,7.11,7.13,0
1605314700,7.13,7.15,7.13,7.14,0
1605315000,7.14,7.17,7.13,7.17,0
1605315300,7.17,7.23,7.16,7.23,0
