Date,Open,High,Low,Close,Volume
1605258900,2.94,2.94,2.94,2.94,0
1605259200,2.91,2.94,2.91,2.94,0
1605259500,2.94,2.94,2.94,2.94,0
1605260100,2.94,2.94,2.9,2.9,0
1605260400,2.89,2.89,2.88,2.88,0
1605260700,2.86,2.89,2.86,2.89,0
1605261000,2.89,2.89,2.87,2.87,0
1605261300,2.87,2.87,2.87,2.87,0
1605261600,2.9,2.9,2.9,2.9,0
1605262500,2.91,2.91,2.91,2.91,0
1605262800,2.91,2.91,2.91,2.91,0
1605263100,2.95,2.95,2.95,2.95,0
1605263700,2.95,2.95,2.95,2.95,0
1605264600,2.93,2.93,2.93,2.93,0
1605266100,2.91,2.91,2.9,2.9,0
1605266400,2.9,2.9,2.9,2.9,0
1605267000,2.91,2.91,2.91,2.91,0
1605267900,2.91,2.91,2.91,2.91,0
1605268200,2.92,2.92,2.92,2.92,0
1605268800,2.93,2.95,2.93,2.95,0
1605269100,2.97,2.98,2.97,2.98,0
1605269400,2.98,2.98,2.98,2.98,0
1605269700,2.98,2.99,2.96,2.99,0
1605270000,2.98,2.98,2.96,2.96,0
1605270900,2.98,2.98,2.97,2.97,0
1605271200,2.97,2.97,2.97,2.97,0
1605271500,2.96,2.96,2.95,2.96,0
1605271800,2.96,2.96,2.94,2.94,0
1605272100,2.93,2.93,2.92,2.92,0
1605272400,2.93,2.93,2.93,2.93,0
1605273000,2.93,2.93,2.92,2.92,0
1605273300,2.9799,2.99,2.92,2.92,0
1605273600,2.93,2.94,2.93,2.94,0
1605273900,2.9399,2.94,2.93,2.94,0
1605274200,2.95,2.96,2.9498,2.95,0
1605274500,2.95,2.95,2.93,2.95,0
1605274800,2.95,2.95,2.93,2.94,0
1605275100,2.95,2.96,2.9499,2.9598,0
1605275400,2.95,2.96,2.95,2.96,0
1605275700,2.95,2.95,2.94,2.94,0
1605276000,2.96,2.96,2.94,2.96,0
1605276300,2.9699,2.97,2.9699,2.9699,0
1605276600,2.97,2.98,2.96,2.97,0
1605276900,2.97,2.98,2.97,2.9799,0
1605277200,2.98,2.98,2.96,2.97,0
1605277500,2.96,2.98,2.96,2.98,0
1605277800,2.9800000190734863,2.990000009536743,2.940000057220459,2.944999933242798,916674
1605278100,2.944999933242798,2.944999933242798,2.8812999725341797,2.890000104904175,667836
1605278400,2.899899959564209,2.9000000953674316,2.869999885559082,2.880000114440918,547427
1605278700,2.880000114440918,2.9200000762939453,2.8701999187469482,2.9149999618530273,492878
1605279000,2.9198999404907227,2.9200000762939453,2.869999885559082,2.8701999187469482,418172
1605279300,2.880000114440918,2.9000000953674316,2.869999885559082,2.8968000411987305,253158
1605279600,2.8949999809265137,2.9000000953674316,2.890000104904175,2.8949999809265137,171409
1605279900,2.8998000621795654,2.9000000953674316,2.8499999046325684,2.871999979019165,627876
1605280200,2.875,2.8798999786376953,2.819999933242798,2.8489999771118164,414183
1605280500,2.8408000469207764,2.859999895095825,2.819999933242798,2.8350000381469727,555291
1605280800,2.8394999504089355,2.8399999141693115,2.7799999713897705,2.799799919128418,859126
1605281100,2.7899999618530273,2.8499999046325684,2.7799999713897705,2.8350000381469727,749358
1605281400,2.839900016784668,2.8399999141693115,2.819999933242798,2.8299999237060547,186411
1605281700,2.825000047683716,2.8299999237060547,2.799999952316284,2.799999952316284,187003
1605282000,2.8087000846862793,2.809999942779541,2.7899999618530273,2.7980000972747803,339661
1605282300,2.7899999618530273,2.8499999046325684,2.7899999618530273,2.840399980545044,361997
1605282600,2.8450000286102295,2.8499999046325684,2.8299999237060547,2.8350000381469727,172596
1605282900,2.8350000381469727,2.8399999141693115,2.819999933242798,2.819999933242798,126194
1605283200,2.8299999237060547,2.8399999141693115,2.819999933242798,2.8301000595092773,233664
1605283500,2.838200092315674,2.8399999141693115,2.819999933242798,2.8350000381469727,207631
1605283800,2.8399999141693115,2.859999895095825,2.8299999237060547,2.8499999046325684,458842
1605284100,2.8499999046325684,2.890000104904175,2.8499999046325684,2.88919997215271,318601
1605284400,2.8801000118255615,2.9000000953674316,2.875,2.875,210764
1605284700,2.876699924468994,2.8949999809265137,2.859999895095825,2.878999948501587,307000
1605285000,2.875,2.9000000953674316,2.869999885559082,2.880000114440918,356184
1605285300,2.884999990463257,2.9000000953674316,2.880000114440918,2.8987998962402344,158532
1605285600,2.8949999809265137,2.9000000953674316,2.890000104904175,2.9000000953674316,164082
1605285900,2.8949999809265137,2.9000000953674316,2.875,2.884999990463257,177011
1605286200,2.880000114440918,2.890000104904175,2.869999885559082,2.880199909210205,108864
1605286500,2.884999990463257,2.890000104904175,2.869999885559082,2.875,133864
1605286800,2.875,2.9100000858306885,2.869999885559082,2.908799886703491,498493
1605287100,2.9049999713897705,2.940000057220459,2.90120005607605,2.934999942779541,306123
1605287400,2.934999942779541,2.940000057220459,2.930000066757202,2.940000057220459,125453
1605287700,2.934999942779541,2.940000057220459,2.930000066757202,2.9314000606536865,178433
1605288000,2.9381000995635986,2.940000057220459,2.930000066757202,2.931999921798706,122333
1605288300,2.934999942779541,2.940000057220459,2.930000066757202,2.9395999908447266,73844
1605288600,2.940000057220459,2.950000047683716,2.9149999618530273,2.9149999618530273,324718
1605288900,2.9200000762939453,2.940000057220459,2.9200000762939453,2.9367001056671143,172376
1605289200,2.9314000606536865,2.940000057220459,2.9200000762939453,2.934999942779541,96768
1605289500,2.931299924850464,2.940000057220459,2.9200000762939453,2.9270999431610107,129323
1605289800,2.924299955368042,2.930000066757202,2.9100000858306885,2.910399913787842,144517
1605290100,2.918600082397461,2.930000066757202,2.9100000858306885,2.9286999702453613,63512
1605290400,2.930000066757202,2.930000066757202,2.9200000762939453,2.924999952316284,47230
1605290700,2.930000066757202,2.930000066757202,2.9240000247955322,2.9291999340057373,32921
1605291000,2.9298999309539795,2.930000066757202,2.9200000762939453,2.924999952316284,54431
1605291300,2.927000045776367,2.927000045776367,2.9000000953674316,2.9000000953674316,110299
1605291600,2.9000000953674316,2.9100000858306885,2.880000114440918,2.9049999713897705,361781
1605291900,2.9049999713897705,2.9100000858306885,2.9000000953674316,2.9012999534606934,96374
1605292200,2.901400089263916,2.9100000858306885,2.875,2.8949999809265137,664186
1605292500,2.8975000381469727,2.9000000953674316,2.890000104904175,2.893399953842163,54455
1605292800,2.8949999809265137,2.9000000953674316,2.890000104904175,2.890000104904175,47742
1605293100,2.8919999599456787,2.9000000953674316,2.884999990463257,2.8949999809265137,121268
1605293400,2.8963000774383545,2.9100000858306885,2.890000104904175,2.9049999713897705,165381
1605293700,2.9094998836517334,2.9200000762939453,2.9000000953674316,2.9049999713897705,61026
1605294000,2.9049999713897705,2.9200000762939453,2.9000000953674316,2.908600091934204,65850
1605294300,2.9049999713897705,2.9200000762939453,2.9017999172210693,2.9200000762939453,50014
1605294600,2.9149999618530273,2.930000066757202,2.9100000858306885,2.921799898147583,201267
1605294900,2.924999952316284,2.930000066757202,2.9200000762939453,2.930000066757202,39484
1605295200,2.924999952316284,2.930000066757202,2.9200000762939453,2.9200000762939453,66397
1605295500,2.924999952316284,2.930000066757202,2.9200000762939453,2.930000066757202,60492
1605295800,2.924999952316284,2.930000066757202,2.9200000762939453,2.926800012588501,49906
1605296100,2.928499937057495,2.930000066757202,2.9200000762939453,2.924999952316284,64631
1605296400,2.9203999042510986,2.930000066757202,2.9200000762939453,2.928800106048584,76422
1605296700,2.930000066757202,2.940000057220459,2.9221999645233154,2.9321000576019287,70225
1605297000,2.930000066757202,2.940000057220459,2.930000066757202,2.9340999126434326,168644
1605297300,2.940000057220459,2.9800000190734863,2.930000066757202,2.9549999237060547,715741
1605297600,2.9549999237060547,2.9600000381469727,2.940000057220459,2.949899911880493,234937
1605297900,2.950000047683716,2.950000047683716,2.940000057220459,2.950000047683716,124178
1605298200,2.9472999572753906,2.9649999141693115,2.940000057220459,2.9649999141693115,185272
1605298500,2.9691998958587646,2.990000009536743,2.9600000381469727,2.990000009536743,474657
1605298800,2.9899001121520996,2.990000009536743,2.9749999046325684,2.984999895095825,230181
1605299100,2.984999895095825,2.990000009536743,2.9700000286102295,2.9700000286102295,278024
1605299400,2.9800000190734863,2.984999895095825,2.9700000286102295,2.9749999046325684,325152
1605299700,2.971400022506714,2.9800000190734863,2.9700000286102295,2.9749999046325684,250162
1605300000,2.976599931716919,2.9800000190734863,2.950000047683716,2.9653000831604004,529438
1605300300,2.967600107192993,2.9800000190734863,2.9600000381469727,2.9649999141693115,329877
1605300600,2.9649999141693115,2.990000009536743,2.9600000381469727,2.9749999046325684,346638
1605300900,2.9749999046325684,2.9800000190734863,2.9600000381469727,2.9700000286102295,538472
1605301200,2.97,2.97,2.97,2.97,75015
1605302100,2.97,3,2.97,3,0
1605302400,3,3,2.98,2.99,0
1605302700,2.99,3,2.99,3,0
1605303000,2.9902,3.01,2.99,3.01,0
1605303300,3.01,3.04,3.01,3.04,0
1605303600,3.04,3.0598,3.03,3.05,0
1605303900,3.05,3.08,3.05,3.05,0
1605304200,3.05,3.07,3.05,3.07,0
1605304500,3.07,3.09,3.0601,3.09,0
1605304800,3.09,3.36,3.09,3.21,0
1605305100,3.24,3.26,3.09,3.17,0
1605305400,3.1698,3.23,3.1602,3.21,0
1605305700,3.23,3.23,3.13,3.15,0
1605306000,3.14,3.19,3.14,3.17,0
1605306300,3.16,3.18,3.15,3.17,0
1605306600,3.17,3.2,3.16,3.1898,0
1605306900,3.18,3.19,3.12,3.1202,0
1605307200,3.1202,3.15,3.1202,3.15,0
1605307500,3.16,3.18,3.13,3.15,0
1605307800,3.14,3.15,3.11,3.11,0
1605308100,3.12,3.12,3.1,3.12,0
1605308400,3.13,3.13,3.09,3.09,0
1605308700,3.08,3.08,3.05,3.06,0
1605309000,3.08,3.09,3.05,3.08,0
1605309300,3.09,3.09,3.08,3.09,0
1605309600,3.09,3.09,3.06,3.06,0
1605309900,3.06,3.08,3.06,3.07,0
1605310200,3.08,3.09,3.08,3.09,0
1605310500,3.09,3.1,3.08,3.1,0
1605310800,3.09,3.12,3.09,3.12,0
1605311100,3.12,3.13,3.1,3.1199,0
1605311400,3.11,3.13,3.11,3.11,0
1605311700,3.11,3.12,3.11,3.11,0
1605312000,3.11,3.14,3.11,3.12,0
1605312300,3.13,3.16,3.13,3.14,0
1605312600,3.13,3.15,3.13,3.13,0
1605312900,3.12,3.14,3.12,3.14,0
1605313200,3.14,3.14,3.12,3.12,0
1605313500,3.12,3.14,3.12,3.13,0
1605313800,3.13,3.13,3.1,3.12,0
1605314100,3.12,3.13,3.11,3.13,0
1605314400,3.13,3.17,3.12,3.15,0
1605314700,3.15,3.18,3.15,3.17,0
1605315000,3.18,3.18,3.15,3.15,0
1605315300,3.16,3.18,3.15,3.18,0
