Date,Open,High,Low,Close,Volume
1605258900,82.4,82.4,82.4,82.4,0
1605259200,82.4,82.4,82.4,82.4,0
1605259500,82.11,82.2,82.1,82.15,0
1605259800,82.2,82.25,82.2,82.25,0
1605260100,82.36,82.4,82.35,82.4,0
1605260400,82.4,82.4,82.4,82.4,0
1605261300,82.49,82.49,82.49,82.49,0
1605261600,82.63,82.63,82.63,82.63,0
1605261900,82.77,82.78,82.77,82.78,0
1605262200,82.78,82.78,82.78,82.78,0
1605262800,83,83,83,83,0
1605263100,82.8,82.8,82.8,82.8,0
1605263400,82.8,82.85,82.8,82.85,0
1605263700,82.81,82.81,82.72,82.72,0
1605264000,82.61,82.61,82.61,82.61,0
1605264300,82.6,82.6,82.6,82.6,0
1605265200,82.59,82.8,82.59,82.8,0
1605265500,82.84,82.88,82.84,82.88,0
1605266100,82.71,82.71,82.67,82.67,0
1605266400,82.84,82.84,82.84,82.84,0
1605268800,82.67,82.67,82.67,82.67,0
1605269400,82.57,82.57,82.56,82.56,0
1605269700,82.6,82.65,82.44,82.5,0
1605270000,82.49,82.49,82.49,82.49,0
1605270600,82.48,82.6,82.48,82.6,0
1605270900,82.6,82.61,82.59,82.61,0
1605271200,82.61,82.61,82.61,82.61,0
1605271500,82.61,82.61,82.55,82.55,0
1605271800,82.56,82.62,82.56,82.62,0
1605272100,82.64,82.66,82.62,82.66,0
1605272400,82.55,82.55,82.55,82.55,0
1605272700,82.5,82.5,82.5,82.5,0
1605273000,82.5,82.5,82.49,82.49,0
1605273300,82.63,82.6897,82.2909,82.5,0
1605273600,82.5662,82.6,82.54,82.6,0
1605273900,82.6,82.6,82.54,82.5885,0
1605274200,82.6,82.6779,82.55,82.6779,0
1605274500,82.6001,82.69,82.6,82.69,0
1605274800,82.69,82.83,82.69,82.82,0
1605275100,82.82,82.8436,82.7298,82.7999,0
1605275400,82.77,82.8,82.71,82.78,0
1605275700,82.77,82.77,82.71,82.71,0
1605276000,82.69,82.69,82.4999,82.55,0
1605276300,82.5499,82.5999,82.42,82.4493,0
1605276600,82.4499,82.5,82.28,82.45,0
1605276900,82.4,82.55,82.4,82.4725,0
1605277200,82.47,82.47,82.4,82.4,0
1605277500,82.45,82.45,82.4,82.45,0
1605277800,82.44999694824219,82.47000122070312,81.80999755859375,82.0999984741211,1873390
1605278100,82.08999633789062,82.44999694824219,81.76000213623047,82.2249984741211,1094585
1605278400,82.2300033569336,82.58930206298828,82,82.50350189208984,929917
1605278700,82.51000213623047,82.56999969482422,82.05999755859375,82.17400360107422,718097
1605279000,82.18000030517578,82.80000305175781,82.0199966430664,82.72000122070312,1273589
1605279300,82.72920227050781,83.11000061035156,82.63999938964844,82.81999969482422,1007222
1605279600,82.81999969482422,82.9800033569336,82.58000183105469,82.76000213623047,839382
1605279900,82.76000213623047,82.97000122070312,82.51000213623047,82.54000091552734,554601
1605280200,82.54499816894531,82.62000274658203,82.12000274658203,82.24169921875,587132
1605280500,82.24590301513672,82.43000030517578,82.06999969482422,82.30999755859375,480355
1605280800,82.31690216064453,82.45800018310547,82.16999816894531,82.20500183105469,416900
1605281100,82.19999694824219,82.47000122070312,82.12000274658203,82.38999938964844,366705
1605281400,82.38999938964844,82.4197006225586,81.95999908447266,81.95999908447266,436334
1605281700,81.95999908447266,82.05000305175781,81.76000213623047,81.80999755859375,589316
1605282000,81.79499816894531,82,81.69159698486328,81.98500061035156,428538
1605282300,81.98580169677734,82.05999755859375,81.80500030517578,81.87999725341797,348463
1605282600,81.87999725341797,81.98999786376953,81.38999938964844,81.5199966430664,598637
1605282900,81.5199966430664,81.54000091552734,80.87000274658203,81.05000305175781,656715
1605283200,81.05989837646484,81.28500366210938,81,81.26000213623047,434148
1605283500,81.27999877929688,81.43000030517578,81.02999877929688,81.04640197753906,463420
1605283800,81.04000091552734,81.15499877929688,80.93000030517578,81.125,405675
1605284100,81.12899780273438,81.47579956054688,81.125,81.37000274658203,321123
1605284400,81.37999725341797,81.52999877929688,81.31500244140625,81.51499938964844,259595
1605284700,81.51499938964844,81.54000091552734,81.16000366210938,81.25,324607
1605285000,81.23600006103516,81.30999755859375,81.11000061035156,81.1500015258789,215170
1605285300,81.15499877929688,81.32990264892578,81.12000274658203,81.23999786376953,215530
1605285600,81.23999786376953,81.52999877929688,81.19999694824219,81.49500274658203,332099
1605285900,81.49500274658203,81.64830017089844,81.38999938964844,81.63999938964844,333762
1605286200,81.6449966430664,81.67990112304688,81.4800033569336,81.48999786376953,305408
1605286500,81.5,81.62000274658203,81.47000122070312,81.52999877929688,278291
1605286800,81.52999877929688,81.58000183105469,81.37999725341797,81.56999969482422,234015
1605287100,81.57499694824219,81.5999984741211,81.41000366210938,81.45999908447266,170291
1605287400,81.45999908447266,81.66000366210938,81.44999694824219,81.5,213254
1605287700,81.51000213623047,81.51599884033203,81.37999725341797,81.41000366210938,156026
1605288000,81.41000366210938,81.44190216064453,81.31999969482422,81.4000015258789,242491
1605288300,81.4000015258789,81.47989654541016,81.32499694824219,81.33999633789062,171388
1605288600,81.36000061035156,81.41000366210938,81.30000305175781,81.3595962524414,187814
1605288900,81.3499984741211,81.38999938964844,81.2300033569336,81.24369812011719,158467
1605289200,81.2301025390625,81.37999725341797,81.2249984741211,81.30500030517578,183521
1605289500,81.30500030517578,81.3499984741211,81.19499969482422,81.2300033569336,187686
1605289800,81.22000122070312,81.25,81.12999725341797,81.16670227050781,156409
1605290100,81.17960357666016,81.30999755859375,81.1449966430664,81.29499816894531,204104
1605290400,81.30999755859375,81.37000274658203,81.2699966430664,81.35130310058594,199782
1605290700,81.3550033569336,81.38999938964844,81.26000213623047,81.3301010131836,139447
1605291000,81.33989715576172,81.43000030517578,81.23999786376953,81.3416976928711,202372
1605291300,81.34500122070312,81.3499984741211,81.20999908447266,81.24500274658203,158256
1605291600,81.23999786376953,81.2500991821289,81.12999725341797,81.19000244140625,199615
1605291900,81.19499969482422,81.27999877929688,81.0999984741211,81.125,155875
1605292200,81.12999725341797,81.20999908447266,81.1050033569336,81.1613998413086,190478
1605292500,81.15910339355469,81.16230010986328,81.05000305175781,81.05999755859375,253682
1605292800,81.05000305175781,81.08000183105469,80.94999694824219,80.9800033569336,239341
1605293100,80.9800033569336,81.0509033203125,80.88500213623047,80.91429901123047,192416
1605293400,80.91999816894531,80.94999694824219,80.72000122070312,80.77999877929688,373135
1605293700,80.78589630126953,80.94999694824219,80.75499725341797,80.8499984741211,256936
1605294000,80.8499984741211,81.0199966430664,80.81999969482422,80.92500305175781,255740
1605294300,80.92990112304688,81.0199966430664,80.86000061035156,80.91000366210938,173388
1605294600,80.90499877929688,80.90989685058594,80.73999786376953,80.80999755859375,224294
1605294900,80.80999755859375,80.94999694824219,80.69999694824219,80.94499969482422,206708
1605295200,80.94499969482422,81.1500015258789,80.94499969482422,81.05000305175781,333355
1605295500,81.04840087890625,81.05000305175781,80.87000274658203,80.875,256326
1605295800,80.88999938964844,80.89990234375,80.7699966430664,80.7750015258789,184036
1605296100,80.7699966430664,80.97000122070312,80.7699966430664,80.94999694824219,350395
1605296400,80.94000244140625,81.0199966430664,80.93000030517578,80.9999008178711,198547
1605296700,81,81.08499908447266,80.94000244140625,81.01139831542969,180173
1605297000,81.0199966430664,81.125,80.95999908447266,81.06500244140625,195505
1605297300,81.06999969482422,81.3499984741211,81.06999969482422,81.31500244140625,351532
1605297600,81.30999755859375,81.33000183105469,81.16999816894531,81.21589660644531,300768
1605297900,81.22000122070312,81.2699966430664,81.19000244140625,81.20999908447266,184072
1605298200,81.20999908447266,81.43499755859375,81.19000244140625,81.41999816894531,356507
1605298500,81.41999816894531,81.43000030517578,81.20999908447266,81.29499816894531,283912
1605298800,81.29010009765625,81.29570007324219,81.18000030517578,81.19499969482422,233376
1605299100,81.19999694824219,81.26000213623047,81.1500015258789,81.18000030517578,221069
1605299400,81.18000030517578,81.31900024414062,81.11000061035156,81.1500015258789,453675
1605299700,81.1500015258789,81.25990295410156,81.0999984741211,81.19989776611328,344281
1605300000,81.19499969482422,81.32499694824219,81.15499877929688,81.30999755859375,368100
1605300300,81.30500030517578,81.4000015258789,81.16999816894531,81.20259857177734,451752
1605300600,81.19999694824219,81.43000030517578,81.16999816894531,81.41999816894531,612254
1605300900,81.41999816894531,81.5199966430664,81.36000061035156,81.43000030517578,905394
1605301200,81.43,81.43,81.43,81.43,770070
1605302100,81.43,81.43,81.4,81.43,0
1605302400,81.4,81.42,81.38,81.42,0
1605302700,81.42,81.6801,81.42,81.43,0
1605303000,81.35,81.43,81.35,81.43,0
1605303300,81.4,81.43,81.4,81.43,0
1605303600,81.4,81.4,81.32,81.32,0
1605303900,81.32,81.3994,81.32,81.38,0
1605304200,81.33,81.4,81.33,81.4,0
1605304500,81.37,81.37,81.33,81.33,0
1605304800,81.34,81.35,81.33,81.35,0
1605305100,81.33,81.33,81.28,81.28,0
1605305400,81.3,81.3,81.3,81.3,0
1605305700,81.3398,81.3398,81.29,81.29,0
1605306000,81.31,81.31,81.29,81.29,0
1605306300,81.34,81.34,81.29,81.29,0
1605306600,81.27,81.27,81.27,81.27,0
1605306900,81.3,81.4,81.3,81.39,0
1605307200,81.29,81.29,81.28,81.28,0
1605307500,81.28,81.28,81.28,81.28,0
1605308100,81.34,81.34,81.34,81.34,0
1605308400,81.37,81.38,81.37,81.38,0
1605308700,81.38,81.39,81.38,81.39,0
1605309300,81.39,81.4,81.38,81.4,0
1605309900,81.38,81.39,81.37,81.37,0
1605310200,81.39,81.39,81.39,81.39,0
1605310500,81.4,81.4,81.4,81.4,0
1605310800,81.39,81.4,81.36,81.39,0
1605311100,81.39,81.39,81.39,81.39,0
1605311400,81.37,81.37,81.37,81.37,0
1605311700,81.38,81.38,81.37,81.38,0
1605312000,81.38,81.38,81.38,81.38,0
1605312300,81.4,81.4,81.38,81.38,0
1605312600,81.37,81.39,81.37,81.37,0
1605312900,81.35,81.35,81.35,81.35,0
1605313200,81.35,81.37,81.35,81.37,0
1605313500,81.38,81.38,81.38,81.38,0
1605313800,81.38,81.38,81.36,81.36,0
1605314100,81.36,81.36,81.36,81.36,0
1605314400,81.37,81.37,81.37,81.37,0
1605314700,81.36,81.37,81.36,81.37,0
1605315000,81.36,81.38,81.36,81.37,0
1605315300,81.34,81.37,81.34,81.34,0
