Date,Open,High,Low,Close,Volume
1605259200,5.65,5.65,5.65,5.65,0
1605260100,5.61,5.69,5.61,5.69,0
1605260400,5.67,5.67,5.67,5.67,0
1605261600,5.69,5.69,5.69,5.69,0
1605261900,5.64,5.64,5.64,5.64,0
1605262500,5.63,5.63,5.63,5.63,0
1605262800,5.63,5.63,5.63,5.63,0
1605269700,5.62,5.62,5.61,5.61,0
1605270300,5.53,5.53,5.5,5.5,0
1605270600,5.5,5.5,5.5,5.5,0
1605270900,5.5,5.5,5.5,5.5,0
1605271200,5.49,5.49,5.49,5.49,0
1605271800,5.47,5.47,5.47,5.47,0
1605272100,5.47,5.47,5.47,5.47,0
1605273000,5.52,5.52,5.52,5.52,0
1605273300,5.4999,5.62,5.47,5.5,0
1605273900,5.5,5.5,5.49,5.49,0
1605274200,5.5,5.5,5.5,5.5,0
1605274500,5.5299,5.5299,5.5299,5.5299,0
1605275100,5.5,5.5299,5.5,5.5299,0
1605275400,5.5,5.5,5.5,5.5,0
1605276300,5.52,5.52,5.5,5.5,0
1605276600,5.51,5.52,5.51,5.52,0
1605276900,5.5,5.52,5.49,5.49,0
1605277200,5.5,5.5,5.48,5.48,0
1605277500,5.48,5.48,5.47,5.47,0
1605277800,5.525000095367432,5.550000190734863,5.449999809265137,5.538599967956543,368949
1605278100,5.539999961853027,5.559999942779541,5.490600109100342,5.559999942779541,176849
1605278400,5.559999942779541,5.610000133514404,5.539999961853027,5.595699787139893,262470
1605278700,5.599999904632568,5.650000095367432,5.590000152587891,5.650000095367432,562061
1605279000,5.64139986038208,5.650000095367432,5.610000133514404,5.618199825286865,207046
1605279300,5.614999771118164,5.614999771118164,5.550000190734863,5.550000190734863,282929
1605279600,5.550000190734863,5.610000133514404,5.550000190734863,5.610000133514404,164186
1605279900,5.600100040435791,5.630000114440918,5.590000152587891,5.615600109100342,124143
1605280200,5.618599891662598,5.618599891662598,5.559999942779541,5.585000038146973,141337
1605280500,5.588600158691406,5.610000133514404,5.579999923706055,5.599999904632568,125217
1605280800,5.60860013961792,5.639999866485596,5.599999904632568,5.620100021362305,88366
1605281100,5.621399879455566,5.630000114440918,5.590000152587891,5.590000152587891,110410
1605281400,5.599999904632568,5.619999885559082,5.590000152587891,5.614999771118164,90364
1605281700,5.614999771118164,5.619999885559082,5.599999904632568,5.599999904632568,78480
1605282000,5.599999904632568,5.630000114440918,5.590000152587891,5.625,115662
1605282300,5.619999885559082,5.619999885559082,5.599999904632568,5.605000019073486,75470
1605282600,5.607500076293945,5.619999885559082,5.590000152587891,5.61269998550415,91131
1605282900,5.610000133514404,5.614999771118164,5.560100078582764,5.571400165557861,66196
1605283200,5.574999809265137,5.599999904632568,5.570000171661377,5.591300010681152,82726
1605283500,5.594900131225586,5.619999885559082,5.579999923706055,5.619999885559082,216981
1605283800,5.616000175476074,5.619999885559082,5.599999904632568,5.614799976348877,58519
1605284100,5.611400127410889,5.639999866485596,5.610000133514404,5.639999866485596,105112
1605284400,5.644999980926514,5.679999828338623,5.639999866485596,5.650000095367432,382975
1605284700,5.639999866485596,5.644999980926514,5.612100124359131,5.625,66307
1605285000,5.619999885559082,5.630000114440918,5.610000133514404,5.618000030517578,66548
1605285300,5.618199825286865,5.6280999183654785,5.610000133514404,5.625,23526
1605285600,5.619999885559082,5.630000114440918,5.610000133514404,5.612500190734863,126901
1605285900,5.612100124359131,5.625,5.599999904632568,5.625,41021
1605286200,5.625,5.679999828338623,5.625,5.672500133514404,115782
1605286500,5.674300193786621,5.679999828338623,5.659999847412109,5.670000076293945,96181
1605286800,5.663400173187256,5.699999809265137,5.659999847412109,5.699999809265137,102118
1605287100,5.695000171661377,5.735000133514404,5.690000057220459,5.729499816894531,274322
1605287400,5.726600170135498,5.739999771118164,5.71999979019165,5.7270002365112305,127115
1605287700,5.72130012512207,5.730000019073486,5.699999809265137,5.710000038146973,85380
1605288000,5.712900161743164,5.728099822998047,5.699999809265137,5.704999923706055,78673
1605288300,5.704999923706055,5.739999771118164,5.701399803161621,5.735000133514404,81765
1605288600,5.739999771118164,5.75,5.730000019073486,5.75,103736
1605288900,5.744999885559082,5.75,5.739999771118164,5.739999771118164,47589
1605289200,5.75,5.75,5.710000038146973,5.730000019073486,110092
1605289500,5.730000019073486,5.73859977722168,5.711400032043457,5.731400012969971,58347
1605289800,5.7378997802734375,5.75,5.7316999435424805,5.741399765014648,71823
1605290100,5.744999885559082,5.75,5.730000019073486,5.744999885559082,61498
1605290400,5.747900009155273,5.75,5.739999771118164,5.744999885559082,32826
1605290700,5.75,5.78000020980835,5.744999885559082,5.76140022277832,288693
1605291000,5.764999866485596,5.769899845123291,5.75,5.751399993896484,25095
1605291300,5.751399993896484,5.760000228881836,5.71999979019165,5.735000133514404,99340
1605291600,5.731400012969971,5.75,5.730000019073486,5.746500015258789,20527
1605291900,5.739999771118164,5.75,5.739999771118164,5.741399765014648,17881
1605292200,5.744999885559082,5.760000228881836,5.739999771118164,5.752299785614014,65954
1605292500,5.756999969482422,5.760000228881836,5.75,5.755000114440918,42697
1605292800,5.7565999031066895,5.78000020980835,5.75,5.769999980926514,100376
1605293100,5.78000020980835,5.78000020980835,5.731599807739258,5.744999885559082,121192
1605293400,5.739999771118164,5.749300003051758,5.71999979019165,5.724999904632568,73296
1605293700,5.724999904632568,5.738699913024902,5.679999828338623,5.699999809265137,367193
1605294000,5.691400051116943,5.699999809265137,5.670000076293945,5.684999942779541,112940
1605294300,5.684999942779541,5.709000110626221,5.670100212097168,5.690000057220459,46740
1605294600,5.690000057220459,5.699999809265137,5.683499813079834,5.690100193023682,35398
1605294900,5.696499824523926,5.735000133514404,5.684999942779541,5.735000133514404,83120
1605295200,5.735000133514404,5.739999771118164,5.730000019073486,5.738100051879883,23349
1605295500,5.735000133514404,5.75,5.730000019073486,5.739999771118164,66619
1605295800,5.741399765014648,5.764999866485596,5.739999771118164,5.764999866485596,124569
1605296100,5.760000228881836,5.764999866485596,5.744999885559082,5.758600234985352,44941
1605296400,5.755000114440918,5.760000228881836,5.75,5.75,66300
1605296700,5.755000114440918,5.760000228881836,5.75,5.755000114440918,24403
1605297000,5.755000114440918,5.769999980926514,5.752099990844727,5.76140022277832,62702
1605297300,5.764999866485596,5.769999980926514,5.739999771118164,5.76140022277832,203113
1605297600,5.761000156402588,5.764999866485596,5.71999979019165,5.7270002365112305,100985
1605297900,5.71999979019165,5.75,5.71999979019165,5.744999885559082,32662
1605298200,5.744999885559082,5.75,5.730000019073486,5.736199855804443,37775
1605298500,5.735000133514404,5.760000228881836,5.730000019073486,5.760000228881836,56763
1605298800,5.751299858093262,5.769999980926514,5.75,5.7555999755859375,31115
1605299100,5.760000228881836,5.769999980926514,5.75,5.760499954223633,41062
1605299400,5.760000228881836,5.769999980926514,5.735000133514404,5.735000133514404,130213
1605299700,5.735000133514404,5.739999771118164,5.710000038146973,5.710000038146973,83190
1605300000,5.715000152587891,5.730000019073486,5.7027997970581055,5.7027997970581055,96897
1605300300,5.710000038146973,5.718599796295166,5.690000057220459,5.6921000480651855,122851
1605300600,5.695000171661377,5.735000133514404,5.659999847412109,5.711400032043457,538681
1605300900,5.710000038146973,5.715000152587891,5.679999828338623,5.684999942779541,433128
1605301200,5.66,5.66,5.66,5.66,1509398
1605302100,5.67,5.74,5.66,5.67,0
1605302400,5.68,5.68,5.67,5.67,0
1605302700,5.69,5.7,5.66,5.7,0
1605303000,5.72,5.72,5.72,5.72,0
1605303300,5.7101,5.7101,5.66,5.66,0
1605303600,5.67,5.6702,5.6602,5.6602,0
1605303900,5.66,5.66,5.66,5.66,0
1605304200,5.7,5.73,5.7,5.73,0
1605304500,5.66,5.7,5.66,5.7,0
1605304800,5.7,5.7002,5.7,5.7002,0
1605305100,5.7,5.72,5.7,5.7002,0
1605305700,5.7002,5.73,5.7002,5.73,0
1605306000,5.7,5.7002,5.7,5.7002,0
1605306300,5.7,5.73,5.7,5.73,0
1605306600,5.7,5.72,5.7,5.7,0
1605306900,5.7,5.7,5.7,5.7,0
1605307200,5.7,5.7,5.7,5.7,0
1605307500,5.73,5.74,5.73,5.74,0
1605308100,5.74,5.74,5.73,5.73,0
1605308400,5.73,5.73,5.73,5.73,0
1605310500,5.72,5.72,5.72,5.72,0
1605311400,5.72,5.73,5.72,5.73,0
1605311700,5.73,5.73,5.73,5.73,0
1605312300,5.73,5.73,5.73,5.73,0
1605312900,5.72,5.73,5.72,5.73,0
1605313200,5.73,5.73,5.69,5.69,0
1605314100,5.69,5.69,5.69,5.69,0
1605314400,5.73,5.73,5.73,5.73,0
1605315000,5.68,5.68,5.68,5.68,0
1605315300,5.68,5.72,5.68,5.72,0
