Date,Open,High,Low,Close,Volume
1605258900,178.73,178.73,178.38,178.38,0
1605259200,178.6,178.6,178.6,178.6,0
1605259800,178.57,178.79,178.57,178.79,0
1605260100,178.79,179,178.79,179,0
1605260400,179.1,179.1,179.08,179.08,0
1605260700,178.85,179.4,178.85,179.4,0
1605261000,179.1,179.1,179.1,179.1,0
1605261900,179.47,179.47,179.47,179.47,0
1605262200,179.97,179.97,179.97,179.97,0
1605262500,179.95,180,179.95,180,0
1605262800,180.1,184.27,180.1,181.46,0
1605263100,181.2,182.49,181,182.01,0
1605263400,182.49,182.6,182.49,182.6,0
1605264600,181.05,181.2,181.05,181.2,0
1605265800,180.95,180.95,180.95,180.95,0
1605266100,180.7,180.85,180.7,180.85,0
1605266400,180.85,180.85,180.85,180.85,0
1605266700,181,181.03,181,181.03,0
1605267000,181,181,181,181,0
1605268200,181.2,181.2,181.2,181.2,0
1605269700,180.7,181,178.83,178.84,0
1605270000,178.81,179.45,178.63,179.45,0
1605270300,179.4,179.4,178.66,178.66,0
1605270600,178.6,178.6,178.6,178.6,0
1605270900,178.88,179.1,178.88,179.1,0
1605271200,179.18,179.34,179.18,179.18,0
1605271500,179.18,179.2,179.06,179.06,0
1605271800,179.12,179.21,179.12,179.2,0
1605272100,179.21,179.22,179.21,179.22,0
1605272400,179.11,179.11,178.98,178.98,0
1605272700,178.8,178.8,178.63,178.63,0
1605273000,178.7,178.93,178.69,178.8,0
1605273300,178.87,180.7,178.55,178.9,0
1605273600,178.84,178.9,178.84,178.84,0
1605273900,178.9,178.94,178.84,178.9,0
1605274200,178.89,178.9,178.85,178.88,0
1605274500,178.9,178.9,178.84,178.85,0
1605274800,178.9,179,178.86,179,0
1605275100,179,179.14,178.85,179.14,0
1605275400,179.03,179.22,178.95,179.22,0
1605275700,179.22,179.22,179.08,179.22,0
1605276000,179.07,179.25,179.07,179.25,0
1605276300,179.22,179.4,179.22,179.25,0
1605276600,179.3,179.32,179.17,179.32,0
1605276900,179.32,179.32,179.2,179.2,0
1605277200,179.17,179.2,178.6,178.83,0
1605277500,178.85,178.85,178.64,178.8,0
1605277800,179.80999755859375,180.00999450683594,178.7100067138672,179.30999755859375,771138
1605278100,179.27999877929688,180.1757049560547,178.75,180.10499572753906,324505
1605278400,180.0500030517578,180.88999938964844,179.80999755859375,180.60000610351562,498697
1605278700,180.64999389648438,181.05999755859375,179.85000610351562,180.92010498046875,320396
1605279000,180.92999267578125,181.52000427246094,180.11000061035156,180.75,348390
1605279300,180.7899932861328,181.64999389648438,180.49000549316406,181.58999633789062,261834
1605279600,181.50999450683594,181.88999938964844,181.00999450683594,181.6999969482422,262086
1605279900,181.6999969482422,181.72059631347656,180.92999267578125,181.21009826660156,199924
1605280200,181.27999877929688,181.27999877929688,180.0500030517578,180.47340393066406,305222
1605280500,180.45350646972656,180.7299041748047,179.7301025390625,179.94200134277344,266508
1605280800,179.8972930908203,180.14230346679688,179.60000610351562,179.74000549316406,164012
1605281100,179.7550048828125,180.55999755859375,179.47999572753906,180.36000061035156,206401
1605281400,180.36000061035156,181.0048065185547,180.25999450683594,180.87339782714844,184759
1605281700,180.9499969482422,181.00999450683594,179.94679260253906,180.19869995117188,169680
1605282000,180.2050018310547,180.8000030517578,180.0800018310547,180.67320251464844,115009
1605282300,180.69000244140625,180.8000030517578,180.3699951171875,180.52000427246094,103094
1605282600,180.52000427246094,181.3699951171875,180.38999938964844,181.09129333496094,195305
1605282900,181.10980224609375,181.33999633789062,180.89999389648438,181.22650146484375,212352
1605283200,181.1999969482422,182.5800018310547,181.1623992919922,182.25,468311
1605283500,182.2899932861328,182.42999267578125,181.6999969482422,182.0529022216797,234907
1605283800,182.02999877929688,182.4499969482422,181.64999389648438,182.24000549316406,223153
1605284100,182.27000427246094,182.63999938964844,182.00999450683594,182.0500030517578,268197
1605284400,182.05499267578125,183.24000549316406,182.02529907226562,183.17999267578125,302051
1605284700,183.19500732421875,183.6649932861328,182.60000610351562,183.65460205078125,307171
1605285000,183.66000366210938,184,183.25,183.44500732421875,348495
1605285300,183.39999389648438,184.13999938964844,183.0500030517578,183.90699768066406,338180
1605285600,183.9199981689453,184.4499969482422,183.8000030517578,184.39999389648438,277155
1605285900,184.37399291992188,184.4600067138672,184.0399932861328,184.26480102539062,233426
1605286200,184.25,184.89999389648438,184.0399932861328,184.8000030517578,316553
1605286500,184.77999877929688,184.8000030517578,184.27999877929688,184.27999877929688,201151
1605286800,184.35000610351562,184.49000549316406,183.74000549316406,183.79469299316406,236315
1605287100,183.77000427246094,184.1999969482422,183.6199951171875,184.164794921875,267134
1605287400,184.17999267578125,184.53500366210938,184.1199951171875,184.25799560546875,281099
1605287700,184.25799560546875,184.3800048828125,183.5,183.67469787597656,267248
1605288000,183.66650390625,183.72999572753906,183.2100067138672,183.4694061279297,149564
1605288300,183.4311981201172,183.91990661621094,183.4311981201172,183.7100067138672,181340
1605288600,183.7100067138672,184.13479614257812,183.64999389648438,184.0115966796875,160383
1605288900,184.06350708007812,184.1999969482422,183.66000366210938,183.69000244140625,179393
1605289200,183.6699981689453,183.7957000732422,183.3000030517578,183.49000549316406,194404
1605289500,183.48800659179688,184.08779907226562,183.45010375976562,184.08779907226562,117966
1605289800,184.0850067138672,184.36990356445312,184.04010009765625,184.04010009765625,140175
1605290100,184.07980346679688,184.3300018310547,183.82000732421875,184.32000732421875,93477
1605290400,184.2949981689453,184.6699981689453,184.2949981689453,184.51010131835938,200836
1605290700,184.57460021972656,184.66000366210938,184.30999755859375,184.48989868164062,89352
1605291000,184.46189880371094,184.60000610351562,184.10009765625,184.147705078125,147659
1605291300,184.14999389648438,184.64999389648438,184.12399291992188,184.59210205078125,98229
1605291600,184.59500122070312,184.92999267578125,184.5399932861328,184.7554931640625,222433
1605291900,184.75999450683594,185.35000610351562,184.74000549316406,185.34500122070312,305972
1605292200,185.3300018310547,185.4600067138672,185.0800018310547,185.27000427246094,213339
1605292500,185.2803955078125,186,185.2803955078125,185.97000122070312,331798
1605292800,185.94000244140625,185.99000549316406,185.72000122070312,185.77999877929688,248969
1605293100,185.76499938964844,185.97999572753906,185.39999389648438,185.45010375976562,184699
1605293400,185.4600067138672,185.55999755859375,185.28480529785156,185.42999267578125,119420
1605293700,185.44000244140625,186,185.44000244140625,185.77459716796875,244184
1605294000,185.77999877929688,186,185.77000427246094,185.83999633789062,151913
1605294300,185.84500122070312,186.5,185.84500122070312,186.39999389648438,342122
1605294600,186.40480041503906,186.64999389648438,186.01499938964844,186.02000427246094,283355
1605294900,186.00999450683594,186.00999450683594,185.5,185.60000610351562,254591
1605295200,185.5800018310547,186.02999877929688,185.5500030517578,185.82420349121094,162356
1605295500,185.79159545898438,185.79159545898438,185.1903076171875,185.61000061035156,185894
1605295800,185.60989379882812,185.77659606933594,185.4499969482422,185.5500030517578,114944
1605296100,185.5500030517578,186.3000030517578,185.52000427246094,186.19000244140625,217225
1605296400,186.1750030517578,186.47999572753906,186.0399932861328,186.41000366210938,122286
1605296700,186.42999267578125,186.58999633789062,185.8000030517578,185.89010620117188,195596
1605297000,185.9217071533203,186.2100067138672,185.7100067138672,185.8433074951172,220476
1605297300,185.8699951171875,186.49000549316406,185.83999633789062,186.39999389648438,241725
1605297600,186.39259338378906,186.49000549316406,186.07620239257812,186.33999633789062,158613
1605297900,186.4199981689453,186.49000549316406,186.00999450683594,186.10000610351562,142975
1605298200,186.10000610351562,186.1699981689453,185.6999969482422,186.0800018310547,163109
1605298500,186.07000732421875,186.1999969482422,185.74000549316406,185.9250030517578,157211
1605298800,185.92999267578125,185.92999267578125,185.39999389648438,185.4398956298828,182472
1605299100,185.44000244140625,185.63999938964844,185.22000122070312,185.6074981689453,225998
1605299400,185.6199951171875,186.11000061035156,185.47000122070312,186.02000427246094,219590
1605299700,186.02000427246094,186.08999633789062,185.84190368652344,185.99000549316406,154765
1605300000,185.99000549316406,186.33999633789062,185.84010314941406,186.25830078125,239348
1605300300,186.27000427246094,186.8800048828125,186.25,186.80499267578125,387283
1605300600,186.82000732421875,186.8800048828125,186.44000244140625,186.6199951171875,393324
1605300900,186.6199951171875,187.27000427246094,186.5399932861328,187.0399932861328,787139
1605301200,187.11,187.11,187.11,187.11,603591
1605302100,187.11,187.49,187,187.4,0
1605302400,187.43,187.43,187.2,187.35,0
1605302700,187.37,187.4,186.85,186.85,0
1605303000,186.89,187.4,186.71,187.35,0
1605303300,187.4,187.4,187.2,187.3,0
1605303600,187.39,187.39,187.21,187.3,0
1605303900,187.4,187.49,187.3,187.49,0
1605304200,187.45,187.49,187.4,187.42,0
1605304500,187.4,187.44,187.4,187.43,0
1605304800,187.48,187.68,187.11,187.65,0
1605305100,187.68,187.9,187.5,187.5,0
1605305400,187.64,187.66,187.49,187.57,0
1605305700,187.66,187.68,187.51,187.54,0
1605306000,187.59,187.64,187.5,187.63,0
1605306300,187.63,187.7,187.11,187.7,0
1605306600,187.69,187.7,187.5,187.54,0
1605306900,187.5,187.6,187.5,187.5,0
1605307200,187.45,187.62,187.4,187.53,0
1605307500,187.4,187.59,187.4,187.42,0
1605307800,187.45,187.59,187.42,187.59,0
1605308100,187.6,187.81,187.6,187.8,0
1605308400,187.57,187.6,187.55,187.56,0
1605308700,187.59,187.75,187.56,187.68,0
1605309000,187.56,187.6,187.55,187.6,0
1605309300,187.6,187.71,187.6,187.6,0
1605309600,187.6,187.6,187.6,187.6,0
1605309900,187.65,187.65,187.6,187.6,0
1605310200,187.62,187.62,187.56,187.56,0
1605310500,187.64,187.64,187.64,187.64,0
1605310800,187.56,187.64,187.55,187.64,0
1605311100,187.65,187.65,187.65,187.65,0
1605311700,187.57,187.57,187.57,187.57,0
1605312000,187.6,187.65,187.6,187.6,0
1605312300,187.57,187.65,187.57,187.6,0
1605312600,187.6,187.65,187.55,187.65,0
1605312900,187.65,187.71,187.6,187.6,0
1605313200,187.56,187.7,187.56,187.7,0
1605313500,187.6,187.6,187.55,187.55,0
1605313800,187.55,187.58,187.5,187.58,0
1605314100,187.5,187.6,187.5,187.6,0
1605314400,187.55,187.55,187.4,187.4,0
1605314700,187.3,187.5,187.3,187.5,0
1605315000,187.38,187.39,187.28,187.35,0
1605315300,187.31,187.39,187.3,187.39,0
