Date,Open,High,Low,Close,Volume
1605258900,266,266.6,266,266.05,0
1605259200,266.05,266.06,265.63,265.66,0
1605259500,265.68,265.7,265,265.03,0
1605259800,265.01,265.43,265,265.33,0
1605260100,265.47,265.74,265.4,265.69,0
1605260400,265.96,266,265.6,265.8,0
1605260700,265.95,265.95,265.95,265.95,0
1605261000,265.95,265.95,265.95,265.95,0
1605261300,265.94,265.94,265.6,265.6,0
1605261600,265.6,265.7,265.6,265.64,0
1605261900,265.4,265.9,265.4,265.9,0
1605262200,265.9,266.13,265.9,266,0
1605262500,266,266,265.97,266,0
1605262800,266.28,266.28,265.98,266,0
1605263100,266,266.5,266,266.48,0
1605263400,266.5,267,266.5,267,0
1605263700,266.66,266.74,266.26,266.63,0
1605264000,266.7,266.84,266.43,266.43,0
1605264300,266.6,266.9,266.6,266.6,0
1605264600,266.6,267.26,266.6,266.85,0
1605264900,266.86,266.99,266.86,266.99,0
1605265200,267,267,267,267,0
1605265500,267.29,267.3,267.28,267.28,0
1605265800,267.17,267.48,267.17,267.48,0
1605266100,267.16,267.16,266.97,266.97,0
1605266400,266.75,267,266.54,267,0
1605266700,266.98,266.99,266.97,266.99,0
1605267000,267.19,267.22,267.19,267.2,0
1605267300,267.02,267.36,267.02,267.36,0
1605267600,267.37,267.39,267.23,267.23,0
1605267900,267.26,267.5,267.26,267.26,0
1605268200,267.42,267.5,267.42,267.5,0
1605268500,267.49,267.49,267.4,267.4,0
1605268800,267.46,267.46,267,267,0
1605269100,266.6,266.6,266,266.54,0
1605269400,266.76,266.8,266.76,266.8,0
1605269700,266.55,266.74,266.3,266.3,0
1605270000,266.25,266.31,266,266.2,0
1605270300,266.11,266.28,266.09,266.15,0
1605270600,266.15,266.21,266.03,266.03,0
1605270900,266.15,266.2,265.75,265.87,0
1605271200,266,266,265.9,266,0
1605271500,266,266.2,265.99,266.2,0
1605271800,266.4,266.4,266.16,266.4,0
1605272100,266.46,266.5,266.44,266.5,0
1605272400,266.36,266.49,266.16,266.21,0
1605272700,266.22,266.5,266.02,266.5,0
1605273000,266.25,266.4,266.2,266.4,0
1605273300,266.3,266.75,264.97,266.31,0
1605273600,266.49,266.82,266.37,266.6,0
1605273900,266.5763,266.7,266.52,266.7,0
1605274200,266.7,266.7,266.6,266.65,0
1605274500,266.66,266.7,266.6,266.65,0
1605274800,266.65,266.99,266.65,266.99,0
1605275100,266.95,267.5001,266.95,267.5,0
1605275400,267.51,267.51,267,267.4,0
1605275700,267.25,267.33,266.8,267.2,0
1605276000,267.03,267.18,266.85,266.92,0
1605276300,266.94,267,266.8,266.82,0
1605276600,266.82,266.83,266.8,266.81,0
1605276900,266.81,267,266.53,266.53,0
1605277200,266.7,266.7,265.88,266.11,0
1605277500,266.2,266.2,265.55,265.61,0
1605277800,264.7200012207031,265.44000244140625,262.6000061035156,262.7099914550781,1976044
1605278100,262.76300048828125,264.1600036621094,262.6000061035156,264.04779052734375,704530
1605278400,264.0150146484375,264.57000732421875,262.95001220703125,263.1549987792969,817014
1605278700,263.20001220703125,263.7699890136719,262.8299865722656,263.510009765625,575339
1605279000,263.54998779296875,263.80999755859375,263.0400085449219,263.19000244140625,422765
1605279300,263.20001220703125,263.2900085449219,261.7099914550781,261.739990234375,803674
1605279600,261.75,261.79998779296875,260.0299987792969,260.19500732421875,1237624
1605279900,260.17999267578125,260.29998779296875,258.84600830078125,260.0799865722656,1201887
1605280200,260.0400085449219,260.21990966796875,259.1600036621094,259.2499084472656,520976
1605280500,259.239990234375,259.5299987792969,257.8800048828125,258.38751220703125,1275631
1605280800,258.3900146484375,259.0400085449219,257.95001220703125,258.1000061035156,917328
1605281100,258.0899963378906,258.6199951171875,257.79998779296875,258,773243
1605281400,258,258.19268798828125,257.3299865722656,257.92498779296875,669351
1605281700,257.9440002441406,258.3500061035156,257.6199951171875,258.05999755859375,526708
1605282000,258.0299987792969,258.3999938964844,257.5899963378906,258.3399963378906,482075
1605282300,258.3399963378906,259.1199951171875,258.32000732421875,259.0400085449219,451957
1605282600,259.0848083496094,259.17999267578125,257.6199951171875,258.1300048828125,486457
1605282900,258.17999267578125,258.17999267578125,257.1700134277344,258.0299987792969,589336
1605283200,258.010009765625,258.7699890136719,257.6499938964844,257.9880065917969,412392
1605283500,258,259.0799865722656,257.7200012207031,258.864990234375,438526
1605283800,258.8900146484375,258.93499755859375,258.1400146484375,258.17999267578125,416900
1605284100,258.1700134277344,258.9150085449219,258.04998779296875,258.1199951171875,447931
1605284400,258.1300048828125,258.5,258.010009765625,258.39990234375,385448
1605284700,258.35009765625,258.6099853515625,257.7699890136719,257.84320068359375,491643
1605285000,257.8299865722656,258.1499938964844,257.5799865722656,258.1134948730469,308087
1605285300,258.1000061035156,258.25,257.6700134277344,257.79998779296875,351833
1605285600,257.75,258.20001220703125,257.75,258.02880859375,264630
1605285900,258.0899963378906,258.5400085449219,257.9599914550781,258.3999938964844,293269
1605286200,258.3900146484375,259.05999755859375,258.0199890136719,258.1000061035156,499686
1605286500,258.1199951171875,258.32000732421875,257.82000732421875,257.8505859375,332472
1605286800,257.8800048828125,258.0899963378906,257.7300109863281,257.8684997558594,230831
1605287100,257.8467102050781,258.09991455078125,257.32000732421875,257.5,363569
1605287400,257.45001220703125,258.3800048828125,257.45001220703125,257.80999755859375,339677
1605287700,257.8399963378906,258.0400085449219,257.7200012207031,257.86761474609375,207435
1605288000,257.8599853515625,258.3800048828125,257.760009765625,258.1199951171875,296372
1605288300,258.2099914550781,258.6499938964844,257.9599914550781,258.010009765625,278360
1605288600,258.010009765625,258.1099853515625,257.79998779296875,257.9399108886719,194482
1605288900,257.94000244140625,258.0799865722656,257.8175048828125,257.8450012207031,163649
1605289200,257.8598937988281,258.1246032714844,257.79998779296875,257.8900146484375,195012
1605289500,257.9070129394531,258.09991455078125,257.75,258.0899963378906,320579
1605289800,258.0799865722656,258.0899963378906,257.6700134277344,257.8599853515625,321858
1605290100,257.8599853515625,258.45001220703125,257.8399963378906,258.29998779296875,466738
1605290400,258.29998779296875,258.3299865722656,257.95001220703125,258.1199951171875,265937
1605290700,258.11590576171875,258.3882141113281,258.010009765625,258.25,285045
1605291000,258.2799987792969,258.489990234375,257.95001220703125,258.114990234375,352676
1605291300,258.114990234375,258.79998779296875,258.0199890136719,258.4700012207031,341296
1605291600,258.4999084472656,259.0400085449219,258.2099914550781,258.3500061035156,533038
1605291900,258.3349914550781,258.8999938964844,258.260009765625,258.5277099609375,280602
1605292200,258.55499267578125,258.79998779296875,258.4700927734375,258.69500732421875,169288
1605292500,258.6919860839844,258.9599914550781,258.466796875,258.67999267578125,194698
1605292800,258.6600036621094,258.8999938964844,258.55999755859375,258.79998779296875,139784
1605293100,258.79998779296875,259.2300109863281,258.6300048828125,259.1600036621094,198097
1605293400,259.20001220703125,259.8999938964844,259.1919860839844,259.6199951171875,334829
1605293700,259.6499938964844,260.1000061035156,259.610107421875,260.0303955078125,355193
1605294000,260.07000732421875,260.3500061035156,259.7699890136719,260.3500061035156,368119
1605294300,260.3500061035156,260.70001220703125,260.32000732421875,260.69000244140625,456252
1605294600,260.67498779296875,260.75,259.5504150390625,259.6012878417969,333523
1605294900,259.590087890625,259.9291076660156,259.4400939941406,259.8006896972656,178580
1605295200,259.8299865722656,260.3500061035156,259.82000732421875,260.25,227438
1605295500,260.2699890136719,260.2900085449219,259.760009765625,259.94000244140625,140415
1605295800,259.94000244140625,260.45001220703125,259.92999267578125,260.4200134277344,159044
1605296100,260.3900146484375,260.6000061035156,260.0899963378906,260.54998779296875,185332
1605296400,260.5400085449219,260.8699951171875,260.4901123046875,260.7167053222656,230490
1605296700,260.7300109863281,260.9440002441406,260.19000244140625,260.2900085449219,212626
1605297000,260.3399963378906,260.6499938964844,260.20001220703125,260.5400085449219,153094
1605297300,260.5400085449219,260.8800048828125,260.29998779296875,260.70001220703125,183577
1605297600,260.7099914550781,260.80999755859375,260.3599853515625,260.54541015625,179509
1605297900,260.510009765625,260.7300109863281,260.4200134277344,260.64190673828125,144794
1605298200,260.6499938964844,260.91650390625,260.55999755859375,260.8699951171875,176344
1605298500,260.8699951171875,260.889892578125,259.7699890136719,260.2699890136719,570101
1605298800,260.2699890136719,260.7362976074219,260.17010498046875,260.7300109863281,176659
1605299100,260.739990234375,260.95001220703125,260.3700866699219,260.4949951171875,277583
1605299400,260.489990234375,260.7699890136719,260.3500061035156,260.5299987792969,197307
1605299700,260.5,260.7900085449219,260.3200988769531,260.4801025390625,204452
1605300000,260.510009765625,260.8999938964844,260.510009765625,260.6300048828125,288114
1605300300,260.6199951171875,260.739990234375,260.010009765625,260.04998779296875,338404
1605300600,260.04998779296875,260.4599914550781,260,260.17999267578125,489495
1605300900,260.17999267578125,260.75,260,260.7099914550781,1011846
1605301200,260.72,260.84,260.6,260.84,979609
1605302100,260.72,261.0002,260.62,261.0002,0
1605302400,261.01,261.1,259.0688,261.1,0
1605302700,261.1,261.1,260.8,260.8,0
1605303000,260.77,260.95,260.5,260.5,0
1605303300,260.6,260.7,260.5,260.55,0
1605303600,260.51,260.82,260.18,260.82,0
1605303900,260.71,260.81,260.11,260.3,0
1605304200,260.25,260.4,260.19,260.2,0
1605304500,260.2,260.84,260.1,260.26,0
1605304800,260.44,260.84,260.3,260.44,0
1605305100,260.4499,260.45,260.2,260.44,0
1605305400,260.3,260.3,260.23,260.26,0
1605305700,260.39,260.39,242.0244,245.97644,0
1605306000,260.39,260.45,249.711,260.45,0
1605306300,260.35,260.84,260.35,260.8,0
1605306600,260.8,260.8,260.8,260.8,0
1605307200,260.59,260.59,260.4,260.4,0
1605307500,260.59,261.5,260.42,261.34,0
1605307800,261.3,261.43,261.12,261.13,0
1605308100,261.25,261.28,261.07,261.07,0
1605308400,261.02,261.16,261.02,261.1,0
1605308700,261.24,261.25,261.14,261.14,0
1605309000,261.14,261.2,261.14,261.18,0
1605309300,261.17,261.17,261,261,0
1605309600,260.99,261,260.99,261,0
1605309900,261.01,261.02,261.01,261.02,0
1605310200,260.87,260.87,260.87,260.87,0
1605310500,260.85,260.99,260.85,260.99,0
1605310800,260.88,260.88,260.43,260.43,0
1605311100,260.46,260.46,260.3,260.43,0
1605311400,260.6,260.6,260.44,260.44,0
1605311700,260.35,260.57,260.32,260.48,0
1605312000,260.46,260.46,260.32,260.32,0
1605312300,260.37,260.4,260.37,260.4,0
1605312600,260.35,260.59,260.35,260.5,0
1605312900,260.59,260.59,260.37,260.55,0
1605313200,260.55,260.55,260.44,260.55,0
1605313500,260.55,260.55,260.4,260.4,0
1605313800,260.5,260.5,260.48,260.5,0
1605314100,260.37,260.37,260.35,260.35,0
1605314400,260.3,260.3,260.3,260.3,0
1605314700,260.3,260.4,260.3,260.4,0
1605315000,260.3,260.3,260.11,260.11,0
1605315300,260.25,260.35,260.25,260.29,0
