Date,Open,High,Low,Close,Volume
1605258900,26.52,26.52,26.52,26.52,0
1605259200,26.83,26.83,26.83,26.83,0
1605260400,26.86,26.86,26.86,26.86,0
1605260700,26.92,26.92,26.92,26.92,0
1605261000,26.84,26.92,26.84,26.84,0
1605261300,26.91,26.91,26.91,26.91,0
1605261600,26.91,26.92,26.91,26.92,0
1605261900,26.92,26.95,26.91,26.91,0
1605262200,26.95,26.96,26.86,26.86,0
1605262500,26.9,26.91,26.84,26.91,0
1605262800,26.95,26.95,26.95,26.95,0
1605263100,26.94,26.94,26.94,26.94,0
1605263400,26.93,26.94,26.93,26.94,0
1605263700,26.98,26.98,26.98,26.98,0
1605269700,26.9,26.94,26.85,26.91,0
1605270000,26.9,26.91,26.88,26.88,0
1605270300,26.83,26.86,26.83,26.86,0
1605270600,26.83,26.83,26.83,26.83,0
1605270900,26.85,26.85,26.85,26.85,0
1605271200,26.83,26.84,26.83,26.84,0
1605271500,26.84,26.86,26.84,26.86,0
1605272100,26.84,26.84,26.84,26.84,0
1605272400,26.85,26.85,26.84,26.85,0
1605272700,26.84,26.85,26.84,26.84,0
1605273000,26.84,26.84,26.84,26.84,0
1605273300,26.8156,26.94,26.8,26.85,0
1605273600,26.82,26.85,26.82,26.85,0
1605273900,26.85,26.86,26.8499,26.85,0
1605274200,26.85,26.85,26.83,26.83,0
1605274500,26.85,26.85,26.85,26.85,0
1605274800,26.8499,26.86,26.83,26.83,0
1605275100,26.86,26.87,26.86,26.86,0
1605275400,26.86,26.86,26.85,26.85,0
1605275700,26.85,26.85,26.83,26.84,0
1605276000,26.82,26.85,26.82,26.84,0
1605276300,26.84,26.85,26.84,26.85,0
1605276600,26.84,26.85,26.81,26.83,0
1605276900,26.82,26.83,26.82,26.82,0
1605277200,26.82,26.82,26.8,26.8,0
1605277500,26.8,26.82,26.8,26.82,0
1605277800,26.8799991607666,26.93000030517578,26.809999465942383,26.815000534057617,1707781
1605278100,26.809999465942383,26.829999923706055,26.7549991607666,26.829999923706055,735666
1605278400,26.81999969482422,26.87980079650879,26.790000915527344,26.829999923706055,756903
1605278700,26.81999969482422,26.889999389648438,26.790000915527344,26.8700008392334,825795
1605279000,26.8700008392334,26.936399459838867,26.850000381469727,26.924999237060547,935312
1605279300,26.924999237060547,27.040000915527344,26.912200927734375,27.014999389648438,1150838
1605279600,27.010000228881836,27.049999237060547,26.989999771118164,27.014999389648438,1156853
1605279900,27.014999389648438,27.0625,27,27.041099548339844,605815
1605280200,27.045000076293945,27.149999618530273,27.020099639892578,27.09000015258789,904390
1605280500,27.079999923706055,27.209999084472656,27.03499984741211,27.143999099731445,2006159
1605280800,27.149999618530273,27.149999618530273,27.045000076293945,27.079999923706055,839726
1605281100,27.079999923706055,27.110000610351562,27.040000915527344,27.09000015258789,1156160
1605281400,27.09000015258789,27.149999618530273,27.059999465942383,27.1343994140625,1126146
1605281700,27.138700485229492,27.149999618530273,27.059999465942383,27.09000015258789,1256565
1605282000,27.094999313354492,27.1200008392334,27.074499130249023,27.074499130249023,676213
1605282300,27.075000762939453,27.09000015258789,27,27.030000686645508,963052
1605282600,27.030000686645508,27.075899124145508,27.013900756835938,27.03499984741211,437325
1605282900,27.030000686645508,27.040000915527344,26.96500015258789,26.9950008392334,707611
1605283200,26.9950008392334,27.040000915527344,26.989999771118164,27.014999389648438,429468
1605283500,27.020000457763672,27.03569984436035,26.959999084472656,26.959999084472656,555447
1605283800,26.959999084472656,26.988000869750977,26.950000762939453,26.950000762939453,402088
1605284100,26.959999084472656,26.979999542236328,26.93000030517578,26.959999084472656,439618
1605284400,26.969900131225586,26.979999542236328,26.920000076293945,26.93000030517578,246734
1605284700,26.93000030517578,26.969999313354492,26.8700008392334,26.950000762939453,684597
1605285000,26.954999923706055,26.985000610351562,26.920000076293945,26.969999313354492,354761
1605285300,26.96500015258789,26.979999542236328,26.93000030517578,26.975000381469727,292611
1605285600,26.979999542236328,27.020000457763672,26.975000381469727,27.01180076599121,597623
1605285900,27.010000228881836,27.020000457763672,26.979999542236328,26.989999771118164,346228
1605286200,26.989999771118164,27.010000228881836,26.959999084472656,26.975000381469727,253299
1605286500,26.969999313354492,27.020000457763672,26.940000534057617,26.985000610351562,371475
1605286800,26.985000610351562,26.997800827026367,26.959999084472656,26.969999313354492,301013
1605287100,26.969999313354492,27,26.96500015258789,26.969999313354492,214413
1605287400,26.96500015258789,26.979999542236328,26.940000534057617,26.97800064086914,377895
1605287700,26.975000381469727,26.979999542236328,26.940000534057617,26.968700408935547,257912
1605288000,26.96500015258789,26.985000610351562,26.950000762939453,26.954999923706055,179634
1605288300,26.954999923706055,27,26.950000762939453,26.989999771118164,332720
1605288600,26.989999771118164,27.030000686645508,26.969999313354492,27.014999389648438,637894
1605288900,27.010000228881836,27.024999618530273,26.979999542236328,27.0049991607666,781397
1605289200,27.0049991607666,27.06999969482422,27,27.059999465942383,852389
1605289500,27.050100326538086,27.09000015258789,27.020000457763672,27.024999618530273,450648
1605289800,27.024999618530273,27.07740020751953,27.014999389648438,27.065000534057617,343374
1605290100,27.06999969482422,27.079999923706055,27.049999237060547,27.05500030517578,244750
1605290400,27.059999465942383,27.059999465942383,27,27.020000457763672,476121
1605290700,27.020000457763672,27.05500030517578,27.020000457763672,27.05500030517578,257722
1605291000,27.049999237060547,27.059999465942383,27,27.000099182128906,553239
1605291300,27,27.03499984741211,26.9950008392334,27.03499984741211,501028
1605291600,27.030000686645508,27.049999237060547,27.014999389648438,27.045000076293945,381917
1605291900,27.040000915527344,27.09000015258789,27.040000915527344,27.075000762939453,399452
1605292200,27.075000762939453,27.079999923706055,27.020000457763672,27.03499984741211,287138
1605292500,27.03499984741211,27.100000381469727,27.030000686645508,27.100000381469727,406055
1605292800,27.100000381469727,27.1200008392334,27.08300018310547,27.11009979248047,614429
1605293100,27.114999771118164,27.139999389648438,27.104999542236328,27.125,475079
1605293400,27.125,27.139999389648438,27.100000381469727,27.114999771118164,214254
1605293700,27.114999771118164,27.1299991607666,27.100000381469727,27.107500076293945,148118
1605294000,27.104999542236328,27.1299991607666,27.090099334716797,27.10540008544922,272779
1605294300,27.100000381469727,27.139999389648438,27.100000381469727,27.12689971923828,319490
1605294600,27.122900009155273,27.139999389648438,27.100000381469727,27.108600616455078,494412
1605294900,27.104999542236328,27.1299991607666,27.079999923706055,27.1299991607666,445663
1605295200,27.1299991607666,27.174999237060547,27.1200008392334,27.16010093688965,653645
1605295500,27.165000915527344,27.170000076293945,27.1200008392334,27.149999618530273,361643
1605295800,27.145000457763672,27.170000076293945,27.12019920349121,27.135000228881836,338897
1605296100,27.135000228881836,27.155000686645508,27.1200008392334,27.135000228881836,225512
1605296400,27.1299991607666,27.149999618530273,27.1200008392334,27.145000457763672,167387
1605296700,27.143299102783203,27.15999984741211,27.059999465942383,27.075000762939453,844895
1605297000,27.07659912109375,27.110000610351562,27.06999969482422,27.094999313354492,633843
1605297300,27.096599578857422,27.149999618530273,27.09000015258789,27.145000457763672,390362
1605297600,27.139999389648438,27.155000686645508,27.110000610351562,27.1200008392334,379948
1605297900,27.125,27.139999389648438,27.100000381469727,27.104999542236328,241050
1605298200,27.104999542236328,27.110000610351562,27.059999465942383,27.086299896240234,305731
1605298500,27.084999084472656,27.104999542236328,27.040000915527344,27.075000762939453,446226
1605298800,27.075000762939453,27.079999923706055,27.049999237060547,27.049999237060547,205391
1605299100,27.059999465942383,27.06999969482422,27.020000457763672,27.049999237060547,603946
1605299400,27.049999237060547,27.1299991607666,27.040000915527344,27.110000610351562,855278
1605299700,27.110000610351562,27.155000686645508,27.110000610351562,27.149999618530273,533737
1605300000,27.149999618530273,27.190000534057617,27.145000457763672,27.18000030517578,620746
1605300300,27.174999237060547,27.190000534057617,27.100000381469727,27.104999542236328,879904
1605300600,27.104999542236328,27.1299991607666,27.010000228881836,27.020000457763672,1216282
1605300900,27.01740074157715,27.049999237060547,26.959999084472656,26.989999771118164,3707252
1605301200,27,27,27,27,4134344
1605302100,27,27.04,26.99,26.99,0
1605302400,26.9899,27.025,26.9899,26.99,0
1605302700,27,27,26.99,26.99,0
1605303000,27,27,26.9999,27,0
1605303300,27,27,26.9973,26.9973,0
1605303600,27,27.01,27,27,0
1605303900,27.01,27.01,26.99,27,0
1605304500,27,27.01,27,27.01,0
1605304800,27.01,27.01,27.01,27.01,0
1605305100,27,27.01,27,27,0
1605305400,27,27.01,27,27.0099,0
1605305700,27.01,27.01,27,27,0
1605306000,27,27.01,27,27.01,0
1605306300,27.01,27.01,27,27,0
1605306600,27,27.01,26.97,26.97,0
1605307200,27.0001,27.01,26.97,26.97,0
1605307500,27,27,27,27,0
1605307800,26.97,27,26.97,27,0
1605308100,27,27,26.99,27,0
1605308400,27,27,27,27,0
1605308700,26.99,27,26.99,26.99,0
1605309000,27,27.01,27,27.01,0
1605309300,26.99,26.99,26.99,26.99,0
1605309600,27,27,27,27,0
1605309900,27.01,27.01,27,27,0
1605310200,27,27.01,27,27.01,0
1605310500,27.01,27.01,27.01,27.01,0
1605310800,27.03,27.03,27.03,27.03,0
1605311100,27.01,27.03,27,27.03,0
1605311400,27,27,27,27,0
1605311700,27.03,27.03,27,27,0
1605312000,26.99,26.99,26.98,26.98,0
1605312300,27,27,27,27,0
1605312600,27,27.03,27,27.03,0
1605313200,27.03,27.03,27,27,0
1605313500,27,27,27,27,0
1605313800,27,27,27,27,0
1605314100,27.01,27.0101,27.01,27.0101,0
1605314400,27.01,27.01,27,27,0
1605314700,27,27,27,27,0
1605315000,26.97,27,26.97,27,0
1605315300,27.02,27.02,27.02,27.02,0
