Date,Open,High,Low,Close,Volume
1605274500,4.31,4.31,4.31,4.31,0
1605275100,4.33,4.33,4.32,4.32,0
1605275700,4.33,4.33,4.33,4.33,0
1605276000,4.33,4.33,4.33,4.33,0
1605276900,4.32,4.32,4.31,4.31,0
1605277200,4.3,4.3,4.3,4.3,0
1605277500,4.29,4.29,4.28,4.28,0
1605277800,4.28000020980835,4.320000171661377,4.269999980926514,4.304999828338623,756733
1605278100,4.309999942779541,4.335000038146973,4.295000076293945,4.324999809265137,439223
1605278400,4.320000171661377,4.321700096130371,4.309999942779541,4.309999942779541,219436
1605278700,4.315000057220459,4.335000038146973,4.309999942779541,4.333399772644043,409085
1605279000,4.335000038146973,4.349999904632568,4.315000057220459,4.315000057220459,591340
1605279300,4.318699836730957,4.349999904632568,4.309999942779541,4.349999904632568,600939
1605279600,4.34660005569458,4.349999904632568,4.329999923706055,4.340000152587891,395264
1605279900,4.340000152587891,4.34499979019165,4.320000171661377,4.326600074768066,328423
1605280200,4.324999809265137,4.340000152587891,4.320000171661377,4.324999809265137,255404
1605280500,4.324999809265137,4.326600074768066,4.309999942779541,4.309999942779541,266016
1605280800,4.309999942779541,4.309999942779541,4.289999961853027,4.300000190734863,499599
1605281100,4.300000190734863,4.329999923706055,4.2947998046875,4.329999923706055,639673
1605281400,4.329999923706055,4.329999923706055,4.300000190734863,4.309999942779541,1422615
1605281700,4.300000190734863,4.32859992980957,4.300000190734863,4.320000171661377,629687
1605282000,4.320000171661377,4.324999809265137,4.309999942779541,4.320000171661377,230631
1605282300,4.320000171661377,4.329999923706055,4.315000057220459,4.324999809265137,357165
1605282600,4.329999923706055,4.329999923706055,4.309999942779541,4.309999942779541,228160
1605282900,4.315000057220459,4.320000171661377,4.300000190734863,4.300000190734863,125069
1605283200,4.304999828338623,4.320000171661377,4.300000190734863,4.315000057220459,140073
1605283500,4.315000057220459,4.320000171661377,4.304999828338623,4.315000057220459,477774
1605283800,4.320000171661377,4.340000152587891,4.309999942779541,4.335000038146973,546217
1605284100,4.329999923706055,4.329999923706055,4.320000171661377,4.320000171661377,231983
1605284400,4.324999809265137,4.329999923706055,4.320000171661377,4.324999809265137,40837
1605284700,4.329999923706055,4.349999904632568,4.320000171661377,4.340000152587891,258515
1605285000,4.349999904632568,4.349999904632568,4.329999923706055,4.329999923706055,285338
1605285300,4.329999923706055,4.340000152587891,4.32450008392334,4.340000152587891,446312
1605285600,4.3383002281188965,4.34499979019165,4.329999923706055,4.340000152587891,393389
1605285900,4.340000152587891,4.340000152587891,4.329999923706055,4.340000152587891,443244
1605286200,4.335000038146973,4.349999904632568,4.329999923706055,4.335000038146973,445055
1605286500,4.335000038146973,4.360000133514404,4.335000038146973,4.360000133514404,267428
1605286800,4.360000133514404,4.364999771118164,4.34499979019165,4.349999904632568,263575
1605287100,4.34499979019165,4.3684000968933105,4.34499979019165,4.360000133514404,761204
1605287400,4.360000133514404,4.364999771118164,4.340000152587891,4.349999904632568,363605
1605287700,4.355000019073486,4.357900142669678,4.349999904632568,4.3516998291015625,47449
1605288000,4.349999904632568,4.356599807739258,4.340000152587891,4.34499979019165,307661
1605288300,4.3445000648498535,4.349999904632568,4.340000152587891,4.34499979019165,97719
1605288600,4.340000152587891,4.360000133514404,4.340000152587891,4.356100082397461,606738
1605288900,4.349999904632568,4.355000019073486,4.349999904632568,4.349999904632568,47685
1605289200,4.349999904632568,4.355000019073486,4.34499979019165,4.349999904632568,436894
1605289500,4.355000019073486,4.360000133514404,4.340000152587891,4.340000152587891,409267
1605289800,4.340000152587891,4.349999904632568,4.340000152587891,4.340000152587891,27205
1605290100,4.349999904632568,4.360000133514404,4.340000152587891,4.355000019073486,186805
1605290400,4.355000019073486,4.3765997886657715,4.355000019073486,4.360000133514404,254900
1605290700,4.369999885559082,4.380000114440918,4.364799976348877,4.380000114440918,142704
1605291000,4.375,4.389999866485596,4.375,4.378699779510498,207123
1605291300,4.369999885559082,4.400000095367432,4.369999885559082,4.394999980926514,278843
1605291600,4.400000095367432,4.409999847412109,4.389999866485596,4.40500020980835,147080
1605291900,4.409999847412109,4.420000076293945,4.400000095367432,4.414999961853027,317711
1605292200,4.414999961853027,4.420000076293945,4.3933000564575195,4.400000095367432,392133
1605292500,4.400000095367432,4.420000076293945,4.394999980926514,4.414999961853027,289299
1605292800,4.409999847412109,4.414999961853027,4.400000095367432,4.404300212860107,480794
1605293100,4.40500020980835,4.40500020980835,4.389999866485596,4.400000095367432,114673
1605293400,4.400000095367432,4.400000095367432,4.389999866485596,4.389999866485596,298510
1605293700,4.389999866485596,4.400000095367432,4.380000114440918,4.389999866485596,96273
1605294000,4.385000228881836,4.400000095367432,4.380000114440918,4.389999866485596,254675
1605294300,4.389999866485596,4.400000095367432,4.389999866485596,4.394999980926514,30674
1605294600,4.389999866485596,4.394999980926514,4.380000114440918,4.389999866485596,558063
1605294900,4.394999980926514,4.394999980926514,4.380000114440918,4.389999866485596,108118
1605295200,4.389999866485596,4.400000095367432,4.382999897003174,4.389999866485596,482577
1605295500,4.389999866485596,4.399899959564209,4.380000114440918,4.389999866485596,245499
1605295800,4.394999980926514,4.40500020980835,4.394999980926514,4.400000095367432,343696
1605296100,4.400000095367432,4.409999847412109,4.400000095367432,4.409999847412109,38005
1605296400,4.409999847412109,4.409999847412109,4.400000095367432,4.40500020980835,69228
1605296700,4.40500020980835,4.40500020980835,4.380000114440918,4.380000114440918,382950
1605297000,4.380000114440918,4.385000228881836,4.360000133514404,4.364999771118164,649110
1605297300,4.369999885559082,4.380000114440918,4.369999885559082,4.375,211150
1605297600,4.369999885559082,4.40500020980835,4.369999885559082,4.400000095367432,665695
1605297900,4.400000095367432,4.414999961853027,4.394999980926514,4.414999961853027,239155
1605298200,4.414999961853027,4.420000076293945,4.400000095367432,4.40500020980835,511474
1605298500,4.40500020980835,4.420000076293945,4.394899845123291,4.40749979019165,713916
1605298800,4.400000095367432,4.420000076293945,4.400000095367432,4.409999847412109,250477
1605299100,4.409999847412109,4.420000076293945,4.409999847412109,4.420000076293945,240065
1605299400,4.409999847412109,4.429999828338623,4.409999847412109,4.425000190734863,775789
1605299700,4.425000190734863,4.429999828338623,4.420000076293945,4.425000190734863,266338
1605300000,4.425000190734863,4.434999942779541,4.420000076293945,4.434999942779541,1171844
1605300300,4.434999942779541,4.438499927520752,4.414999961853027,4.4197998046875,955924
1605300600,4.420000076293945,4.429999828338623,4.409999847412109,4.425000190734863,688409
1605300900,4.420000076293945,4.440000057220459,4.409999847412109,4.425000190734863,2986760
1605301200,4.42,4.42,4.42,4.42,737967
1605302100,4.42,4.42,4.42,4.42,0
1605304500,4.42,4.42,4.42,4.42,0
1605305400,4.42,4.42,4.42,4.42,0
