Date,Open,High,Low,Close,Volume
1605259200,48.5,48.51,48.5,48.51,0
1605261300,48.6,48.6,48.6,48.6,0
1605261900,48.61,48.61,48.61,48.61,0
1605262800,48.62,48.62,48.62,48.62,0
1605264000,48.9,48.91,48.9,48.91,0
1605264300,48.97,49,48.9,48.9,0
1605265500,48.87,48.9,48.87,48.88,0
1605265800,48.9,48.9,48.9,48.9,0
1605266400,48.9,48.9,48.9,48.9,0
1605267300,48.76,48.76,48.76,48.76,0
1605268800,48.7,48.7,48.7,48.7,0
1605269700,48.7,48.84,48.7,48.8,0
1605270000,48.73,48.75,48.69,48.75,0
1605270300,48.73,48.73,48.73,48.73,0
1605270600,48.78,48.81,48.73,48.73,0
1605270900,48.69,48.69,48.69,48.69,0
1605271200,48.7,48.7,48.7,48.7,0
1605271500,48.65,48.65,48.65,48.65,0
1605271800,48.62,48.62,48.61,48.61,0
1605272100,48.65,48.65,48.65,48.65,0
1605272700,48.68,48.69,48.68,48.69,0
1605273000,48.7,48.74,48.65,48.66,0
1605273300,48.75,48.8,48.6301,48.75,0
1605273600,48.67,48.67,48.66,48.66,0
1605273900,48.71,48.71,48.66,48.66,0
1605274200,48.65,48.65,48.65,48.65,0
1605274500,48.7,48.7,48.7,48.7,0
1605275100,48.7,48.7,48.7,48.7,0
1605275400,48.7,48.7,48.7,48.7,0
1605276000,48.7,48.7,48.7,48.7,0
1605276300,48.7,48.73,48.7,48.73,0
1605276600,48.75,48.75,48.71,48.72,0
1605276900,48.77,48.79,48.71,48.78,0
1605277200,48.7499,48.7499,48.66,48.66,0
1605277500,48.69,48.69,48.66,48.66,0
1605277800,48.650001525878906,49,48.619998931884766,48.733001708984375,1175200
1605278100,48.720001220703125,48.720001220703125,48.41999816894531,48.582000732421875,387537
1605278400,48.56999969482422,48.70000076293945,48.47999954223633,48.540000915527344,387554
1605278700,48.560001373291016,48.65999984741211,48.400001525878906,48.60499954223633,306256
1605279000,48.61000061035156,48.720001220703125,48.51449966430664,48.630001068115234,239090
1605279300,48.6349983215332,48.77000045776367,48.625,48.72999954223633,187411
1605279600,48.72999954223633,48.94499969482422,48.72999954223633,48.92499923706055,318747
1605279900,48.91999816894531,48.97999954223633,48.79999923706055,48.79999923706055,268331
1605280200,48.810001373291016,48.95000076293945,48.79999923706055,48.89500045776367,283615
1605280500,48.88999938964844,48.88999938964844,48.76499938964844,48.76499938964844,176616
1605280800,48.77000045776367,48.77000045776367,48.66999816894531,48.69179916381836,295145
1605281100,48.70000076293945,48.900001525878906,48.685001373291016,48.900001525878906,423833
1605281400,48.88999938964844,49.02000045776367,48.875,48.95000076293945,549875
1605281700,48.95000076293945,48.978599548339844,48.689998626708984,48.7400016784668,309091
1605282000,48.72999954223633,48.81999969482422,48.720001220703125,48.75,161756
1605282300,48.7400016784668,48.755001068115234,48.62369918823242,48.630001068115234,134216
1605282600,48.6349983215332,48.66999816894531,48.595001220703125,48.6349983215332,200646
1605282900,48.63999938964844,48.649898529052734,48.560001373291016,48.58430099487305,259532
1605283200,48.59000015258789,48.70000076293945,48.58000183105469,48.689998626708984,186343
1605283500,48.70000076293945,48.779998779296875,48.689998626708984,48.744998931884766,182629
1605283800,48.7400016784668,48.779998779296875,48.709999084472656,48.709999084472656,202456
1605284100,48.71989822387695,48.7400016784668,48.650001525878906,48.654998779296875,194974
1605284400,48.654998779296875,48.66999816894531,48.561798095703125,48.595001220703125,147024
1605284700,48.5890007019043,48.65999984741211,48.4900016784668,48.64899826049805,196112
1605285000,48.64500045776367,48.70000076293945,48.61000061035156,48.66999816894531,114606
1605285300,48.65999984741211,48.68000030517578,48.595001220703125,48.660099029541016,76776
1605285600,48.66669845581055,48.75,48.654998779296875,48.709999084472656,106549
1605285900,48.71500015258789,48.724998474121094,48.68000030517578,48.695899963378906,59661
1605286200,48.69499969482422,48.709999084472656,48.63999938964844,48.65999984741211,54257
1605286500,48.65999984741211,48.67499923706055,48.61000061035156,48.619998931884766,157732
1605286800,48.619998931884766,48.619998931884766,48.54999923706055,48.54999923706055,73542
1605287100,48.54999923706055,48.619998931884766,48.54999923706055,48.560001373291016,79279
1605287400,48.560001373291016,48.58000183105469,48.529998779296875,48.57500076293945,138506
1605287700,48.56999969482422,48.599998474121094,48.505001068115234,48.59000015258789,169963
1605288000,48.59000015258789,48.6150016784668,48.53499984741211,48.559898376464844,58962
1605288300,48.560001373291016,48.599998474121094,48.55110168457031,48.595001220703125,92307
1605288600,48.59000015258789,48.67499923706055,48.560001373291016,48.67499923706055,112499
1605288900,48.66999816894531,48.7599983215332,48.66999816894531,48.75339889526367,134709
1605289200,48.755001068115234,48.779998779296875,48.689998626708984,48.70100021362305,193322
1605289500,48.709999084472656,48.73500061035156,48.689998626708984,48.69459915161133,72853
1605289800,48.69499969482422,48.7400016784668,48.69499969482422,48.70500183105469,159436
1605290100,48.70500183105469,48.72999954223633,48.69599914550781,48.72999954223633,53629
1605290400,48.72999954223633,48.739601135253906,48.66999816894531,48.72999954223633,112708
1605290700,48.72999954223633,48.75,48.720001220703125,48.7400016784668,107793
1605291000,48.7400016784668,48.744998931884766,48.63999938964844,48.654998779296875,167243
1605291300,48.654998779296875,48.72999954223633,48.650001525878906,48.72999954223633,70364
1605291600,48.724998474121094,48.744998931884766,48.70000076293945,48.73970031738281,115238
1605291900,48.73500061035156,48.77000045776367,48.72999954223633,48.76499938964844,117196
1605292200,48.76499938964844,48.779998779296875,48.70000076293945,48.735801696777344,104454
1605292500,48.7400016784668,48.88999938964844,48.731300354003906,48.88999938964844,221221
1605292800,48.88999938964844,48.95500183105469,48.880001068115234,48.941200256347656,289458
1605293100,48.939998626708984,48.974998474121094,48.91999816894531,48.96500015258789,104238
1605293400,48.96500015258789,48.97999954223633,48.89500045776367,48.89500045776367,146070
1605293700,48.89500045776367,48.91699981689453,48.86000061035156,48.869998931884766,55920
1605294000,48.869998931884766,48.91999816894531,48.86000061035156,48.8849983215332,146212
1605294300,48.8849983215332,48.92499923706055,48.869998931884766,48.892398834228516,79400
1605294600,48.900001525878906,48.904998779296875,48.790000915527344,48.79499816894531,118932
1605294900,48.79999923706055,48.81999969482422,48.720001220703125,48.80970001220703,192908
1605295200,48.810001373291016,48.93989944458008,48.80500030517578,48.89500045776367,152641
1605295500,48.900001525878906,48.900001525878906,48.86000061035156,48.89500045776367,83361
1605295800,48.88999938964844,48.91669845581055,48.82500076293945,48.849998474121094,159682
1605296100,48.8400993347168,48.8849983215332,48.82500076293945,48.862998962402344,68901
1605296400,48.86000061035156,48.927101135253906,48.845001220703125,48.91999816894531,145639
1605296700,48.92499923706055,48.935001373291016,48.755001068115234,48.779998779296875,214514
1605297000,48.775001525878906,48.810001373291016,48.724998474121094,48.790401458740234,219961
1605297300,48.790000915527344,48.895198822021484,48.779998779296875,48.85499954223633,196368
1605297600,48.86000061035156,48.90999984741211,48.849998474121094,48.869998931884766,112452
1605297900,48.869998931884766,48.87519836425781,48.77000045776367,48.790000915527344,152263
1605298200,48.79990005493164,48.80500030517578,48.72999954223633,48.790000915527344,174650
1605298500,48.790000915527344,48.81999969482422,48.720001220703125,48.78499984741211,153390
1605298800,48.78499984741211,48.790000915527344,48.709999084472656,48.724998474121094,112633
1605299100,48.724998474121094,48.7400016784668,48.67499923706055,48.720001220703125,202724
1605299400,48.72999954223633,48.86000061035156,48.720001220703125,48.849998474121094,240236
1605299700,48.849998474121094,48.939998626708984,48.84000015258789,48.935001373291016,119770
1605300000,48.939998626708984,49.04999923706055,48.93000030517578,49.03499984741211,394673
1605300300,49.029998779296875,49.064998626708984,48.89500045776367,48.89500045776367,381277
1605300600,48.900001525878906,48.90999984741211,48.68000030517578,48.685001373291016,521521
1605300900,48.689998626708984,48.77000045776367,48.56999969482422,48.65999984741211,1256691
1605301200,48.66,48.66,48.66,48.66,1744698
1605302100,48.6,48.66,48.6,48.66,0
1605302400,48.63,48.7598,48.63,48.7598,0
1605302700,48.65,48.7513,48.65,48.65,0
1605303000,48.66,48.66,48.65,48.66,0
1605303300,48.66,48.66,48.65,48.65,0
1605303600,48.6598,48.6598,48.6598,48.6598,0
1605303900,48.6598,48.6598,48.6598,48.6598,0
1605304200,48.66,48.66,48.54,48.56,0
1605304800,48.65,48.66,48.65,48.66,0
1605305400,48.66,48.66,48.66,48.66,0
1605305700,48.765,48.765,48.65,48.65,0
1605306000,48.66,48.66,48.66,48.66,0
1605306300,48.66,48.66,48.66,48.66,0
1605306600,48.74,48.75,48.74,48.75,0
1605307500,48.6701,48.6701,48.6701,48.6701,0
1605307800,48.78,48.79,48.78,48.79,0
1605308700,48.67,48.67,48.67,48.67,0
1605309000,48.78,48.8,48.78,48.8,0
1605309300,48.67,48.67,48.67,48.67,0
1605309600,48.66,48.66,48.66,48.66,0
1605309900,48.67,48.67,48.67,48.67,0
1605310200,48.78,48.79,48.78,48.79,0
1605310800,48.78,48.8,48.78,48.8,0
1605311100,48.67,48.78,48.67,48.78,0
1605311400,48.68,48.78,48.68,48.78,0
1605312000,48.77,48.77,48.77,48.77,0
1605312300,48.75,48.76,48.75,48.76,0
1605312600,48.74,48.74,48.74,48.74,0
1605314100,48.73,48.73,48.73,48.73,0
1605315300,48.76,48.8,48.75,48.75,0
