Date,Open,High,Low,Close,Volume
1605258900,4.45,4.45,4.3,4.3,0
1605259800,4.45,4.7,4.45,4.7,0
1605260100,4.7,4.7,4.65,4.65,0
1605260400,4.66,4.66,4.66,4.66,0
1605260700,4.71,4.74,4.7,4.7,0
1605261000,4.7,4.7,4.7,4.7,0
1605261300,4.66,4.66,4.66,4.66,0
1605261600,4.66,4.67,4.66,4.67,0
1605261900,4.67,4.74,4.67,4.74,0
1605262200,4.75,4.85,4.75,4.76,0
1605262500,4.75,4.82,4.75,4.82,0
1605262800,4.84,4.97,4.82,4.97,0
1605263100,4.97,5.48,4.97,5.25,0
1605263400,5.12,5.65,5.06,5.57,0
1605263700,5.57,5.63,5.4,5.63,0
1605264000,5.62,6.21,5.62,6.13,0
1605264300,6.09,6.14,5.48,5.48,0
1605264600,5.48,5.84,5.47,5.61,0
1605264900,5.62,5.73,5.62,5.7,0
1605265200,5.69,5.69,5.5,5.52,0
1605265500,5.5,5.53,5.5,5.52,0
1605265800,5.54,5.65,5.54,5.65,0
1605266100,5.68,5.71,4.82,5.03,0
1605266400,5.03,5.1,4.93,4.93,0
1605267000,4.98,5.14,4.97,5.1,0
1605267300,5.07,5.07,4.65,4.65,0
1605267600,4.7,5.15,4.7,4.83,0
1605267900,4.76,5.1,4.76,5.1,0
1605268200,5.11,5.11,4.9,4.98,0
1605268500,4.92,4.95,4.88,4.88,0
1605269100,4.93,4.96,4.9,4.96,0
1605269400,4.94,4.96,4.94,4.96,0
1605269700,4.96,4.98,4.8,4.87,0
1605270000,4.82,4.82,4.79,4.81,0
1605270300,4.77,4.77,4.73,4.75,0
1605270600,4.8,5.4,4.8,5.36,0
1605270900,5.37,5.6,5.1,5.19,0
1605271200,5.17,5.5,5.15,5.5,0
1605271500,5.5,5.65,5.33,5.63,0
1605271800,5.62,5.62,5.42,5.47,0
1605272100,5.49,5.83,5.41,5.75,0
1605272400,5.75,5.97,5.71,5.87,0
1605272700,5.85,5.9,5.71,5.8,0
1605273000,5.76,6.1,5.71,6.1,0
1605273300,6.1,6.14,5.47,6.08,0
1605273600,6.05,6.15,4.7499,5.45,0
1605273900,5.5902,5.89,5.35,5.63,0
1605274200,5.63,5.79,5.5,5.54,0
1605274500,5.53,5.72,5.51,5.68,0
1605274800,5.6998,5.9,5.61,5.89,0
1605275100,5.88,5.9,5.65,5.71,0
1605275400,5.72,5.72,5.37,5.42,0
1605275700,5.43,5.47,5.33,5.33,0
1605276000,5.34,5.5,5.3,5.4,0
1605276300,5.43,5.49,5.4,5.45,0
1605276600,5.43,5.43,5.26,5.3,0
1605276900,5.29,5.33,5.19,5.22,0
1605277200,5.2199,5.26,5.16,5.1699,0
1605277500,5.18,5.28,5.18,5.25,0
1605277800,5.579999923706055,5.748199939727783,5.320000171661377,5.460000038146973,8403635
1605278100,5.449999809265137,5.849999904632568,5.449999809265137,5.590000152587891,3233634
1605278400,5.593299865722656,5.599999904632568,5.170000076293945,5.239999771118164,2054977
1605278700,5.240099906921387,5.440000057220459,5.240099906921387,5.380000114440918,835251
1605279000,5.382699966430664,5.75,5.309999942779541,5.579999923706055,1765738
1605279300,5.570000171661377,5.949999809265137,5.559999942779541,5.840000152587891,2532458
1605279600,5.829999923706055,5.989999771118164,5.760000228881836,5.824999809265137,1451458
1605279900,5.820000171661377,5.949999809265137,5.429999828338623,5.494999885559082,1709141
1605280200,5.489999771118164,5.579999923706055,5.349999904632568,5.389999866485596,839129
1605280500,5.389999866485596,5.739999771118164,5.349999904632568,5.70989990234375,1218115
1605280800,5.700099945068359,5.800000190734863,5.539999961853027,5.64769983291626,1533480
1605281100,5.6479997634887695,5.657400131225586,5.429999828338623,5.510900020599365,820364
1605281400,5.514999866485596,5.670000076293945,5.449999809265137,5.599100112915039,601928
1605281700,5.570000171661377,5.889999866485596,5.550000190734863,5.8572998046875,1519366
1605282000,5.849999904632568,6.650000095367432,5.849999904632568,6.420000076293945,5535023
1605282300,6.409999847412109,6.849999904632568,6.239999771118164,6.800000190734863,3333419
1605282600,6.800000190734863,6.800000190734863,5.980000019073486,6.010000228881836,2777059
1605282900,6.014999866485596,6.170000076293945,5.909999847412109,5.940000057220459,1563523
1605283200,5.945000171661377,6.380000114440918,5.869999885559082,6.360099792480469,1458966
1605283500,6.360000133514404,6.400000095367432,6.139999866485596,6.389999866485596,1588745
1605283800,6.380000114440918,6.400000095367432,6,6.031000137329102,1128360
1605284100,6.045000076293945,6.099999904632568,5.900000095367432,5.989999771118164,657705
1605284400,5.989999771118164,6.139999866485596,5.960000038146973,6.045000076293945,609472
1605284700,6.050000190734863,6.150000095367432,6.03000020980835,6.099999904632568,629592
1605285000,6.090099811553955,6.28000020980835,5.960000038146973,6.230000019073486,946275
1605285300,6.239999771118164,6.400000095367432,6.159999847412109,6.358099937438965,1179211
1605285600,6.360000133514404,6.599999904632568,6.179999828338623,6.295000076293945,2056847
1605285900,6.289999961853027,6.489999771118164,6.25,6.420000076293945,868432
1605286200,6.414999961853027,6.539999961853027,6.400000095367432,6.440000057220459,1098307
1605286500,6.438899993896484,6.440000057220459,6.21999979019165,6.369999885559082,825935
1605286800,6.360099792480469,6.429999828338623,6.179999828338623,6.260000228881836,759621
1605287100,6.260000228881836,6.480000019073486,6.230000019073486,6.440100193023682,755651
1605287400,6.421000003814697,6.71999979019165,6.400000095367432,6.429999828338623,2238384
1605287700,6.429999828338623,6.739999771118164,6.389999866485596,6.695000171661377,1506640
1605288000,6.695000171661377,6.71999979019165,6.519999980926514,6.599899768829346,1049827
1605288300,6.590000152587891,7,6.570000171661377,6.970099925994873,2531125
1605288600,6.96999979019165,7.019999980926514,6.579999923706055,6.6350998878479,2851610
1605288900,6.625,6.809999942779541,6.590000152587891,6.7600998878479,1201471
1605289200,6.75,6.849999904632568,6.650000095367432,6.659999847412109,1139174
1605289500,6.650000095367432,6.650000095367432,6.28000020980835,6.386899948120117,1700133
1605289800,6.389999866485596,6.46999979019165,6.329999923706055,6.373000144958496,844413
1605290100,6.369999885559082,6.559999942779541,6.349999904632568,6.480000019073486,745137
1605290400,6.47189998626709,6.539999961853027,6.349999904632568,6.400000095367432,835404
1605290700,6.400000095367432,6.440000057220459,6.349999904632568,6.360000133514404,322907
1605291000,6.389999866485596,6.409999847412109,6.25,6.300000190734863,532734
1605291300,6.304999828338623,6.679999828338623,6.260000228881836,6.639999866485596,939543
1605291600,6.645699977874756,6.699999809265137,6.53000020980835,6.610000133514404,800586
1605291900,6.619999885559082,6.650000095367432,6.510000228881836,6.599999904632568,452743
1605292200,6.599999904632568,6.609899997711182,6.389999866485596,6.410099983215332,396814
1605292500,6.400400161743164,6.630000114440918,6.400000095367432,6.579999923706055,522330
1605292800,6.599999904632568,6.639999866485596,6.460000038146973,6.5,465001
1605293100,6.5,6.509900093078613,6.309999942779541,6.340000152587891,467596
1605293400,6.340000152587891,6.420000076293945,6.300000190734863,6.389999866485596,462527
1605293700,6.397900104522705,6.420000076293945,6.279900074005127,6.324999809265137,304504
1605294000,6.329999923706055,6.349999904632568,6.019999980926514,6.020100116729736,790940
1605294300,6.025000095367432,6.099999904632568,5.849999904632568,5.909999847412109,1135020
1605294600,5.894999980926514,6.079999923706055,5.760000228881836,6.010000228881836,975277
1605294900,6.014200210571289,6.050000190734863,5.949999809265137,6.0100998878479,440582
1605295200,6.010000228881836,6.03000020980835,5.909999847412109,5.940000057220459,383183
1605295500,5.929999828338623,5.940000057220459,5.659999847412109,5.670100212097168,805462
1605295800,5.679999828338623,5.800000190734863,5.650000095367432,5.769000053405762,512635
1605296100,5.764999866485596,5.820000171661377,5.760000228881836,5.78000020980835,234635
1605296400,5.78000020980835,5.834700107574463,5.550000190734863,5.570000171661377,594301
1605296700,5.570000171661377,5.650000095367432,5.5,5.519999980926514,420852
1605297000,5.519999980926514,5.78000020980835,5.510000228881836,5.769999980926514,372673
1605297300,5.769999980926514,5.775000095367432,5.650000095367432,5.650199890136719,210070
1605297600,5.650000095367432,5.849999904632568,5.650000095367432,5.800000190734863,278935
1605297900,5.78000020980835,5.840000152587891,5.639999866485596,5.690000057220459,340106
1605298200,5.699999809265137,5.760000228881836,5.570000171661377,5.635000228881836,516087
1605298500,5.639999866485596,5.699999809265137,5.610000133514404,5.699999809265137,163695
1605298800,5.699999809265137,5.75,5.619999885559082,5.737800121307373,288256
1605299100,5.720099925994873,6.059999942779541,5.720099925994873,5.994999885559082,675050
1605299400,6,6.005000114440918,5.900000095367432,5.940000057220459,400991
1605299700,5.929999828338623,6,5.789999961853027,5.789999961853027,451031
1605300000,5.800000190734863,5.989999771118164,5.78000020980835,5.975100040435791,308074
1605300300,5.962699890136719,6.239999771118164,5.960000038146973,6.215000152587891,882838
1605300600,6.215000152587891,6.400000095367432,6.079999923706055,6.149700164794922,1497831
1605300900,6.113699913024902,6.230000019073486,6.039999961853027,6.114999771118164,817401
1605301200,6.15,6.15,6.15,6.15,45437
1605302100,6.1,6.24,5.8201,5.95,0
1605302400,5.9599,5.96,5.84,5.88,0
1605302700,5.91,6.1,5.9,6.09,0
1605303000,6.08,6.09,6.01,6.09,0
1605303300,6.09,6.09,5.86,5.89,0
1605303600,5.88,5.89,5.7,5.7,0
1605303900,5.68,5.79,5.6,5.79,0
1605304200,5.79,5.86,5.77,5.83,0
1605304500,5.83,5.91,5.8,5.8,0
1605304800,5.8201,5.88,5.78,5.79,0
1605305100,5.78,5.82,5.71,5.73,0
1605305400,5.73,5.75,5.72,5.74,0
1605305700,5.74,5.74,5.71,5.71,0
1605306000,5.71,5.73,5.7,5.72,0
1605306300,5.72,5.82,5.72,5.8,0
1605306600,5.8,5.8,5.77,5.7702,0
1605306900,5.79,5.82,5.79,5.82,0
1605307200,5.82,6.07,5.82,6.01,0
1605307500,6.01,6.06,5.9501,6,0
1605307800,6.01,6.01,6,6,0
1605308100,5.95,6.08,5.95,6.03,0
1605308400,6.03,6.0501,6,6.01,0
1605308700,6,6.04,5.99,6,0
1605309000,6,6.03,6,6,0
1605309300,5.99,6,5.99,6,0
1605309600,6,6.01,6,6,0
1605309900,6,6,5.99,6,0
1605310200,6.04,6.04,5.99,5.99,0
1605310500,6.04,6.06,5.99,6,0
1605310800,6.05,6.05,6,6,0
1605311100,6,6.05,5.99,5.99,0
1605311400,5.99,5.99,5.98,5.99,0
1605311700,5.99,5.99,5.98,5.98,0
1605312000,5.99,5.99,5.98,5.98,0
1605312300,5.99,6.04,5.98,6.04,0
1605312600,6.04,6.06,6.04,6.06,0
1605312900,6.06,6.1,6.04,6.08,0
1605313200,6.05,6.05,5.98,6.05,0
1605313500,6.0501,6.1,6.05,6.1,0
1605313800,6.08,6.0801,6.08,6.0801,0
1605314100,6.05,6.05,6.05,6.05,0
1605314400,6.08,6.08,6.05,6.07,0
1605314700,6.08,6.08,6.05,6.05,0
1605315000,6.08,6.08,6.05,6.05,0
1605315300,6.05,6.24,6.05,6.24,0
