Date,Open,High,Low,Close,Volume
1605258900,41.38,41.38,41.16,41.25,0
1605259200,41.25,41.33,41.25,41.33,0
1605259500,41.33,41.33,41.25,41.25,0
1605259800,41.24,41.25,41.24,41.25,0
1605260100,41.25,41.25,41.25,41.25,0
1605260700,41.3,41.4,41.3,41.4,0
1605261300,41.47,41.55,41.47,41.55,0
1605261600,41.5,41.5,41.5,41.5,0
1605261900,41.48,41.49,41.48,41.49,0
1605262200,41.49,41.49,41.49,41.49,0
1605262800,41.41,41.43,41.4,41.4,0
1605263100,41.38,41.48,41.38,41.48,0
1605263400,41.48,41.54,41.48,41.5,0
1605263700,41.55,41.55,41.5,41.5,0
1605264000,41.55,41.55,41.55,41.55,0
1605264300,41.52,41.54,41.5,41.54,0
1605264600,41.54,41.54,41.54,41.54,0
1605264900,41.51,41.54,41.48,41.51,0
1605265200,41.51,41.78,41.5,41.78,0
1605265500,41.8,41.8,41.73,41.73,0
1605265800,41.71,41.71,41.7,41.7,0
1605266700,41.67,41.69,41.67,41.69,0
1605267000,41.57,41.57,41.57,41.57,0
1605267300,41.64,41.65,41.64,41.65,0
1605267600,41.56,41.56,41.5,41.5,0
1605267900,41.41,41.5,41.41,41.5,0
1605268200,41.51,41.51,41.51,41.51,0
1605268800,41.46,41.46,41.45,41.45,0
1605269100,41.44,41.44,41.44,41.44,0
1605269700,41.49,41.63,41.49,41.55,0
1605270000,41.55,41.55,41.46,41.46,0
1605270300,41.45,41.45,41.25,41.25,0
1605270600,41.24,41.49,41.18,41.43,0
1605270900,41.47,41.47,41.29,41.35,0
1605271200,41.35,41.36,41.31,41.35,0
1605271500,41.35,41.38,41.32,41.33,0
1605271800,41.38,41.54,41.33,41.45,0
1605272100,41.4,41.44,41.4,41.4,0
1605272400,41.4,41.44,41.4,41.4,0
1605272700,41.44,41.55,41.42,41.5,0
1605273000,41.44,41.45,41.42,41.42,0
1605273300,41.55,41.63,41.2499,41.4,0
1605273600,41.4,41.42,41.37,41.37,0
1605273900,41.35,41.45,41.35,41.45,0
1605274200,41.46,41.65,41.45,41.58,0
1605274500,41.6,41.6387,41.45,41.48,0
1605274800,41.49,41.49,41.4249,41.4302,0
1605275100,41.48,41.58,41.48,41.56,0
1605275400,41.55,41.6,41.55,41.57,0
1605275700,41.56,41.6,41.49,41.5682,0
1605276000,41.55,41.5875,41.53,41.5875,0
1605276300,41.5301,41.54,41.41,41.46,0
1605276600,41.42,41.45,41.4,41.41,0
1605276900,41.41,41.5899,41.28,41.5699,0
1605277200,41.5601,41.57,41.4,41.41,0
1605277500,41.41,41.5,41.4,41.5,0
1605277800,41.20000076293945,41.40999984741211,40.560001373291016,41.2400016784668,5446582
1605278100,41.24660110473633,41.439998626708984,41.040000915527344,41.23500061035156,2539987
1605278400,41.2400016784668,41.267601013183594,40.650001525878906,41.11000061035156,2645048
1605278700,41.1150016784668,41.47999954223633,41.11000061035156,41.402400970458984,1699697
1605279000,41.40999984741211,41.41999816894531,41.189998626708984,41.340301513671875,1194131
1605279300,41.34469985961914,41.3650016784668,40.959999084472656,40.97140121459961,1149504
1605279600,40.970001220703125,41.130001068115234,40.970001220703125,41.119998931884766,1315609
1605279900,41.1150016784668,41.1593017578125,40.869998931884766,40.94499969482422,587474
1605280200,40.94499969482422,41.09000015258789,40.915000915527344,41.005001068115234,541077
1605280500,41,41.09000015258789,40.920101165771484,40.939998626708984,634270
1605280800,40.935001373291016,41.060001373291016,40.93000030517578,40.94499969482422,707046
1605281100,40.94169998168945,41.02479934692383,40.91999816894531,41.02479934692383,465002
1605281400,41.029998779296875,41.29169845581055,41.027400970458984,41.27000045776367,671285
1605281700,41.274200439453125,41.279998779296875,41.15999984741211,41.20000076293945,572944
1605282000,41.19300079345703,41.279998779296875,41.19300079345703,41.275001525878906,535366
1605282300,41.275001525878906,41.349998474121094,41.22999954223633,41.28499984741211,542727
1605282600,41.286399841308594,41.290000915527344,41.16999816894531,41.20500183105469,377153
1605282900,41.209999084472656,41.220001220703125,41.040000915527344,41.18000030517578,605511
1605283200,41.189998626708984,41.290000915527344,41.189998626708984,41.27000045776367,415816
1605283500,41.27000045776367,41.279998779296875,41.209999084472656,41.26020050048828,450026
1605283800,41.26499938964844,41.27000045776367,41.16999816894531,41.2052001953125,320633
1605284100,41.20500183105469,41.25,41.17499923706055,41.19499969482422,315306
1605284400,41.189998626708984,41.20000076293945,41.10179901123047,41.1349983215332,375287
1605284700,41.1349983215332,41.27000045776367,41.130001068115234,41.19499969482422,586524
1605285000,41.20000076293945,41.220001220703125,41.165000915527344,41.209999084472656,270126
1605285300,41.21500015258789,41.220001220703125,41.14500045776367,41.16999816894531,392253
1605285600,41.17499923706055,41.2400016784668,41.17210006713867,41.23500061035156,303080
1605285900,41.23500061035156,41.2599983215332,41.13999938964844,41.17499923706055,310591
1605286200,41.16999816894531,41.27000045776367,41.150001525878906,41.27000045776367,302339
1605286500,41.2599983215332,41.29999923706055,41.220001220703125,41.26179885864258,288738
1605286800,41.2599983215332,41.29999923706055,41.22999954223633,41.27009963989258,276245
1605287100,41.27000045776367,41.36000061035156,41.27000045776367,41.349998474121094,299284
1605287400,41.349998474121094,41.38999938964844,41.314998626708984,41.344600677490234,379158
1605287700,41.34560012817383,41.34989929199219,41.258201599121094,41.30500030517578,318551
1605288000,41.310001373291016,41.349998474121094,41.29999923706055,41.314998626708984,196399
1605288300,41.314998626708984,41.31999969482422,41.27000045776367,41.29999923706055,187368
1605288600,41.29999923706055,41.29999923706055,41.2401008605957,41.26900100708008,259385
1605288900,41.26340103149414,41.400001525878906,41.26179885864258,41.400001525878906,429343
1605289200,41.400001525878906,41.45000076293945,41.3849983215332,41.4119987487793,381438
1605289500,41.41239929199219,41.439998626708984,41.400001525878906,41.435001373291016,229819
1605289800,41.43000030517578,41.459999084472656,41.41999816894531,41.42839813232422,287473
1605290100,41.42499923706055,41.470001220703125,41.41999816894531,41.46900177001953,174822
1605290400,41.470001220703125,41.47999954223633,41.439998626708984,41.45500183105469,298878
1605290700,41.459999084472656,41.470001220703125,41.31999969482422,41.34830093383789,332218
1605291000,41.342498779296875,41.38999938964844,41.29999923706055,41.310001373291016,238726
1605291300,41.310001373291016,41.33000183105469,41.29499816894531,41.314998626708984,316660
1605291600,41.310001373291016,41.31999969482422,41.25,41.2599983215332,357037
1605291900,41.26499938964844,41.29999923706055,41.220001220703125,41.250099182128906,295876
1605292200,41.255001068115234,41.279998779296875,41.220001220703125,41.2599983215332,269657
1605292500,41.26499938964844,41.33399963378906,41.26179885864258,41.314998626708984,210413
1605292800,41.314998626708984,41.34000015258789,41.290000915527344,41.323001861572266,236879
1605293100,41.329898834228516,41.380001068115234,41.322200775146484,41.369998931884766,239719
1605293400,41.378299713134766,41.38999938964844,41.345001220703125,41.36000061035156,225324
1605293700,41.356998443603516,41.41999816894531,41.356998443603516,41.417701721191406,249798
1605294000,41.415000915527344,41.43000030517578,41.375,41.3849983215332,228816
1605294300,41.3849983215332,41.41999816894531,41.369998931884766,41.40999984741211,186608
1605294600,41.404998779296875,41.40999984741211,41.369998931884766,41.375,192779
1605294900,41.375,41.38999938964844,41.310001373291016,41.3849983215332,250994
1605295200,41.38999938964844,41.43000030517578,41.380001068115234,41.39500045776367,222573
1605295500,41.394901275634766,41.40999984741211,41.369998931884766,41.39500045776367,194051
1605295800,41.39500045776367,41.42900085449219,41.38999938964844,41.41999816894531,255182
1605296100,41.42499923706055,41.470001220703125,41.415000915527344,41.41999816894531,302104
1605296400,41.415000915527344,41.43000030517578,41.380001068115234,41.3849983215332,284531
1605296700,41.3849983215332,41.40999984741211,41.345001220703125,41.40999984741211,174489
1605297000,41.4015007019043,41.459999084472656,41.38999938964844,41.459999084472656,240218
1605297300,41.45719909667969,41.5,41.45000076293945,41.470001220703125,341250
1605297600,41.459999084472656,41.52000045776367,41.459999084472656,41.47999954223633,490732
1605297900,41.47570037841797,41.5099983215332,41.470001220703125,41.4723014831543,342527
1605298200,41.47489929199219,41.5,41.41999816894531,41.486000061035156,367498
1605298500,41.47999954223633,41.505001068115234,41.45000076293945,41.47999954223633,397562
1605298800,41.474998474121094,41.47999954223633,41.3650016784668,41.37379837036133,367513
1605299100,41.375,41.45000076293945,41.369998931884766,41.40999984741211,464028
1605299400,41.40999984741211,41.470001220703125,41.37009811401367,41.45500183105469,462762
1605299700,41.45500183105469,41.470001220703125,41.43000030517578,41.439998626708984,438901
1605300000,41.45000076293945,41.459999084472656,41.38999938964844,41.409000396728516,625829
1605300300,41.40999984741211,41.52000045776367,41.404998779296875,41.5099983215332,1045231
1605300600,41.52000045776367,41.52000045776367,41.380001068115234,41.380001068115234,1765778
1605300900,41.3849983215332,41.4900016784668,41.349998474121094,41.400001525878906,2241006
1605301200,41.45,41.45,41.4,41.4,3508567
1605302100,41.4,41.4,41.35,41.4,0
1605302400,41.36,41.4,41.32,41.39,0
1605302700,41.4,41.4,41.2685,41.33,0
1605303000,41.36,41.36,41.33,41.36,0
1605303300,41.38,41.3958,41.38,41.3958,0
1605303600,41.38,41.4,41.3602,41.3602,0
1605303900,41.3638,41.38,41.36,41.38,0
1605304200,41.38,41.48,41.37,41.37,0
1605304500,41.38,41.38,41.3702,41.38,0
1605304800,41.37,41.38,41.37,41.37,0
1605305100,41.38,41.38,41.38,41.38,0
1605305400,41.36,41.36,41.35,41.35,0
1605305700,41.37,41.39,41.37,41.38,0
1605306000,41.36,41.36,41.36,41.36,0
1605306900,41.36,41.39,41.36,41.39,0
1605307200,41.35,41.35,41.35,41.35,0
1605307500,41.35,41.38,41.35,41.38,0
1605307800,41.38,41.38,41.38,41.38,0
1605308100,41.38,41.38,41.38,41.38,0
1605308400,41.38,41.38,41.38,41.38,0
1605309000,41.38,41.38,41.38,41.38,0
1605309300,41.39,41.39,41.39,41.39,0
1605309600,41.38,41.38,41.38,41.38,0
1605309900,41.38,41.38,41.38,41.38,0
1605310500,41.38,41.38,41.38,41.38,0
1605311100,41.38,41.39,41.38,41.39,0
1605311400,41.38,41.38,41.38,41.38,0
1605312000,41.38,41.38,41.38,41.38,0
1605312300,41.39,41.39,41.39,41.39,0
1605312600,41.38,41.38,41.38,41.38,0
1605312900,41.39,41.39,41.38,41.38,0
1605314100,41.38,41.4,41.38,41.4,0
1605314400,41.4,41.4,41.4,41.4,0
1605315000,41.37,41.37,41.37,41.37,0
1605315300,41.4,41.4,41.4,41.4,0
