Date,Open,High,Low,Close,Volume
1605258900,34.5,34.5,34.5,34.5,0
1605259200,35.1,35.1,35.1,35.1,0
1605259500,34.68,34.68,34.68,34.68,0
1605262200,34.75,34.75,34.75,34.75,0
1605262500,34.9,34.97,34.9,34.97,0
1605263100,34.94,35,34.94,35,0
1605263400,34.97,35.16,34.97,35.16,0
1605264000,35.1,35.1,35.1,35.1,0
1605264300,35.1,35.22,35.1,35.22,0
1605264600,35.22,35.22,35.22,35.22,0
1605264900,35.22,35.22,35,35,0
1605266400,35.05,35.05,35.03,35.03,0
1605267600,35.03,35.04,35.03,35.04,0
1605269700,35.08,35.18,34.9,34.9,0
1605270000,34.88,34.93,34.88,34.92,0
1605270300,34.85,34.92,34.85,34.91,0
1605270900,34.9,34.9,34.9,34.9,0
1605271200,34.82,34.87,34.8,34.8,0
1605271500,34.81,34.81,34.81,34.81,0
1605271800,34.88,34.89,34.8,34.8,0
1605272100,34.83,34.88,34.79,34.79,0
1605272400,34.87,34.87,34.83,34.83,0
1605272700,34.87,34.87,34.84,34.85,0
1605273000,34.86,34.86,34.85,34.85,0
1605273300,34.9299,35.175,34.82,34.82,0
1605273600,34.81,34.82,34.81,34.82,0
1605273900,34.83,34.85,34.76,34.76,0
1605274200,34.75,34.81,34.72,34.81,0
1605274500,34.7201,34.7599,34.7201,34.7599,0
1605274800,34.74,34.77,34.72,34.72,0
1605275100,34.7699,34.89,34.73,34.75,0
1605275400,34.76,34.79,34.72,34.79,0
1605275700,34.87,34.87,34.74,34.79,0
1605276000,34.8,34.84,34.76,34.83,0
1605276300,34.8,34.8699,34.8,34.8699,0
1605276600,34.85,34.89,34.81,34.88,0
1605276900,34.81,34.88,34.81,34.87,0
1605277200,34.88,34.9,34.8443,34.9,0
1605277500,34.9099,34.9099,34.87,34.87,0
1605277800,34.95000076293945,35.119998931884766,34.849998474121094,35.005001068115234,795602
1605278100,35.0099983215332,35.279998779296875,34.970001220703125,35.27009963989258,689471
1605278400,35.275001525878906,35.41999816894531,35.209999084472656,35.33000183105469,580433
1605278700,35.33000183105469,35.40999984741211,35.15999984741211,35.38999938964844,376783
1605279000,35.38999938964844,35.5099983215332,35.279998779296875,35.404998779296875,460445
1605279300,35.400699615478516,35.619998931884766,35.339900970458984,35.618900299072266,416810
1605279600,35.61000061035156,35.79999923706055,35.58000183105469,35.75,563389
1605279900,35.75,35.86000061035156,35.68000030517578,35.814998626708984,470832
1605280200,35.81999969482422,35.97999954223633,35.709999084472656,35.72999954223633,782686
1605280500,35.72999954223633,35.790000915527344,35.54999923706055,35.630001068115234,356932
1605280800,35.62990188598633,35.709999084472656,35.54999923706055,35.70750045776367,215401
1605281100,35.709999084472656,35.880001068115234,35.68000030517578,35.86989974975586,216189
1605281400,35.869998931884766,35.970001220703125,35.80889892578125,35.959999084472656,266465
1605281700,35.970001220703125,35.974998474121094,35.7599983215332,35.81010055541992,297007
1605282000,35.81060028076172,35.9900016784668,35.779998779296875,35.974998474121094,289206
1605282300,35.97999954223633,36.0099983215332,35.84000015258789,35.91109848022461,448418
1605282600,35.904998779296875,36.0099983215332,35.88999938964844,35.959999084472656,233856
1605282900,35.96500015258789,35.9900016784668,35.86000061035156,35.900001525878906,190810
1605283200,35.900001525878906,35.974998474121094,35.880001068115234,35.95500183105469,211466
1605283500,35.959999084472656,36.029998779296875,35.91999816894531,36.0099983215332,275422
1605283800,36,36.15999984741211,35.97999954223633,36.150001525878906,293149
1605284100,36.150001525878906,36.33000183105469,36.119998931884766,36.29999923706055,483753
1605284400,36.29499816894531,36.459999084472656,36.290000915527344,36.369998931884766,506992
1605284700,36.369998931884766,36.369998931884766,36.22999954223633,36.32609939575195,373693
1605285000,36.329898834228516,36.329898834228516,36.18000030517578,36.23109817504883,301666
1605285300,36.23979949951172,36.400001525878906,36.189998626708984,36.39500045776367,306757
1605285600,36.39500045776367,36.52000045776367,36.38999938964844,36.47999954223633,471664
1605285900,36.47999954223633,36.47999954223633,36.279998779296875,36.28499984741211,230553
1605286200,36.28499984741211,36.40129852294922,36.279998779296875,36.380001068115234,135133
1605286500,36.36000061035156,36.3650016784668,36.290000915527344,36.290000915527344,147025
1605286800,36.290000915527344,36.310001373291016,36.2400016784668,36.26499938964844,129956
1605287100,36.26409912109375,36.35499954223633,36.2599983215332,36.33000183105469,196355
1605287400,36.31999969482422,36.31999969482422,36.189998626708984,36.20000076293945,198993
1605287700,36.209999084472656,36.220001220703125,36.11000061035156,36.130001068115234,202056
1605288000,36.13999938964844,36.16999816894531,36.084999084472656,36.13999938964844,135576
1605288300,36.150001525878906,36.22999954223633,36.14500045776367,36.20000076293945,132203
1605288600,36.20000076293945,36.25979995727539,36.189998626708984,36.2510986328125,120252
1605288900,36.2599983215332,36.27859878540039,36.23109817504883,36.2400016784668,99678
1605289200,36.244998931884766,36.279998779296875,36.220001220703125,36.2224006652832,119654
1605289500,36.22990036010742,36.349998474121094,36.224998474121094,36.349998474121094,165577
1605289800,36.349998474121094,36.470001220703125,36.34109878540039,36.44499969482422,202703
1605290100,36.44990158081055,36.470001220703125,36.38999938964844,36.44499969482422,159657
1605290400,36.45000076293945,36.470001220703125,36.401100158691406,36.40999984741211,138100
1605290700,36.40999984741211,36.45500183105469,36.375,36.45000076293945,140081
1605291000,36.459999084472656,36.4900016784668,36.349998474121094,36.369998931884766,209439
1605291300,36.36370086669922,36.41999816894531,36.35100173950195,36.40999984741211,117263
1605291600,36.40999984741211,36.415000915527344,36.31999969482422,36.349998474121094,166421
1605291900,36.349998474121094,36.43000030517578,36.334999084472656,36.3849983215332,111190
1605292200,36.38999938964844,36.43000030517578,36.34000015258789,36.349998474121094,103332
1605292500,36.34619903564453,36.44850158691406,36.334999084472656,36.44499969482422,158115
1605292800,36.44499969482422,36.45000076293945,36.38999938964844,36.40999984741211,82724
1605293100,36.40999984741211,36.45000076293945,36.369998931884766,36.40999984741211,104340
1605293400,36.400001525878906,36.42499923706055,36.380699157714844,36.40999984741211,88164
1605293700,36.404998779296875,36.41419982910156,36.34000015258789,36.3650016784668,89608
1605294000,36.3650016784668,36.439998626708984,36.36000061035156,36.380001068115234,112429
1605294300,36.380001068115234,36.396400451660156,36.22999954223633,36.28010177612305,283516
1605294600,36.290000915527344,36.349998474121094,36.2599983215332,36.33000183105469,176389
1605294900,36.327301025390625,36.334999084472656,36.25,36.28889846801758,175227
1605295200,36.28499984741211,36.33000183105469,36.255001068115234,36.27000045776367,148505
1605295500,36.27000045776367,36.279998779296875,36.20000076293945,36.275001525878906,193669
1605295800,36.279998779296875,36.33000183105469,36.279998779296875,36.29800033569336,164912
1605296100,36.29999923706055,36.37990188598633,36.275001525878906,36.369998931884766,100354
1605296400,36.3650016784668,36.439998626708984,36.35499954223633,36.414100646972656,192601
1605296700,36.40999984741211,36.415000915527344,36.29999923706055,36.32500076293945,147281
1605297000,36.33000183105469,36.45000076293945,36.320098876953125,36.45000076293945,200788
1605297300,36.44499969482422,36.54999923706055,36.439998626708984,36.505001068115234,295284
1605297600,36.5,36.54999923706055,36.45500183105469,36.51499938964844,146906
1605297900,36.52000045776367,36.540000915527344,36.470001220703125,36.48500061035156,146098
1605298200,36.48500061035156,36.540000915527344,36.459999084472656,36.53499984741211,152155
1605298500,36.529998779296875,36.55500030517578,36.5,36.52220153808594,188497
1605298800,36.525001525878906,36.525001525878906,36.44499969482422,36.45500183105469,184279
1605299100,36.45500183105469,36.54999923706055,36.439998626708984,36.54499816894531,160623
1605299400,36.54199981689453,36.6150016784668,36.529998779296875,36.61000061035156,241087
1605299700,36.61000061035156,36.619998931884766,36.54499816894531,36.59000015258789,237302
1605300000,36.589900970458984,36.67499923706055,36.56999969482422,36.630001068115234,305959
1605300300,36.619998931884766,36.630001068115234,36.5,36.51499938964844,351306
1605300600,36.52000045776367,36.619998931884766,36.5099983215332,36.56999969482422,456748
1605300900,36.564998626708984,36.577301025390625,36.459999084472656,36.459999084472656,630918
1605301200,36.46,36.46,36.46,36.46,401016
1605302100,36.45,36.46,36.43,36.46,0
1605302400,36.45,36.5,36.45,36.5,0
1605302700,36.5,36.5,36.45,36.46,0
1605303000,36.49,36.49,36.45,36.45,0
1605303300,36.4698,36.4698,36.45,36.45,0
1605303600,36.49,36.5,36.47,36.49,0
1605303900,36.49,36.5,36.4702,36.49,0
1605304200,36.49,36.54,36.47,36.47,0
1605304500,36.47,36.52,36.46,36.47,0
1605304800,36.5,36.5,36.45,36.45,0
1605305100,36.48,36.69,36.48,36.68,0
1605305400,36.69,36.93,36.46,36.93,0
1605305700,36.85,36.96,36.8,36.96,0
1605306000,36.95,37.19,36.94,37.14,0
1605306300,37.13,37.16,37,37,0
1605306600,37,37.07,37,37.01,0
1605306900,37.0498,37.0498,37,37,0
1605307200,37,37.08,37,37,0
1605307500,37,37.08,37,37,0
1605307800,36.89,36.9,36.56,36.88,0
1605308100,36.84,36.9,36.84,36.85,0
1605308400,36.85,36.85,36.72,36.72,0
1605308700,36.79,36.83,36.79,36.79,0
1605309000,36.79,36.85,36.79,36.85,0
1605309300,36.86,36.89,36.85,36.89,0
1605309600,36.89,36.9,36.88,36.88,0
1605309900,36.88,36.93,36.88,36.89,0
1605310200,36.88,36.88,36.79,36.85,0
1605310500,36.87,36.88,36.87,36.87,0
1605310800,36.8,36.8,36.8,36.8,0
1605311100,36.85,36.85,36.7701,36.7701,0
1605311400,36.77,36.77,36.77,36.77,0
1605311700,36.8,36.8,36.8,36.8,0
1605312000,36.84,36.85,36.82,36.85,0
1605312600,36.83,36.85,36.82,36.85,0
1605312900,36.86,36.86,36.82,36.82,0
1605313200,36.82,36.85,36.82,36.85,0
1605313500,36.85,36.88,36.84,36.88,0
1605313800,36.83,36.83,36.83,36.83,0
1605314100,36.83,36.83,36.82,36.82,0
1605314400,36.83,36.83,36.83,36.83,0
1605314700,36.83,36.83,36.82,36.82,0
1605315000,36.83,36.85,36.82,36.85,0
1605315300,36.84,36.86,36.83,36.83,0
