Date,Open,High,Low,Close,Volume
1605258900,42.67,42.67,42.67,42.67,0
1605259500,42.72,42.72,42.49,42.49,0
1605259800,42.49,42.49,42.49,42.49,0
1605260100,42.79,42.91,42.74,42.9,0
1605260400,42.92,42.92,42.9,42.9,0
1605260700,42.9,42.91,42.9,42.9,0
1605262800,42.62,42.62,42.5,42.5,0
1605263400,42.43,42.43,42.43,42.43,0
1605263700,42.5,42.5,42.5,42.5,0
1605264000,42.9,42.9,42.9,42.9,0
1605264300,42.8,42.8,42.65,42.8,0
1605264900,42.73,42.73,42.73,42.73,0
1605265500,42.8,42.8,42.8,42.8,0
1605265800,42.9,43,42.9,43,0
1605266100,43.04,43.24,43.02,43.02,0
1605266700,43.1,43.11,43.1,43.11,0
1605267000,43.12,43.12,43.1,43.12,0
1605267300,42.96,42.96,42.96,42.96,0
1605267600,42.88,43,42.82,42.82,0
1605268500,42.93,43.25,42.93,43.25,0
1605268800,43.07,43.19,43,43,0
1605269100,42.82,43.38,42.75,42.98,0
1605269400,43.09,43.09,43.04,43.04,0
1605269700,43.11,44.72,42.88,44.2,0
1605270000,44.18,44.25,43.6,43.78,0
1605270300,43.83,44.1,43.5,43.78,0
1605270600,43.77,44.25,43.77,44.15,0
1605270900,44.14,44.52,44.12,44.3,0
1605271200,44.38,44.64,44.2,44.59,0
1605271500,44.64,44.7,44.47,44.51,0
1605271800,44.51,44.56,44.15,44.25,0
1605272100,44.25,44.9,44.25,44.89,0
1605272400,44.92,45.66,44.91,45.63,0
1605272700,45.66,45.66,45.25,45.34,0
1605273000,45.34,45.57,45.2,45.5,0
1605273300,44.1899,45.66,42.9,45.65,0
1605273600,45.61,45.8,45.5,45.55,0
1605273900,45.52,45.64,45.5,45.55,0
1605274200,45.54,45.64,45.51,45.59,0
1605274500,45.59,45.87,45.55,45.8399,0
1605274800,45.8001,45.98,45.7,45.85,0
1605275100,45.75,45.95,45.7,45.94,0
1605275400,45.94,46.01,45.9,46.01,0
1605275700,45.99,46.39,45.95,46.1,0
1605276000,46.16,46.4,46.06,46.35,0
1605276300,46.2501,46.36,46.15,46.25,0
1605276600,46.25,46.25,45.76,45.85,0
1605276900,45.85,45.85,45.46,45.68,0
1605277200,45.66,45.74,45.5,45.61,0
1605277500,45.63,46,45.6,45.98,0
1605277800,45,45.209999084472656,43.849998474121094,43.939998626708984,8338275
1605278100,44.01319885253906,44.74480056762695,43.79999923706055,44.70000076293945,2453515
1605278400,44.70000076293945,44.7400016784668,43.70000076293945,44.060001373291016,1624685
1605278700,44.09000015258789,44.419898986816406,43.61000061035156,43.775001525878906,1782544
1605279000,43.79999923706055,44.349998474121094,43.689998626708984,44.040000915527344,1063071
1605279300,44.040000915527344,44.540000915527344,43.95000076293945,44.27000045776367,1081372
1605279600,44.27000045776367,44.529998779296875,44.02000045776367,44.08000183105469,819362
1605279900,44.088199615478516,44.16999816894531,43.779998779296875,43.93000030517578,634225
1605280200,43.93000030517578,44.38999938964844,43.779998779296875,44.230098724365234,896649
1605280500,44.22999954223633,44.45000076293945,44.04999923706055,44.18000030517578,563109
1605280800,44.185001373291016,44.27000045776367,43.869998931884766,44.19559860229492,693284
1605281100,44.19499969482422,44.70000076293945,44.130001068115234,44.61009979248047,1490287
1605281400,44.61000061035156,44.95000076293945,44.529998779296875,44.92499923706055,1542639
1605281700,44.93190002441406,45.04999923706055,44.34000015258789,44.369998931884766,1362510
1605282000,44.38800048828125,44.439998626708984,44.0099983215332,44.19990158081055,703156
1605282300,44.17829895019531,44.29999923706055,43.920101165771484,44,729528
1605282600,44,44.15999984741211,43.83000183105469,44.129798889160156,798867
1605282900,44.12910079956055,44.13990020751953,43.11000061035156,43.527801513671875,1166158
1605283200,43.529998779296875,43.59000015258789,43.119998931884766,43.30500030517578,670049
1605283500,43.310001373291016,43.540000915527344,43.279998779296875,43.380001068115234,388013
1605283800,43.36669921875,43.5,42.75,42.900001525878906,807360
1605284100,42.919700622558594,43.13990020751953,42.845001220703125,42.969200134277344,550008
1605284400,42.970001220703125,43.150001525878906,42.77000045776367,43.14550018310547,661506
1605284700,43.14500045776367,43.22999954223633,42.810001373291016,42.880001068115234,493640
1605285000,42.900001525878906,42.919898986816406,42.5099983215332,42.58000183105469,582577
1605285300,42.562198638916016,42.849998474121094,42.5099983215332,42.749900817871094,446991
1605285600,42.7400016784668,42.880001068115234,42.63999938964844,42.730098724365234,345178
1605285900,42.72999954223633,42.790000915527344,42.560001373291016,42.71649932861328,259469
1605286200,42.71900177001953,42.720001220703125,42.220001220703125,42.29999923706055,595355
1605286500,42.265098571777344,42.650001525878906,42.265098571777344,42.61989974975586,457273
1605286800,42.6349983215332,42.709999084472656,42.43000030517578,42.57979965209961,378124
1605287100,42.560001373291016,42.97990036010742,42.560001373291016,42.97439956665039,452152
1605287400,42.97999954223633,43.22999954223633,42.970001220703125,43.16999816894531,526542
1605287700,43.177799224853516,43.177799224853516,42.760101318359375,42.77009963989258,346084
1605288000,42.79629898071289,42.970001220703125,42.75,42.84000015258789,261564
1605288300,42.8744010925293,42.9099006652832,42.5099983215332,42.51499938964844,382956
1605288600,42.51499938964844,42.54990005493164,42.33000183105469,42.5099983215332,340213
1605288900,42.52000045776367,42.84000015258789,42.51499938964844,42.709999084472656,303789
1605289200,42.709999084472656,42.84000015258789,42.529998779296875,42.53990173339844,239910
1605289500,42.540000915527344,43.25,42.529998779296875,43.21950149536133,1515940
1605289800,43.21780014038086,43.540000915527344,43.20000076293945,43.479801177978516,1079544
1605290100,43.48540115356445,43.66999816894531,43.420799255371094,43.62649917602539,466593
1605290400,43.599998474121094,43.689998626708984,43.45000076293945,43.63010025024414,436461
1605290700,43.650001525878906,43.689998626708984,43.279998779296875,43.300201416015625,421426
1605291000,43.290000915527344,43.52000045776367,43.20000076293945,43.410099029541016,311966
1605291300,43.41999816894531,43.54499816894531,43.36000061035156,43.45989990234375,320332
1605291600,43.439998626708984,43.70000076293945,43.38999938964844,43.68000030517578,304232
1605291900,43.65999984741211,43.81999969482422,43.650001525878906,43.7599983215332,356029
1605292200,43.74850082397461,43.79999923706055,43.5,43.56999969482422,353499
1605292500,43.57500076293945,43.59450149536133,43.34000015258789,43.439998626708984,210172
1605292800,43.45989990234375,43.459999084472656,43.22999954223633,43.290000915527344,197605
1605293100,43.279998779296875,43.33000183105469,43.11000061035156,43.26350021362305,270761
1605293400,43.279998779296875,43.59000015258789,43.189998626708984,43.45000076293945,283341
1605293700,43.439998626708984,43.599998474121094,43.43000030517578,43.540000915527344,309178
1605294000,43.529998779296875,43.55649948120117,43.31230163574219,43.334999084472656,157489
1605294300,43.31999969482422,43.4734992980957,43.16999816894531,43.2239990234375,179339
1605294600,43.221099853515625,43.224998474121094,43.010101318359375,43.040000915527344,263213
1605294900,43.040000915527344,43.189998626708984,42.91999816894531,43.09000015258789,241743
1605295200,43.099998474121094,43.25,43.099998474121094,43.23889923095703,171267
1605295500,43.2400016784668,43.279998779296875,43.040000915527344,43.06999969482422,242035
1605295800,43.0906982421875,43.34000015258789,43.07379913330078,43.2400016784668,180720
1605296100,43.2400016784668,43.349998474121094,43.130001068115234,43.33000183105469,213116
1605296400,43.320899963378906,43.43000030517578,43.279998779296875,43.334999084472656,255796
1605296700,43.349998474121094,43.37799835205078,43.209999084472656,43.279998779296875,208625
1605297000,43.28419876098633,43.43000030517578,43.18009948730469,43.40999984741211,165551
1605297300,43.4109992980957,43.44990158081055,43.310001373291016,43.38999938964844,134115
1605297600,43.3922004699707,43.54249954223633,43.31999969482422,43.41999816894531,218492
1605297900,43.439998626708984,43.46500015258789,43.36000061035156,43.41999816894531,159321
1605298200,43.42499923706055,43.5,43.400001525878906,43.494998931884766,141027
1605298500,43.4900016784668,43.5,43.380001068115234,43.47999954223633,179820
1605298800,43.47999954223633,43.4900016784668,43.27000045776367,43.34000015258789,154303
1605299100,43.34000015258789,43.380001068115234,43.2599983215332,43.34170150756836,194693
1605299400,43.345001220703125,43.345001220703125,43.209999084472656,43.22999954223633,215689
1605299700,43.22999954223633,43.27000045776367,43.029998779296875,43.0447998046875,329171
1605300000,43.04499816894531,43.150001525878906,43.040000915527344,43.14780044555664,299142
1605300300,43.130001068115234,43.220001220703125,42.91999816894531,42.9900016784668,515312
1605300600,43,43.029998779296875,42.849998474121094,42.8650016784668,463337
1605300900,42.86009979248047,42.94990158081055,42.810001373291016,42.84669876098633,709765
1605301200,42.75,42.84,42.75,42.84,158119
1605302100,42.84,42.94,42.84,42.92,0
1605302400,42.9,42.96,42.9,42.9598,0
1605302700,42.95,42.96,42.91,42.96,0
1605303000,42.95,42.96,42.86,42.87,0
1605303300,42.87,42.9,42.84,42.87,0
1605303600,42.86,42.86,42.8,42.8,0
1605303900,42.79,42.79,42.61,42.72,0
1605304200,42.73,42.8,42.73,42.8,0
1605304500,42.74,42.8,42.72,42.8,0
1605304800,42.75,42.82,42.75,42.75,0
1605305100,42.79,42.86,42.75,42.8,0
1605305400,42.86,42.9,42.86,42.9,0
1605305700,42.86,42.94,42.86,42.94,0
1605306000,42.9,42.93,42.85,42.86,0
1605306300,42.87,42.87,42.79,42.79,0
1605306600,42.7998,42.8,42.7998,42.8,0
1605306900,42.84,42.9,42.83,42.9,0
1605307200,42.9,42.9,42.82,42.82,0
1605307500,42.82,42.86,42.82,42.86,0
1605307800,42.86,42.88,42.86,42.88,0
1605308100,42.9,42.9,42.85,42.88,0
1605308400,42.88,42.89,42.82,42.82,0
1605308700,42.83,42.87,42.83,42.87,0
1605309000,42.87,42.87,42.83,42.84,0
1605309300,42.84,42.87,42.83,42.87,0
1605309600,42.82,42.88,42.82,42.82,0
1605309900,42.88,42.89,42.88,42.89,0
1605310200,42.89,42.92,42.89,42.9,0
1605310500,42.93,42.95,42.9,42.9,0
1605310800,42.9,42.94,42.9,42.92,0
1605311100,42.89,42.92,42.88,42.88,0
1605311400,42.88,42.88,42.83,42.83,0
1605311700,42.86,42.86,42.82,42.82,0
1605312000,42.83,42.89,42.82,42.89,0
1605312300,42.94,42.94,42.94,42.94,0
1605312600,42.93,42.93,42.85,42.85,0
1605312900,42.92,42.93,42.92,42.93,0
1605313200,42.9,42.9,42.88,42.88,0
1605313500,42.86,42.86,42.86,42.86,0
1605313800,42.85,42.85,42.85,42.85,0
1605314100,42.88,42.88,42.82,42.85,0
1605314400,42.82,42.82,42.81,42.81,0
1605314700,42.82,42.85,42.81,42.84,0
1605315000,42.81,42.82,42.8,42.82,0
1605315300,42.8,42.81,42.77,42.81,0
