Date,Open,High,Low,Close,Volume
1605266100,48.3,48.3,48.3,48.3,0
1605268200,48.3,48.3,48.3,48.3,0
1605268500,48.3,48.3,48.3,48.3,0
1605269700,48.27,48.27,48.27,48.27,0
1605270600,48.23,48.23,48.23,48.23,0
1605270900,48.26,48.26,48.26,48.26,0
1605271200,48.24,48.24,48.24,48.24,0
1605271800,48.26,48.26,48.25,48.26,0
1605272100,48.26,48.26,48.26,48.26,0
1605272400,48.23,48.23,48.23,48.23,0
1605273000,48.27,48.27,48.27,48.27,0
1605273300,48.2299,48.2704,47.99,47.99,0
1605273600,48.3,48.3001,48.3,48.3001,0
1605273900,48.31,48.31,48.31,48.31,0
1605274200,48.32,48.32,48.32,48.32,0
1605274500,48.3,48.3,48.3,48.3,0
1605275400,48.3,48.31,48.3,48.3,0
1605275700,48.3,48.3,48.29,48.29,0
1605276000,48.29,48.3,48.29,48.3,0
1605276300,48.31,48.31,48.3,48.3,0
1605276600,48.31,48.31,48.3,48.3,0
1605276900,48.31,48.32,48.31,48.31,0
1605277500,48.26,48.26,48.26,48.26,0
1605277800,48.2400016784668,48.2599983215332,48.19499969482422,48.23500061035156,945116
1605278100,48.23500061035156,48.33000183105469,48.20500183105469,48.310001373291016,1360097
1605278400,48.30500030517578,48.334999084472656,48.290000915527344,48.29999923706055,499760
1605278700,48.29499816894531,48.349998474121094,48.29499816894531,48.349998474121094,456524
1605279000,48.345001220703125,48.36000061035156,48.28499984741211,48.29999923706055,546647
1605279300,48.29999923706055,48.349998474121094,48.28499984741211,48.29999923706055,1128481
1605279600,48.29999923706055,48.310001373291016,48.25,48.27000045776367,590128
1605279900,48.26499938964844,48.279998779296875,48.22999954223633,48.27000045776367,404139
1605280200,48.27000045776367,48.279998779296875,48.20000076293945,48.21500015258789,480430
1605280500,48.21500015258789,48.22999954223633,48.13999938964844,48.15039825439453,354852
1605280800,48.15999984741211,48.18000030517578,48.119998931884766,48.1349983215332,915105
1605281100,48.130001068115234,48.15999984741211,48.119998931884766,48.14500045776367,356909
1605281400,48.150001525878906,48.150001525878906,48.084999084472656,48.10499954223633,481571
1605281700,48.099998474121094,48.11000061035156,48.05500030517578,48.05500030517578,719529
1605282000,48.04999923706055,48.130001068115234,48.04209899902344,48.1150016784668,804254
1605282300,48.119998931884766,48.13999938964844,48.1150016784668,48.13999938964844,286888
1605282600,48.13999938964844,48.150001525878906,48.04999923706055,48.06999969482422,526816
1605282900,48.06999969482422,48.08000183105469,47.98500061035156,48.02000045776367,241393
1605283200,48.02000045776367,48.06999969482422,48.01499938964844,48.060001373291016,228099
1605283500,48.064998626708984,48.119998931884766,48.04999923706055,48.11000061035156,417271
1605283800,48.1150016784668,48.119998931884766,48.084999084472656,48.099998474121094,327141
1605284100,48.10499954223633,48.15999984741211,48.10499954223633,48.13999938964844,404596
1605284400,48.14500045776367,48.16999816894531,48.1349983215332,48.16999816894531,260194
1605284700,48.165000915527344,48.18000030517578,48.119998931884766,48.119998931884766,1189628
1605285000,48.119998931884766,48.130001068115234,48.0723991394043,48.11000061035156,706693
1605285300,48.099998474121094,48.119998931884766,48.09000015258789,48.099998474121094,74753
1605285600,48.099998474121094,48.130001068115234,48.099998474121094,48.11000061035156,109412
1605285900,48.11000061035156,48.119998931884766,48.095001220703125,48.119998931884766,133179
1605286200,48.119998931884766,48.13999938964844,48.095001220703125,48.095001220703125,223553
1605286500,48.095001220703125,48.150001525878906,48.095001220703125,48.1349983215332,134212
1605286800,48.13999938964844,48.15999984741211,48.119998931884766,48.1349983215332,2567285
1605287100,48.1349983215332,48.13999938964844,48.11000061035156,48.130001068115234,147812
1605287400,48.130001068115234,48.15999984741211,48.119998931884766,48.125,211130
1605287700,48.125,48.13999938964844,48.11000061035156,48.125,160511
1605288000,48.119998931884766,48.130001068115234,48.11000061035156,48.1150016784668,115044
1605288300,48.119998931884766,48.15999984741211,48.119998931884766,48.1349983215332,160221
1605288600,48.130001068115234,48.150001525878906,48.121498107910156,48.13999938964844,88994
1605288900,48.13999938964844,48.15999984741211,48.1349983215332,48.15999984741211,78102
1605289200,48.154998779296875,48.189998626708984,48.154998779296875,48.18009948730469,356465
1605289500,48.185001373291016,48.20000076293945,48.17499923706055,48.19499969482422,154377
1605289800,48.189998626708984,48.220001220703125,48.189998626708984,48.209999084472656,97786
1605290100,48.209999084472656,48.244998931884766,48.209999084472656,48.244998931884766,65392
1605290400,48.244998931884766,48.25,48.224998474121094,48.23500061035156,464555
1605290700,48.23500061035156,48.25,48.22999954223633,48.25,260331
1605291000,48.25,48.27000045776367,48.2400016784668,48.25,327530
1605291300,48.244998931884766,48.279998779296875,48.2400016784668,48.27000045776367,772486
1605291600,48.275001525878906,48.279998779296875,48.244998931884766,48.27000045776367,378627
1605291900,48.255001068115234,48.290000915527344,48.244998931884766,48.25,166392
1605292200,48.255001068115234,48.2599983215332,48.209999084472656,48.220001220703125,137829
1605292500,48.220001220703125,48.25,48.20500183105469,48.2400016784668,269885
1605292800,48.2400016784668,48.279998779296875,48.22999954223633,48.275001525878906,601395
1605293100,48.275001525878906,48.290000915527344,48.2599983215332,48.290000915527344,467929
1605293400,48.290000915527344,48.30500030517578,48.28900146484375,48.29499816894531,327929
1605293700,48.29499816894531,48.314998626708984,48.290000915527344,48.314998626708984,358371
1605294000,48.31999969482422,48.34000015258789,48.310001373291016,48.31999969482422,497815
1605294300,48.31999969482422,48.349998474121094,48.314998626708984,48.345001220703125,256293
1605294600,48.34000015258789,48.349998474121094,48.27000045776367,48.27000045776367,270143
1605294900,48.279998779296875,48.29499816894531,48.255001068115234,48.29499816894531,437254
1605295200,48.290000915527344,48.349998474121094,48.290000915527344,48.31999969482422,483477
1605295500,48.314998626708984,48.314998626708984,48.275001525878906,48.275001525878906,263722
1605295800,48.279998779296875,48.29999923706055,48.2400016784668,48.25,308319
1605296100,48.25,48.27000045776367,48.2400016784668,48.2599983215332,384378
1605296400,48.2599983215332,48.27000045776367,48.2400016784668,48.244998931884766,323169
1605296700,48.25,48.2599983215332,48.220001220703125,48.22999954223633,986899
1605297000,48.22999954223633,48.25,48.220001220703125,48.25,464740
1605297300,48.25,48.29999923706055,48.244998931884766,48.279998779296875,571728
1605297600,48.279998779296875,48.290000915527344,48.2400016784668,48.24919891357422,390367
1605297900,48.25,48.2599983215332,48.2400016784668,48.25,354469
1605298200,48.25,48.27000045776367,48.2400016784668,48.2599983215332,479119
1605298500,48.26499938964844,48.27000045776367,48.209999084472656,48.2400016784668,581505
1605298800,48.2400016784668,48.27000045776367,48.22999954223633,48.27000045776367,513055
1605299100,48.27000045776367,48.29999923706055,48.26499938964844,48.29499816894531,783634
1605299400,48.29499816894531,48.31999969482422,48.279998779296875,48.310001373291016,1404531
1605299700,48.310001373291016,48.33000183105469,48.29999923706055,48.29999923706055,742366
1605300000,48.30500030517578,48.33000183105469,48.29999923706055,48.314998626708984,709647
1605300300,48.310001373291016,48.31999969482422,48.290000915527344,48.30500030517578,1315040
1605300600,48.310001373291016,48.31999969482422,48.279998779296875,48.28499984741211,1403266
1605300900,48.290000915527344,48.349998474121094,48.27000045776367,48.32310104370117,2481336
1605301200,48.33,48.33,48.33,48.33,4233742
1605302100,48.33,48.35,48.33,48.33,0
1605303300,48.33,48.33,48.33,48.33,0
1605303600,48.34,48.34,48.32,48.32,0
1605303900,48.32,48.33,48.31,48.33,0
1605305100,48.32,48.32,48.32,48.32,0
1605305400,48.32,48.32,48.32,48.32,0
1605306600,48.32,48.32,48.32,48.32,0
1605307800,48.32,48.32,48.32,48.32,0
1605308100,48.32,48.32,48.3199,48.32,0
1605308400,48.32,48.32,48.32,48.32,0
1605308700,48.32,48.33,48.32,48.33,0
1605309000,48.49,48.54,48.49,48.54,0
1605309300,48.53,48.56,48.53,48.56,0
1605309600,48.54,48.54,48.54,48.54,0
1605309900,48.41,48.52,48.4,48.52,0
1605310200,48.54,48.54,48.45,48.45,0
1605310800,48.54,48.54,48.54,48.54,0
1605312000,48.44,48.44,48.44,48.44,0
1605312300,48.4,48.4,48.4,48.4,0
1605312600,48.43,48.44,48.43,48.44,0
1605313200,48.44,48.44,48.44,48.44,0
1605313800,48.44,48.44,48.42,48.42,0
1605315300,48.42,48.42,48.35,48.35,0
