Date,Open,High,Low,Close,Volume
1605263700,5.3,5.3,5.3,5.3,0
1605267900,5.3,5.3,5.3,5.3,0
1605269700,5.34,5.35,5.34,5.35,0
1605271800,5.3,5.3,5.3,5.3,0
1605272400,5.34,5.34,5.3,5.3,0
1605273300,5.3017,5.34,5.3,5.34,0
1605273600,5.31,5.31,5.31,5.31,0
1605273900,5.31,5.31,5.31,5.31,0
1605274800,5.31,5.31,5.31,5.31,0
1605275100,5.3005,5.3005,5.3,5.3,0
1605275700,5.3299,5.3299,5.3299,5.3299,0
1605276000,5.32,5.32,5.31,5.31,0
1605276300,5.3102,5.3102,5.3102,5.3102,0
1605276600,5.3102,5.3285,5.3102,5.3285,0
1605276900,5.31,5.31,5.31,5.31,0
1605277200,5.32,5.33,5.32,5.33,0
1605277500,5.31,5.32,5.31,5.32,0
1605277800,5.300000190734863,5.377999782562256,5.300000190734863,5.320099830627441,563429
1605278100,5.329999923706055,5.340000152587891,5.304999828338623,5.332399845123291,235673
1605278400,5.340000152587891,5.360000133514404,5.329999923706055,5.360000133514404,485364
1605278700,5.360000133514404,5.369999885559082,5.335000038146973,5.364999771118164,948594
1605279000,5.36269998550415,5.369999885559082,5.320000171661377,5.340000152587891,375087
1605279300,5.34499979019165,5.34499979019165,5.309999942779541,5.340000152587891,277805
1605279600,5.335000038146973,5.394999980926514,5.329999923706055,5.393899917602539,715147
1605279900,5.394999980926514,5.420000076293945,5.369999885559082,5.375,956895
1605280200,5.375,5.400000095367432,5.369999885559082,5.375,261763
1605280500,5.372200012207031,5.399400234222412,5.355000019073486,5.389999866485596,557051
1605280800,5.394999980926514,5.400000095367432,5.389999866485596,5.394999980926514,166386
1605281100,5.394999980926514,5.400000095367432,5.369999885559082,5.394999980926514,232432
1605281400,5.389999866485596,5.400000095367432,5.380000114440918,5.387800216674805,88469
1605281700,5.380000114440918,5.385000228881836,5.349999904632568,5.349999904632568,152233
1605282000,5.355000019073486,5.389999866485596,5.34499979019165,5.3755998611450195,404120
1605282300,5.372600078582764,5.380000114440918,5.349999904632568,5.360000133514404,234586
1605282600,5.355000019073486,5.369999885559082,5.340000152587891,5.340000152587891,318176
1605282900,5.34499979019165,5.349999904632568,5.329999923706055,5.342100143432617,177503
1605283200,5.340099811553955,5.369999885559082,5.340000152587891,5.360000133514404,110736
1605283500,5.364999771118164,5.369999885559082,5.349999904632568,5.355000019073486,150993
1605283800,5.357900142669678,5.359899997711182,5.349999904632568,5.349999904632568,48846
1605284100,5.3572998046875,5.360000133514404,5.340000152587891,5.355000019073486,193169
1605284400,5.360000133514404,5.364999771118164,5.349999904632568,5.355000019073486,77403
1605284700,5.352099895477295,5.360000133514404,5.349999904632568,5.357699871063232,73141
1605285000,5.355000019073486,5.360000133514404,5.349999904632568,5.349999904632568,70178
1605285300,5.349999904632568,5.360000133514404,5.349999904632568,5.355000019073486,51768
1605285600,5.355000019073486,5.369999885559082,5.349999904632568,5.369999885559082,132755
1605285900,5.369999885559082,5.380000114440918,5.360000133514404,5.375,56198
1605286200,5.375,5.380000114440918,5.360000133514404,5.365900039672852,111949
1605286500,5.360000133514404,5.369999885559082,5.349999904632568,5.355000019073486,118371
1605286800,5.355000019073486,5.369999885559082,5.349999904632568,5.364999771118164,98768
1605287100,5.364999771118164,5.369999885559082,5.360000133514404,5.360000133514404,55013
1605287400,5.362500190734863,5.369999885559082,5.360000133514404,5.369999885559082,68212
1605287700,5.369999885559082,5.389999866485596,5.360000133514404,5.387899875640869,401054
1605288000,5.385000228881836,5.389999866485596,5.380000114440918,5.384900093078613,250341
1605288300,5.385000228881836,5.389999866485596,5.380000114440918,5.380000114440918,186131
1605288600,5.389999866485596,5.389999866485596,5.380000114440918,5.383900165557861,102079
1605288900,5.380000114440918,5.389999866485596,5.380000114440918,5.380000114440918,204328
1605289200,5.385000228881836,5.389999866485596,5.369999885559082,5.377900123596191,177954
1605289500,5.375,5.389999866485596,5.369999885559082,5.375,208442
1605289800,5.375,5.400000095367432,5.369999885559082,5.393599987030029,230186
1605290100,5.389999866485596,5.394999980926514,5.380000114440918,5.385000228881836,527961
1605290400,5.385000228881836,5.400000095367432,5.380000114440918,5.389999866485596,188643
1605290700,5.389999866485596,5.400000095367432,5.389999866485596,5.394999980926514,45697
1605291000,5.400000095367432,5.400000095367432,5.389999866485596,5.390100002288818,103195
1605291300,5.395999908447266,5.400000095367432,5.389999866485596,5.390100002288818,85803
1605291600,5.3933000564575195,5.400000095367432,5.389999866485596,5.394999980926514,119517
1605291900,5.389999866485596,5.400000095367432,5.369999885559082,5.385000228881836,211885
1605292200,5.389999866485596,5.389999866485596,5.380000114440918,5.385000228881836,49951
1605292500,5.385000228881836,5.389999866485596,5.380000114440918,5.389999866485596,112465
1605292800,5.389999866485596,5.389999866485596,5.380000114440918,5.385000228881836,70169
1605293100,5.380000114440918,5.389999866485596,5.380000114440918,5.385000228881836,73447
1605293400,5.389999866485596,5.389999866485596,5.380000114440918,5.382500171661377,74727
1605293700,5.385000228881836,5.389999866485596,5.380000114440918,5.385000228881836,56465
1605294000,5.385000228881836,5.389999866485596,5.380000114440918,5.389999866485596,143613
1605294300,5.380000114440918,5.389999866485596,5.380000114440918,5.389999866485596,74935
1605294600,5.389999866485596,5.420000076293945,5.380000114440918,5.40500020980835,635635
1605294900,5.407299995422363,5.420000076293945,5.400000095367432,5.414999961853027,198006
1605295200,5.415999889373779,5.420000076293945,5.409999847412109,5.414999961853027,115695
1605295500,5.414999961853027,5.429999828338623,5.409999847412109,5.425000190734863,228088
1605295800,5.425000190734863,5.429999828338623,5.400000095367432,5.414999961853027,338086
1605296100,5.416800022125244,5.4278998374938965,5.409999847412109,5.420000076293945,104525
1605296400,5.425000190734863,5.429999828338623,5.420000076293945,5.4278998374938965,93112
1605296700,5.425000190734863,5.429999828338623,5.409999847412109,5.4120001792907715,152858
1605297000,5.417799949645996,5.420000076293945,5.400000095367432,5.414999961853027,137633
1605297300,5.409999847412109,5.427800178527832,5.400000095367432,5.409999847412109,339654
1605297600,5.414999961853027,5.429999828338623,5.409999847412109,5.414999961853027,140829
1605297900,5.409999847412109,5.420000076293945,5.400000095367432,5.409999847412109,685811
1605298200,5.414999961853027,5.420000076293945,5.409999847412109,5.414999961853027,70932
1605298500,5.420000076293945,5.420000076293945,5.400000095367432,5.40500020980835,86446
1605298800,5.400000095367432,5.409999847412109,5.380000114440918,5.385000228881836,168854
1605299100,5.385000228881836,5.389999866485596,5.360000133514404,5.364999771118164,365458
1605299400,5.363500118255615,5.380000114440918,5.360000133514404,5.369999885559082,167751
1605299700,5.369999885559082,5.380000114440918,5.369999885559082,5.375,140485
1605300000,5.380000114440918,5.389999866485596,5.369999885559082,5.385000228881836,149608
1605300300,5.389999866485596,5.389999866485596,5.360000133514404,5.369999885559082,339507
1605300600,5.369999885559082,5.369999885559082,5.340000152587891,5.340000152587891,601653
1605300900,5.34499979019165,5.369999885559082,5.340000152587891,5.360000133514404,773542
1605301200,5.36,5.36,5.36,5.36,256668
1605302100,5.36,5.3806,5.36,5.37,0
1605302400,5.37,5.38,5.37,5.38,0
1605302700,5.37,5.37,5.37,5.37,0
1605303000,5.37,5.37,5.37,5.37,0
1605303300,5.3798,5.3798,5.3798,5.3798,0
1605303600,5.37,5.37,5.37,5.37,0
1605303900,5.3601,5.3601,5.36,5.36,0
1605304200,5.37,5.37,5.36,5.36,0
1605304500,5.36,5.38,5.36,5.38,0
1605304800,5.38,5.38,5.36,5.36,0
1605305100,5.37,5.38,5.37,5.38,0
1605305400,5.36,5.36,5.36,5.36,0
1605305700,5.37,5.37,5.36,5.36,0
1605306300,5.37,5.37,5.37,5.37,0
1605306900,5.36,5.36,5.35,5.36,0
1605307500,5.37,5.37,5.36,5.36,0
1605307800,5.38,5.38,5.34,5.35,0
1605308100,5.38,5.38,5.34,5.37,0
1605308400,5.37,5.37,5.35,5.35,0
1605309000,5.37,5.37,5.37,5.37,0
1605309300,5.35,5.37,5.35,5.37,0
1605309600,5.38,5.38,5.38,5.38,0
1605310800,5.38,5.38,5.38,5.38,0
1605311100,5.37,5.37,5.37,5.37,0
1605311400,5.37,5.37,5.37,5.37,0
1605311700,5.38,5.38,5.38,5.38,0
1605312000,5.38,5.38,5.38,5.38,0
1605313500,5.38,5.38,5.38,5.38,0
1605313800,5.37,5.37,5.37,5.37,0
1605314400,5.38,5.38,5.38,5.38,0
1605315000,5.3799,5.3799,5.3799,5.3799,0
1605315300,5.38,5.38,5.38,5.38,0
