Date,Open,High,Low,Close,Volume
1605259800,8.31,8.31,8.31,8.31,0
1605261000,8.28,8.28,8.28,8.28,0
1605261300,8.31,8.31,8.31,8.31,0
1605263400,8.3,8.3,8.3,8.3,0
1605263700,8.29,8.29,8.29,8.29,0
1605266100,8.27,8.27,8.26,8.26,0
1605266400,8.26,8.26,8.26,8.26,0
1605267000,8.25,8.25,8.22,8.22,0
1605267600,8.24,8.24,8.24,8.24,0
1605269700,8.25,8.26,8.19,8.22,0
1605270000,8.23,8.23,8.18,8.2,0
1605270300,8.21,8.21,8.18,8.18,0
1605270600,8.19,8.19,8.19,8.19,0
1605270900,8.2,8.2,8.2,8.2,0
1605271200,8.21,8.21,8.21,8.21,0
1605271500,8.21,8.21,8.2,8.2,0
1605271800,8.19,8.19,8.18,8.18,0
1605272100,8.18,8.18,8.17,8.17,0
1605272400,8.17,8.17,8.16,8.17,0
1605272700,8.18,8.2,8.18,8.18,0
1605273000,8.18,8.21,8.18,8.21,0
1605273300,8.2099,8.26,8.16,8.23,0
1605273600,8.22,8.23,8.21,8.23,0
1605273900,8.2201,8.23,8.22,8.23,0
1605274200,8.2299,8.23,8.22,8.23,0
1605274500,8.2299,8.24,8.22,8.23,0
1605274800,8.24,8.24,8.21,8.22,0
1605275100,8.21,8.23,8.21,8.23,0
1605275400,8.23,8.23,8.22,8.23,0
1605275700,8.2201,8.23,8.21,8.21,0
1605276000,8.22,8.22,8.21,8.21,0
1605276300,8.21,8.23,8.21,8.23,0
1605276600,8.23,8.23,8.22,8.23,0
1605276900,8.23,8.23,8.22,8.23,0
1605277200,8.2299,8.24,8.2298,8.23,0
1605277500,8.23,8.23,8.21,8.21,0
1605277800,8.229999542236328,8.300000190734863,8.229999542236328,8.279999732971191,3503509
1605278100,8.279999732971191,8.3149995803833,8.25,8.29010009765625,1527378
1605278400,8.289999961853027,8.300000190734863,8.260000228881836,8.285900115966797,1244347
1605278700,8.289999961853027,8.300000190734863,8.270000457763672,8.300000190734863,623343
1605279000,8.292699813842773,8.319999694824219,8.279999732971191,8.286399841308594,1151625
1605279300,8.289999961853027,8.289999961853027,8.260000228881836,8.285900115966797,1180122
1605279600,8.279999732971191,8.329999923706055,8.279999732971191,8.324999809265137,1775123
1605279900,8.324999809265137,8.359999656677246,8.319999694824219,8.354999542236328,1148448
1605280200,8.359999656677246,8.40999984741211,8.345000267028809,8.390000343322754,3045583
1605280500,8.390000343322754,8.399999618530273,8.359999656677246,8.369999885559082,1414173
1605280800,8.375,8.380000114440918,8.350000381469727,8.364999771118164,717720
1605281100,8.364999771118164,8.399999618530273,8.350000381469727,8.395000457763672,1105007
1605281400,8.395000457763672,8.399999618530273,8.380000114440918,8.390000343322754,912430
1605281700,8.399999618530273,8.399999618530273,8.359999656677246,8.362500190734863,917709
1605282000,8.360099792480469,8.399999618530273,8.359999656677246,8.395000457763672,588325
1605282300,8.39210033416748,8.399999618530273,8.369999885559082,8.375,554235
1605282600,8.375,8.399999618530273,8.369999885559082,8.390000343322754,733536
1605282900,8.394499778747559,8.394499778747559,8.359999656677246,8.364999771118164,663525
1605283200,8.368300437927246,8.399999618530273,8.359999656677246,8.390000343322754,597977
1605283500,8.395000457763672,8.420000076293945,8.390000343322754,8.415900230407715,871420
1605283800,8.417200088500977,8.449999809265137,8.40999984741211,8.446999549865723,890442
1605284100,8.449999809265137,8.460000038146973,8.430000305175781,8.444999694824219,1271884
1605284400,8.444999694824219,8.460000038146973,8.4399995803833,8.445699691772461,480450
1605284700,8.4399995803833,8.460000038146973,8.420000076293945,8.454999923706055,821618
1605285000,8.449999809265137,8.489999771118164,8.449999809265137,8.479999542236328,818099
1605285300,8.479999542236328,8.489999771118164,8.470000267028809,8.489999771118164,950698
1605285600,8.486300468444824,8.5,8.479999542236328,8.49899959564209,813786
1605285900,8.494999885559082,8.5,8.479999542236328,8.494999885559082,827262
1605286200,8.494999885559082,8.5,8.470000267028809,8.495499610900879,1750960
1605286500,8.489999771118164,8.5,8.489999771118164,8.494999885559082,415983
1605286800,8.5,8.5,8.489999771118164,8.489999771118164,327607
1605287100,8.489999771118164,8.510000228881836,8.479999542236328,8.505000114440918,1556139
1605287400,8.507200241088867,8.529999732971191,8.479999542236328,8.479999542236328,2320714
1605287700,8.480799674987793,8.489999771118164,8.460000038146973,8.460100173950195,633787
1605288000,8.460000038146973,8.479999542236328,8.449999809265137,8.470000267028809,1277814
1605288300,8.46500015258789,8.479999542236328,8.463000297546387,8.479999542236328,563484
1605288600,8.479999542236328,8.510000228881836,8.470000267028809,8.505000114440918,573815
1605288900,8.50529956817627,8.520000457763672,8.5,8.510000228881836,649188
1605289200,8.505000114440918,8.520000457763672,8.489999771118164,8.5,446889
1605289500,8.489999771118164,8.510000228881836,8.489999771118164,8.497200012207031,464101
1605289800,8.494999885559082,8.510000228881836,8.489999771118164,8.5,552471
1605290100,8.509900093078613,8.510000228881836,8.489999771118164,8.505000114440918,511041
1605290400,8.505000114440918,8.510000228881836,8.479999542236328,8.489999771118164,426059
1605290700,8.489999771118164,8.5,8.479999542236328,8.5,317177
1605291000,8.5,8.5,8.470000267028809,8.470000267028809,516506
1605291300,8.479999542236328,8.479999542236328,8.470000267028809,8.479999542236328,269101
1605291600,8.472399711608887,8.479999542236328,8.470000267028809,8.472800254821777,447878
1605291900,8.476799964904785,8.489999771118164,8.470000267028809,8.475000381469727,455900
1605292200,8.475000381469727,8.479999542236328,8.470000267028809,8.475000381469727,218212
1605292500,8.479999542236328,8.489999771118164,8.470000267028809,8.489999771118164,313408
1605292800,8.484999656677246,8.489999771118164,8.479999542236328,8.489999771118164,349146
1605293100,8.489999771118164,8.520000457763672,8.482199668884277,8.494999885559082,2682682
1605293400,8.494999885559082,8.510000228881836,8.489999771118164,8.494999885559082,461806
1605293700,8.494999885559082,8.5,8.489999771118164,8.489999771118164,112324
1605294000,8.492899894714355,8.510000228881836,8.489999771118164,8.496999740600586,706950
1605294300,8.494999885559082,8.5,8.489999771118164,8.494999885559082,360791
1605294600,8.494999885559082,8.5,8.489999771118164,8.5,305041
1605294900,8.494999885559082,8.5,8.475000381469727,8.489999771118164,1731522
1605295200,8.489299774169922,8.5,8.484999656677246,8.494999885559082,544119
1605295500,8.494999885559082,8.5,8.479999542236328,8.482799530029297,294573
1605295800,8.479999542236328,8.5,8.470000267028809,8.470000267028809,575170
1605296100,8.475000381469727,8.489999771118164,8.470000267028809,8.484999656677246,282130
1605296400,8.484999656677246,8.489999771118164,8.479999542236328,8.489999771118164,281061
1605296700,8.489999771118164,8.489999771118164,8.460000038146973,8.46500015258789,667080
1605297000,8.46500015258789,8.479999542236328,8.460000038146973,8.475000381469727,613547
1605297300,8.475000381469727,8.489999771118164,8.470000267028809,8.485799789428711,612392
1605297600,8.487799644470215,8.5,8.479999542236328,8.489999771118164,497583
1605297900,8.494999885559082,8.5,8.489999771118164,8.489999771118164,481985
1605298200,8.490699768066406,8.5,8.489999771118164,8.494999885559082,631724
1605298500,8.5,8.510000228881836,8.489999771118164,8.5,1114636
1605298800,8.5,8.510000228881836,8.494999885559082,8.505000114440918,586304
1605299100,8.510000228881836,8.520000457763672,8.5,8.520000457763672,546558
1605299400,8.515000343322754,8.539999961853027,8.510000228881836,8.529999732971191,1840681
1605299700,8.53499984741211,8.550000190734863,8.529999732971191,8.53499984741211,1412267
1605300000,8.539999961853027,8.5600004196167,8.53499984741211,8.539999961853027,2079373
1605300300,8.54170036315918,8.569999694824219,8.539999961853027,8.550000190734863,5537113
1605300600,8.550000190734863,8.5600004196167,8.539999961853027,8.545000076293945,1638618
1605300900,8.542799949645996,8.550000190734863,8.529999732971191,8.539999961853027,3088805
1605301200,8.54,8.54,8.54,8.54,1420959
1605302100,8.55,8.55,8.53,8.53,0
1605302400,8.53,8.54,8.4759,8.52,0
1605302700,8.54,8.55,8.4541,8.55,0
1605303000,8.55,8.55,8.5,8.52,0
1605303300,8.52,8.52,8.5,8.5,0
1605303600,8.51,8.52,8.5,8.5,0
1605303900,8.51,8.52,8.51,8.51,0
1605304200,8.52,8.5298,8.5198,8.52,0
1605304500,8.52,8.54,8.51,8.5198,0
1605304800,8.5198,8.52,8.51,8.51,0
1605305100,8.5102,8.52,8.51,8.5102,0
1605305400,8.51,8.52,8.51,8.52,0
1605305700,8.53,8.53,8.48,8.51,0
1605306000,8.49,8.49,8.47,8.48,0
1605306300,8.5098,8.54,8.48,8.4902,0
1605306600,8.4998,8.5,8.49,8.5,0
1605306900,8.49,8.5,8.4899,8.49,0
1605307200,8.4902,8.4998,8.48,8.4802,0
1605307500,8.49,8.49,8.48,8.48,0
1605307800,8.48,8.49,8.48,8.49,0
1605308100,8.485,8.49,8.48,8.48,0
1605308400,8.49,8.49,8.49,8.49,0
1605308700,8.49,8.505,8.49,8.5,0
1605309000,8.5,8.51,8.5,8.51,0
1605309300,8.51,8.51,8.5,8.51,0
1605309600,8.51,8.51,8.49,8.49,0
1605309900,8.49,8.49,8.49,8.49,0
1605310200,8.49,8.49,8.4899,8.49,0
1605310500,8.49,8.49,8.48,8.49,0
1605310800,8.49,8.49,8.49,8.49,0
1605311100,8.49,8.5,8.49,8.5,0
1605311400,8.5,8.5,8.5,8.5,0
1605311700,8.5,8.51,8.5,8.51,0
1605312000,8.51,8.51,8.51,8.51,0
1605312300,8.51,8.51,8.5,8.5,0
1605312600,8.5,8.51,8.5,8.51,0
1605312900,8.51,8.51,8.4999,8.5,0
1605313200,8.51,8.51,8.51,8.51,0
1605313500,8.51,8.51,8.51,8.51,0
1605313800,8.5001,8.52,8.5001,8.52,0
1605314100,8.52,8.52,8.51,8.51,0
1605314400,8.51,8.51,8.51,8.51,0
1605314700,8.51,8.51,8.51,8.51,0
1605315000,8.52,8.52,8.52,8.52,0
1605315300,8.51,8.52,8.5,8.5,0
