Date,Open,High,Low,Close,Volume
1605269700,2.6,2.6,2.6,2.6,0
1605270600,2.6,2.6,2.6,2.6,0
1605270900,2.6,2.6,2.6,2.6,0
1605271200,2.6,2.6,2.6,2.6,0
1605271500,2.61,2.62,2.61,2.62,0
1605271800,2.61,2.63,2.61,2.63,0
1605272100,2.64,2.64,2.64,2.64,0
1605272400,2.64,2.64,2.64,2.64,0
1605272700,2.63,2.63,2.63,2.63,0
1605273000,2.61,2.61,2.61,2.61,0
1605273300,2.6199,2.65,2.6,2.6,0
1605273600,2.59,2.63,2.59,2.6199,0
1605273900,2.6001,2.63,2.6001,2.62,0
1605274200,2.62,2.65,2.62,2.65,0
1605274500,2.6401,2.6401,2.63,2.64,0
1605274800,2.64,2.64,2.62,2.62,0
1605275100,2.64,2.64,2.64,2.64,0
1605275400,2.64,2.65,2.63,2.65,0
1605275700,2.6499,2.65,2.6399,2.6399,0
1605276000,2.63,2.63,2.6,2.61,0
1605276300,2.6099,2.61,2.6,2.6,0
1605276600,2.6,2.61,2.6,2.6,0
1605276900,2.6002,2.6002,2.59,2.6,0
1605277200,2.6,2.6,2.59,2.6,0
1605277500,2.59,2.61,2.59,2.61,0
1605277800,2.5799999237060547,2.640000104904175,2.5799999237060547,2.634999990463257,1003879
1605278100,2.634999990463257,2.640000104904175,2.6050000190734863,2.615000009536743,340860
1605278400,2.6119000911712646,2.630000114440918,2.5799999237060547,2.619999885559082,514285
1605278700,2.6289000511169434,2.630000114440918,2.5899999141693115,2.615000009536743,971275
1605279000,2.615000009536743,2.690000057220459,2.5999999046325684,2.690000057220459,1718885
1605279300,2.690000057220459,2.700000047683716,2.6649999618530273,2.6965999603271484,984974
1605279600,2.6910998821258545,2.7286999225616455,2.6819000244140625,2.7177000045776367,637968
1605279900,2.7111001014709473,2.740000009536743,2.700000047683716,2.734999895095825,580735
1605280200,2.734999895095825,2.740000009536743,2.700000047683716,2.7249999046325684,670952
1605280500,2.7200000286102295,2.7300000190734863,2.690000057220459,2.708699941635132,515427
1605280800,2.7011001110076904,2.740000009536743,2.700000047683716,2.738300085067749,464170
1605281100,2.731100082397461,2.7699999809265137,2.7100000381469727,2.759999990463257,1444427
1605281400,2.757699966430664,2.799999952316284,2.75,2.7799999713897705,1038569
1605281700,2.7799999713897705,2.780100107192993,2.731100082397461,2.735100030899048,682507
1605282000,2.7399001121520996,2.799999952316284,2.7300000190734863,2.790600061416626,620981
1605282300,2.791100025177002,2.8399999141693115,2.7899999618530273,2.813800096511841,1471532
1605282600,2.8183000087738037,2.819999933242798,2.7799999713897705,2.7799999713897705,586533
1605282900,2.7799999713897705,2.7899999618530273,2.7300000190734863,2.7481000423431396,867175
1605283200,2.75,2.7699999809265137,2.740000009536743,2.7699999809265137,345799
1605283500,2.761899948120117,2.819999933242798,2.759999990463257,2.809999942779541,586070
1605283800,2.8001999855041504,2.8299999237060547,2.791100025177002,2.815000057220459,582964
1605284100,2.815000057220459,2.8499999046325684,2.809999942779541,2.8450000286102295,1194476
1605284400,2.849900007247925,2.880000114440918,2.8341000080108643,2.8710999488830566,589686
1605284700,2.8798000812530518,2.890000104904175,2.859999895095825,2.877000093460083,657403
1605285000,2.880000114440918,2.890000104904175,2.8499999046325684,2.865000009536743,656611
1605285300,2.865000009536743,2.9100000858306885,2.859999895095825,2.9049999713897705,1018744
1605285600,2.908900022506714,2.940000057220459,2.901099920272827,2.9149999618530273,1107212
1605285900,2.9103000164031982,2.950000047683716,2.890000104904175,2.950000047683716,1241888
1605286200,2.944999933242798,2.9600000381469727,2.9200000762939453,2.934999942779541,1203194
1605286500,2.930000066757202,2.940000057220459,2.8912999629974365,2.910900115966797,779037
1605286800,2.9189000129699707,2.9200000762939453,2.880000114440918,2.9049999713897705,737335
1605287100,2.9049999713897705,2.9100000858306885,2.869999885559082,2.8712000846862793,379330
1605287400,2.8798999786376953,2.9149999618530273,2.869999885559082,2.890000104904175,387206
1605287700,2.8970000743865967,2.898900032043457,2.859999895095825,2.859999895095825,412051
1605288000,2.8601999282836914,2.89520001411438,2.859999895095825,2.8803999423980713,553952
1605288300,2.8889999389648438,2.9000000953674316,2.880000114440918,2.899199962615967,410460
1605288600,2.8980000019073486,2.930000066757202,2.890000104904175,2.920099973678589,644574
1605288900,2.924999952316284,2.950000047683716,2.9200000762939453,2.943700075149536,552103
1605289200,2.940000057220459,2.9600000381469727,2.930000066757202,2.953399896621704,763323
1605289500,2.958899974822998,2.9700000286102295,2.940000057220459,2.948899984359741,778914
1605289800,2.9410998821258545,2.9700000286102295,2.940000057220459,2.9658000469207764,524469
1605290100,2.9677000045776367,2.990000009536743,2.9600000381469727,2.9800000190734863,1029751
1605290400,2.9700000286102295,2.9800000190734863,2.940000057220459,2.950000047683716,543341
1605290700,2.940000057220459,2.950000047683716,2.890000104904175,2.9100000858306885,903185
1605291000,2.9049999713897705,2.9094998836517334,2.869999885559082,2.875,499147
1605291300,2.875,2.890000104904175,2.859999895095825,2.884999990463257,652474
1605291600,2.884999990463257,2.890000104904175,2.869999885559082,2.890000104904175,286791
1605291900,2.890000104904175,2.9100000858306885,2.881999969482422,2.890000104904175,577670
1605292200,2.8982999324798584,2.9000000953674316,2.869999885559082,2.875,422517
1605292500,2.875,2.890000104904175,2.8499999046325684,2.8880999088287354,557714
1605292800,2.890000104904175,2.890000104904175,2.880000114440918,2.889899969100952,193055
1605293100,2.880000114440918,2.890000104904175,2.869999885559082,2.869999885559082,243672
1605293400,2.875499963760376,2.8780999183654785,2.8399999141693115,2.859999895095825,630970
1605293700,2.8687000274658203,2.875,2.8499999046325684,2.8550000190734863,368277
1605294000,2.859999895095825,2.859999895095825,2.819999933242798,2.833199977874756,378088
1605294300,2.838599920272827,2.8399999141693115,2.7899999618530273,2.799999952316284,578555
1605294600,2.8099000453948975,2.8299999237060547,2.799999952316284,2.812700033187866,564954
1605294900,2.819999933242798,2.819999933242798,2.799999952316284,2.8111000061035156,225767
1605295200,2.8111000061035156,2.8299999237060547,2.809999942779541,2.8269999027252197,209424
1605295500,2.8299999237060547,2.8299999237060547,2.799999952316284,2.800100088119507,337361
1605295800,2.799999952316284,2.818700075149536,2.799999952316284,2.8099000453948975,172730
1605296100,2.809999942779541,2.809999942779541,2.7699999809265137,2.7799999713897705,341296
1605296400,2.7899999618530273,2.799999952316284,2.7799999713897705,2.7950000762939453,148894
1605296700,2.797800064086914,2.799999952316284,2.7799999713897705,2.789900064468384,168304
1605297000,2.7899999618530273,2.815000057220459,2.7899999618530273,2.8053998947143555,245288
1605297300,2.802999973297119,2.8299999237060547,2.799999952316284,2.825000047683716,265706
1605297600,2.825000047683716,2.8399999141693115,2.819999933242798,2.8310000896453857,169310
1605297900,2.835900068283081,2.859999895095825,2.8299999237060547,2.839900016784668,320617
1605298200,2.8299999237060547,2.8589000701904297,2.8299999237060547,2.849900007247925,174163
1605298500,2.8450000286102295,2.859999895095825,2.8350000381469727,2.8550000190734863,168263
1605298800,2.8550000190734863,2.869999885559082,2.8499999046325684,2.862600088119507,201040
1605299100,2.869999885559082,2.880000114440918,2.859999895095825,2.859999895095825,234907
1605299400,2.865000009536743,2.880000114440918,2.859999895095825,2.865000009536743,240111
1605299700,2.859999895095825,2.880000114440918,2.859999895095825,2.875999927520752,246725
1605300000,2.880000114440918,2.884999990463257,2.869999885559082,2.875,315272
1605300300,2.875,2.880000114440918,2.8350000381469727,2.8350000381469727,518948
1605300600,2.8350000381469727,2.8598999977111816,2.8299999237060547,2.841099977493286,542753
1605300900,2.8450000286102295,2.859999895095825,2.8399999141693115,2.8499999046325684,642107
1605301200,2.85,2.85,2.85,2.85,160571
1605302100,2.85,2.86,2.85,2.85,0
1605302400,2.85,2.86,2.85,2.8501,0
1605302700,2.86,2.86,2.85,2.85,0
1605303000,2.85,2.86,2.82,2.85,0
1605303300,2.82,2.87,2.82,2.82,0
1605303600,2.8505,2.87,2.82,2.85,0
1605303900,2.8625,2.8698,2.8202,2.8202,0
1605304200,2.83,2.85,2.83,2.85,0
1605304500,2.86,2.86,2.84,2.85,0
1605304800,2.85,2.86,2.85,2.86,0
1605305100,2.8589,2.86,2.85,2.86,0
1605305400,2.85,2.86,2.85,2.85,0
1605305700,2.85,2.86,2.85,2.86,0
1605306000,2.8598,2.86,2.85,2.85,0
1605306300,2.8598,2.87,2.85,2.87,0
1605306600,2.85,2.87,2.85,2.87,0
1605306900,2.87,2.88,2.87,2.88,0
1605307200,2.88,2.88,2.85,2.88,0
1605307500,2.87,2.87,2.87,2.87,0
1605307800,2.8501,2.8501,2.85,2.85,0
1605308100,2.8608,2.87,2.85,2.87,0
1605308400,2.85,2.89,2.85,2.87,0
1605308700,2.9,2.9,2.86,2.86,0
1605309000,2.87,2.87,2.8662,2.87,0
1605309300,2.87,2.9,2.87,2.9,0
1605309600,2.9,2.9,2.86,2.86,0
1605309900,2.89,2.89,2.86,2.86,0
1605310500,2.89,2.89,2.89,2.89,0
1605310800,2.86,2.89,2.86,2.89,0
1605311100,2.86,2.88,2.86,2.88,0
1605311400,2.88,2.88,2.88,2.88,0
1605311700,2.89,2.89,2.89,2.89,0
1605312000,2.89,2.89,2.86,2.89,0
1605312300,2.89,2.89,2.89,2.89,0
1605312600,2.89,2.89,2.89,2.89,0
1605312900,2.86,2.86,2.86,2.86,0
1605313200,2.89,2.89,2.89,2.89,0
1605313500,2.89,2.89,2.86,2.86,0
1605313800,2.88,2.89,2.86,2.89,0
1605314100,2.89,2.89,2.89,2.89,0
1605314400,2.89,2.89,2.89,2.89,0
1605314700,2.87,2.87,2.86,2.86,0
1605315000,2.86,2.87,2.86,2.87,0
1605315300,2.87,2.87,2.87,2.87,0
