Date,Open,High,Low,Close,Volume
1605266400,19.55,19.55,19.52,19.52,0
1605266700,19.52,19.52,19.52,19.52,0
1605267000,19.52,19.52,19.52,19.52,0
1605267600,19.52,19.52,19.52,19.52,0
1605267900,19.52,19.52,19.52,19.52,0
1605269700,19.69,19.72,19.61,19.69,0
1605270000,19.72,19.72,19.72,19.72,0
1605270300,19.72,19.72,19.7,19.7,0
1605270600,19.69,19.69,19.69,19.69,0
1605271200,19.72,19.72,19.72,19.72,0
1605271800,19.72,19.72,19.72,19.72,0
1605273300,19.8298,19.8298,19.65,19.65,0
1605273600,19.68,19.72,19.68,19.7,0
1605273900,19.7,19.8299,19.7,19.82,0
1605274200,19.78,19.78,19.77,19.77,0
1605274500,19.75,19.75,19.72,19.72,0
1605274800,19.79,19.79,19.74,19.74,0
1605275100,19.72,19.7699,19.66,19.66,0
1605275400,19.66,19.75,19.61,19.75,0
1605275700,19.71,19.7399,19.71,19.7399,0
1605276000,19.66,19.6999,19.63,19.69,0
1605276300,19.7,19.74,19.68,19.74,0
1605276600,19.72,19.75,19.7,19.7,0
1605276900,19.75,19.77,19.74,19.7699,0
1605277200,19.74,19.75,19.72,19.7399,0
1605277500,19.71,19.7499,19.7,19.74,0
1605277800,19.68000030517578,20.040000915527344,19.68000030517578,20.024999618530273,1054527
1605278100,20.024999618530273,20.149999618530273,19.959999084472656,20.100000381469727,521106
1605278400,20.094999313354492,20.104999542236328,19.985000610351562,19.99329948425293,740645
1605278700,20,20,19.940000534057617,19.985000610351562,688131
1605279000,19.989999771118164,20.010000228881836,19.93000030517578,19.954999923706055,574084
1605279300,19.959999084472656,20.010000228881836,19.94499969482422,19.976999282836914,306928
1605279600,19.975200653076172,20.010000228881836,19.90999984741211,19.915000915527344,249002
1605279900,19.915000915527344,20,19.899999618530273,19.985000610351562,146421
1605280200,19.979999542236328,19.989999771118164,19.915000915527344,19.93000030517578,151881
1605280500,19.920000076293945,19.959999084472656,19.8799991607666,19.885000228881836,113683
1605280800,19.885000228881836,19.90999984741211,19.850000381469727,19.875,128262
1605281100,19.8799991607666,19.940000534057617,19.875,19.940000534057617,102305
1605281400,19.934999465942383,19.959999084472656,19.90999984741211,19.950000762939453,213629
1605281700,19.950000762939453,19.985000610351562,19.8799991607666,19.899999618530273,315077
1605282000,19.899999618530273,19.962099075317383,19.899999618530273,19.959999084472656,120103
1605282300,19.959999084472656,19.969999313354492,19.93000030517578,19.946800231933594,82314
1605282600,19.94499969482422,19.94499969482422,19.899999618530273,19.920000076293945,130173
1605282900,19.92770004272461,19.92770004272461,19.81999969482422,19.850000381469727,211143
1605283200,19.850000381469727,19.905000686645508,19.829999923706055,19.8799991607666,165485
1605283500,19.885000228881836,19.905000686645508,19.8799991607666,19.895000457763672,133394
1605283800,19.895000457763672,19.920000076293945,19.879899978637695,19.8799991607666,121821
1605284100,19.8799991607666,19.93000030517578,19.8799991607666,19.90999984741211,89004
1605284400,19.90999984741211,19.93000030517578,19.899999618530273,19.915000915527344,96577
1605284700,19.90999984741211,19.93000030517578,19.8700008392334,19.90999984741211,173436
1605285000,19.915000915527344,19.920000076293945,19.899999618530273,19.90999984741211,52558
1605285300,19.915000915527344,19.959999084472656,19.90999984741211,19.954999923706055,243172
1605285600,19.954999923706055,19.9950008392334,19.950000762939453,19.985700607299805,109209
1605285900,19.985000610351562,20,19.969999313354492,19.979999542236328,331407
1605286200,19.979999542236328,19.985000610351562,19.93000030517578,19.934999465942383,66835
1605286500,19.934999465942383,19.950000762939453,19.93000030517578,19.93000030517578,51721
1605286800,19.93000030517578,19.954999923706055,19.90999984741211,19.94499969482422,66969
1605287100,19.940000534057617,19.959999084472656,19.92300033569336,19.94499969482422,53830
1605287400,19.950000762939453,19.96500015258789,19.920000076293945,19.924400329589844,62816
1605287700,19.924999237060547,19.940000534057617,19.905000686645508,19.9064998626709,54757
1605288000,19.90999984741211,19.920000076293945,19.899999618530273,19.920000076293945,49530
1605288300,19.920000076293945,19.950000762939453,19.920000076293945,19.940000534057617,67550
1605288600,19.935199737548828,19.959999084472656,19.924999237060547,19.940000534057617,100144
1605288900,19.940000534057617,19.979999542236328,19.940000534057617,19.954999923706055,80839
1605289200,19.950000762939453,19.969999313354492,19.93000030517578,19.954999923706055,139825
1605289500,19.956499099731445,19.979999542236328,19.956499099731445,19.979999542236328,36926
1605289800,19.979999542236328,20.0049991607666,19.969999313354492,19.985000610351562,272809
1605290100,19.989999771118164,20.020000457763672,19.979999542236328,20.016799926757812,261773
1605290400,20.020000457763672,20.020000457763672,19.979999542236328,20.0049991607666,86631
1605290700,20.010000228881836,20.010000228881836,19.989999771118164,19.9950008392334,154388
1605291000,19.9950008392334,19.9950008392334,19.950000762939453,19.959999084472656,129746
1605291300,19.954999923706055,19.959999084472656,19.932199478149414,19.954999923706055,52176
1605291600,19.950000762939453,19.954999923706055,19.915000915527344,19.915000915527344,197983
1605291900,19.915000915527344,19.947999954223633,19.90999984741211,19.93000030517578,87313
1605292200,19.934999465942383,19.940000534057617,19.90999984741211,19.90999984741211,54679
1605292500,19.915000915527344,19.920000076293945,19.899999618530273,19.920000076293945,156660
1605292800,19.915000915527344,19.920000076293945,19.90999984741211,19.91900062561035,42904
1605293100,19.90999984741211,19.920000076293945,19.8799991607666,19.895000457763672,182307
1605293400,19.899999618530273,19.899999618530273,19.8799991607666,19.895000457763672,34253
1605293700,19.895000457763672,19.905000686645508,19.889999389648438,19.899999618530273,66568
1605294000,19.895000457763672,19.975799560546875,19.895000457763672,19.93000030517578,100227
1605294300,19.940000534057617,19.969999313354492,19.934999465942383,19.969999313354492,82937
1605294600,19.96500015258789,19.979999542236328,19.950000762939453,19.951000213623047,98287
1605294900,19.950000762939453,19.989999771118164,19.940000534057617,19.989999771118164,62739
1605295200,19.984600067138672,20,19.979999542236328,19.985000610351562,307058
1605295500,19.989999771118164,19.989999771118164,19.940000534057617,19.969999313354492,78637
1605295800,19.969999313354492,19.985000610351562,19.954999923706055,19.975000381469727,65768
1605296100,19.975000381469727,19.989999771118164,19.969999313354492,19.975000381469727,40877
1605296400,19.969999313354492,19.989999771118164,19.96500015258789,19.984699249267578,62008
1605296700,19.985000610351562,19.9950008392334,19.969999313354492,19.975000381469727,72264
1605297000,19.979999542236328,20,19.969999313354492,19.989999771118164,116466
1605297300,20,20,19.985000610351562,19.9950008392334,168977
1605297600,19.989999771118164,20.06999969482422,19.985000610351562,20.065000534057617,982281
1605297900,20.06999969482422,20.100000381469727,20.040000915527344,20.040000915527344,769954
1605298200,20.040000915527344,20.049999237060547,19.989999771118164,20.010000228881836,287251
1605298500,20.0049991607666,20.010000228881836,19.979999542236328,20,713146
1605298800,20,20.024999618530273,19.989999771118164,20.024999618530273,85818
1605299100,20.024999618530273,20.06999969482422,20.020000457763672,20.065000534057617,172283
1605299400,20.065000534057617,20.145000457763672,20.065000534057617,20.131000518798828,365828
1605299700,20.1299991607666,20.190000534057617,20.1200008392334,20.15999984741211,248231
1605300000,20.165000915527344,20.209999084472656,20.149999618530273,20.19499969482422,291861
1605300300,20.200000762939453,20.21500015258789,20.170000076293945,20.170000076293945,278458
1605300600,20.170000076293945,20.190000534057617,20.149999618530273,20.149999618530273,343305
1605300900,20.155000686645508,20.15999984741211,20.110000610351562,20.149999618530273,735368
1605301200,20.14,20.14,20.14,20.14,568430
1605302100,20.07,20.14,20.07,20.14,0
1605302400,20.15,20.15,20.1498,20.1498,0
1605302700,20.17,20.17,20.14,20.15,0
1605303000,20.1104,20.1104,20.1104,20.1104,0
1605303900,20.11,20.11,20.11,20.11,0
1605304200,20.17,20.17,20.14,20.14,0
1605304500,20.1,20.1,20.1,20.1,0
1605304800,20.11,20.11,20.11,20.11,0
1605306000,20.1,20.1,20.1,20.1,0
1605306600,20.1,20.1,20.1,20.1,0
1605307500,20.14,20.14,20.14,20.14,0
1605307800,20.17,20.17,20.17,20.17,0
1605308100,20.2,20.21,20.2,20.21,0
1605308400,20.21,20.49,20.21,20.44,0
1605308700,20.45,20.61,20.44,20.56,0
1605309000,20.59,20.59,20.5,20.53,0
1605309300,20.53,20.53,20.43,20.44,0
1605309600,20.44,20.45,20.39,20.4,0
1605309900,20.39,20.4,20.34,20.35,0
1605310200,20.35,20.42,20.34,20.42,0
1605310500,20.48,20.48,20.4,20.42,0
1605310800,20.44,20.44,20.44,20.44,0
1605311100,20.45,20.45,20.4,20.41,0
1605311400,20.41,20.42,20.4,20.41,0
1605311700,20.42,20.42,20.42,20.42,0
1605312000,20.41,20.45,20.41,20.45,0
1605312300,20.45,20.48,20.45,20.45,0
1605312600,20.45,20.45,20.44,20.44,0
1605312900,20.44,20.44,20.44,20.44,0
1605313200,20.4,20.4,20.4,20.4,0
1605313500,20.42,20.42,20.42,20.42,0
1605313800,20.44,20.44,20.44,20.44,0
1605314700,20.43,20.43,20.42,20.42,0
1605315000,20.4199,20.4199,20.4,20.4,0
1605315300,20.4399,20.44,20.38,20.38,0
