Date,Open,High,Low,Close,Volume
1605260100,8.84,8.84,8.84,8.84,0
1605261000,8.82,8.82,8.82,8.82,0
1605261900,8.82,8.82,8.77,8.77,0
1605264300,8.82,8.82,8.82,8.82,0
1605264600,8.83,8.83,8.83,8.83,0
1605265500,8.82,8.83,8.82,8.83,0
1605265800,8.83,8.83,8.83,8.83,0
1605266100,8.83,8.83,8.83,8.83,0
1605269400,8.86,8.86,8.86,8.86,0
1605269700,8.82,8.85,8.82,8.84,0
1605270000,8.84,8.85,8.84,8.84,0
1605270600,8.84,8.84,8.83,8.83,0
1605270900,8.84,8.84,8.84,8.84,0
1605271200,8.84,8.86,8.84,8.84,0
1605271500,8.84,8.85,8.84,8.85,0
1605271800,8.84,8.86,8.84,8.86,0
1605272100,8.87,8.87,8.86,8.86,0
1605272400,8.85,8.85,8.85,8.85,0
1605272700,8.86,8.86,8.86,8.86,0
1605273000,8.86,8.86,8.85,8.86,0
1605273300,8.84,8.8602,8.82,8.85,0
1605273600,8.85,8.86,8.84,8.84,0
1605273900,8.8402,8.85,8.84,8.84,0
1605274200,8.84,8.85,8.84,8.85,0
1605274500,8.84,8.85,8.84,8.84,0
1605274800,8.84,8.85,8.84,8.84,0
1605275100,8.84,8.85,8.84,8.85,0
1605275400,8.8499,8.85,8.84,8.84,0
1605275700,8.85,8.85,8.85,8.85,0
1605276000,8.84,8.85,8.82,8.82,0
1605276300,8.83,8.83,8.82,8.83,0
1605276600,8.83,8.83,8.81,8.81,0
1605276900,8.82,8.83,8.8,8.83,0
1605277200,8.8202,8.84,8.82,8.8399,0
1605277500,8.8399,8.85,8.83,8.83,0
1605277800,8.859999656677246,8.979999542236328,8.850000381469727,8.930100440979004,4192998
1605278100,8.936300277709961,8.949999809265137,8.90999984741211,8.944999694824219,1196018
1605278400,8.9399995803833,8.949999809265137,8.920000076293945,8.935700416564941,1468845
1605278700,8.9350004196167,8.9399995803833,8.920000076293945,8.9350004196167,948856
1605279000,8.9350004196167,8.960000038146973,8.930000305175781,8.944999694824219,1532087
1605279300,8.944999694824219,9.069999694824219,8.930000305175781,9.0649995803833,4791020
1605279600,9.0600004196167,9.109999656677246,9.020000457763672,9.03499984741211,6105703
1605279900,9.03499984741211,9.100000381469727,9.029999732971191,9.099800109863281,3175003
1605280200,9.09060001373291,9.100000381469727,9.039999961853027,9.0625,1919685
1605280500,9.0649995803833,9.09000015258789,9.039999961853027,9.045000076293945,1882831
1605280800,9.050000190734863,9.0600004196167,9.029999732971191,9.04699993133545,1662524
1605281100,9.050000190734863,9.069999694824219,9.039999961853027,9.0649995803833,1454051
1605281400,9.0649995803833,9.079999923706055,9.0600004196167,9.079999923706055,915002
1605281700,9.079999923706055,9.09000015258789,9.029999732971191,9.050000190734863,1498091
1605282000,9.050000190734863,9.0600004196167,9.029999732971191,9.045000076293945,1289205
1605282300,9.050000190734863,9.050000190734863,9.029999732971191,9.039999961853027,739767
1605282600,9.045000076293945,9.050000190734863,9.010000228881836,9.010000228881836,947109
1605282900,9.020000457763672,9.020000457763672,9,9.005000114440918,860921
1605283200,9.005000114440918,9.010000228881836,9,9.005000114440918,1126325
1605283500,9.005000114440918,9.029999732971191,8.989999771118164,9.015800476074219,1601532
1605283800,9.020000457763672,9.029999732971191,9.010000228881836,9.010000228881836,903915
1605284100,9.015000343322754,9.020000457763672,9,9.01710033416748,1580787
1605284400,9.01509952545166,9.050000190734863,9.010000228881836,9.039999961853027,885366
1605284700,9.042900085449219,9.050000190734863,9.010000228881836,9.03499984741211,1144005
1605285000,9.03499984741211,9.039999961853027,9.020000457763672,9.024999618530273,974737
1605285300,9.024999618530273,9.039999961853027,9.020000457763672,9.039999961853027,841584
1605285600,9.039999961853027,9.0600004196167,9.029999732971191,9.0600004196167,984870
1605285900,9.055000305175781,9.069999694824219,9.050000190734863,9.052900314331055,957409
1605286200,9.0600004196167,9.09000015258789,9.050000190734863,9.085000038146973,1828675
1605286500,9.085000038146973,9.09000015258789,9.079999923706055,9.083999633789062,468041
1605286800,9.08240032196045,9.09000015258789,9.069999694824219,9.069999694824219,849225
1605287100,9.079999923706055,9.09000015258789,9.074999809265137,9.085800170898438,547547
1605287400,9.085000038146973,9.09000015258789,9.069999694824219,9.074999809265137,719778
1605287700,9.074999809265137,9.079999923706055,9.069999694824219,9.074999809265137,636732
1605288000,9.074999809265137,9.079999923706055,9.069999694824219,9.074999809265137,337609
1605288300,9.074999809265137,9.079999923706055,9.069999694824219,9.077099800109863,604123
1605288600,9.074999809265137,9.09000015258789,9.069999694824219,9.079999923706055,2050145
1605288900,9.079999923706055,9.09000015258789,9.069999694824219,9.074999809265137,716403
1605289200,9.074999809265137,9.079999923706055,9.069999694824219,9.074999809265137,478238
1605289500,9.074999809265137,9.079999923706055,9.0600004196167,9.0649995803833,819101
1605289800,9.0649995803833,9.079999923706055,9.0600004196167,9.074999809265137,775621
1605290100,9.074999809265137,9.079999923706055,9.050000190734863,9.074999809265137,1694370
1605290400,9.074999809265137,9.09000015258789,9.069999694824219,9.085000038146973,706645
1605290700,9.09000015258789,9.09000015258789,9.079999923706055,9.085000038146973,763056
1605291000,9.085000038146973,9.119999885559082,9.069999694824219,9.085000038146973,7162356
1605291300,9.085000038146973,9.09000015258789,9.079999923706055,9.085000038146973,914565
1605291600,9.09000015258789,9.100000381469727,9.0600004196167,9.085000038146973,1886914
1605291900,9.09000015258789,9.109999656677246,9.079999923706055,9.10990047454834,845212
1605292200,9.104999542236328,9.109999656677246,9.100000381469727,9.104999542236328,659080
1605292500,9.104999542236328,9.119999885559082,9.100000381469727,9.116999626159668,1825781
1605292800,9.11340045928955,9.149999618530273,9.113200187683105,9.149999618530273,1540940
1605293100,9.14780044555664,9.149999618530273,9.140000343322754,9.140000343322754,652892
1605293400,9.145000457763672,9.149999618530273,9.140000343322754,9.149999618530273,429586
1605293700,9.149999618530273,9.149999618530273,9.140000343322754,9.149999618530273,541903
1605294000,9.149999618530273,9.180000305175781,9.140000343322754,9.170000076293945,1640576
1605294300,9.16759967803955,9.199999809265137,9.15999984741211,9.1850004196167,1249931
1605294600,9.180000305175781,9.199999809265137,9.170000076293945,9.1899995803833,1121330
1605294900,9.197500228881836,9.199999809265137,9.180000305175781,9.184100151062012,1547938
1605295200,9.187100410461426,9.199999809265137,9.15999984741211,9.164999961853027,2168316
1605295500,9.170000076293945,9.170000076293945,9.149999618530273,9.15999984741211,803514
1605295800,9.154999732971191,9.170000076293945,9.149999618530273,9.164999961853027,515918
1605296100,9.164999961853027,9.180000305175781,9.15999984741211,9.175000190734863,969270
1605296400,9.174200057983398,9.180000305175781,9.164999961853027,9.175000190734863,850363
1605296700,9.174200057983398,9.180000305175781,9.149999618530273,9.15999984741211,787835
1605297000,9.15999984741211,9.170000076293945,9.154999732971191,9.170000076293945,901791
1605297300,9.170000076293945,9.180000305175781,9.15999984741211,9.175000190734863,1953813
1605297600,9.175000190734863,9.180000305175781,9.15999984741211,9.170000076293945,712378
1605297900,9.170000076293945,9.180000305175781,9.15999984741211,9.175000190734863,754943
1605298200,9.171799659729004,9.180000305175781,9.170000076293945,9.175000190734863,975957
1605298500,9.175000190734863,9.180000305175781,9.149999618530273,9.154999732971191,1091377
1605298800,9.15999984741211,9.15999984741211,9.149999618530273,9.15999984741211,626806
1605299100,9.15999984741211,9.180000305175781,9.149999618530273,9.173999786376953,952803
1605299400,9.175000190734863,9.199999809265137,9.170000076293945,9.194999694824219,1886394
1605299700,9.194999694824219,9.21500015258789,9.1899995803833,9.204999923706055,2554864
1605300000,9.210000038146973,9.25,9.1899995803833,9.234999656677246,5545580
1605300300,9.234999656677246,9.25,9.220000267028809,9.244999885559082,2680820
1605300600,9.239999771118164,9.25,9.229999542236328,9.239999771118164,4538379
1605300900,9.244999885559082,9.25,9.234999656677246,9.25,7962158
1605301200,9.24,9.25,9.24,9.25,5561692
1605302100,9.25,9.27,9.24,9.24,0
1605302400,9.24,9.28,9.075,9.2602,0
1605302700,9.2602,9.28,9.25,9.27,0
1605303000,9.2602,9.28,9.26,9.27,0
1605303300,9.27,9.28,9.26,9.28,0
1605303600,9.28,9.29,9.28,9.2802,0
1605303900,9.28,9.29,9.275,9.285,0
1605304200,9.29,9.29,9.25,9.29,0
1605304500,9.29,9.29,9.25,9.28,0
1605304800,9.285,9.29,9.28,9.29,0
1605305100,9.28,9.29,9.28,9.29,0
1605305400,9.29,9.29,9.25,9.285,0
1605305700,9.285,9.29,9.28,9.285,0
1605306000,9.285,9.29,9.28,9.28,0
1605306300,9.28,9.29,9.28,9.2898,0
1605306600,9.28,9.29,9.28,9.2802,0
1605306900,9.29,9.29,9.26,9.27,0
1605307200,9.27,9.275,9.27,9.275,0
1605307500,9.27,9.275,9.27,9.27,0
1605307800,9.275,9.3,9.275,9.3,0
1605308100,9.295,9.3,9.28,9.28,0
1605308400,9.27,9.28,9.27,9.28,0
1605308700,9.27,9.28,9.27,9.28,0
1605309000,9.27,9.28,9.26,9.27,0
1605309300,9.26,9.27,9.26,9.26,0
1605309600,9.26,9.27,9.26,9.27,0
1605309900,9.26,9.28,9.26,9.28,0
1605310200,9.27,9.27,9.27,9.27,0
1605310500,9.26,9.28,9.26,9.28,0
1605310800,9.28,9.28,9.26,9.27,0
1605311100,9.26,9.28,9.26,9.28,0
1605311400,9.28,9.28,9.26,9.26,0
1605311700,9.27,9.27,9.26,9.27,0
1605312000,9.27,9.27,9.27,9.27,0
1605312300,9.26,9.27,9.26,9.26,0
1605312600,9.27,9.27,9.26,9.26,0
1605312900,9.27,9.27,9.27,9.27,0
1605313200,9.27,9.27,9.26,9.26,0
1605313500,9.27,9.27,9.26,9.27,0
1605313800,9.26,9.26,9.26,9.26,0
1605314100,9.27,9.27,9.26,9.26,0
1605314400,9.2601,9.27,9.26,9.27,0
1605314700,9.2601,9.27,9.26,9.26,0
1605315000,9.265,9.27,9.265,9.27,0
1605315300,9.27,9.27,9.26,9.27,0
