Date,Open,High,Low,Close,Volume
1605258900,1.14,1.14,1.13,1.13,0
1605259200,1.13,1.13,1.13,1.13,0
1605259800,1.13,1.13,1.13,1.13,0
1605260100,1.13,1.13,1.13,1.13,0
1605260700,1.13,1.13,1.13,1.13,0
1605261000,1.11,1.11,1.11,1.11,0
1605261300,1.11,1.11,1.11,1.11,0
1605261600,1.11,1.11,1.11,1.11,0
1605261900,1.13,1.13,1.13,1.13,0
1605262200,1.12,1.12,1.12,1.12,0
1605262800,1.13,1.13,1.12,1.12,0
1605263400,1.12,1.12,1.12,1.12,0
1605266400,1.13,1.13,1.13,1.13,0
1605266700,1.13,1.13,1.13,1.13,0
1605267000,1.13,1.13,1.12,1.12,0
1605267600,1.13,1.13,1.13,1.13,0
1605268200,1.12,1.12,1.12,1.12,0
1605269100,1.13,1.13,1.13,1.13,0
1605269400,1.12,1.13,1.12,1.13,0
1605269700,1.13,1.14,1.13,1.13,0
1605270000,1.14,1.14,1.14,1.14,0
1605270600,1.14,1.14,1.14,1.14,0
1605270900,1.14,1.14,1.14,1.14,0
1605271500,1.13,1.13,1.13,1.13,0
1605272100,1.14,1.14,1.14,1.14,0
1605272700,1.14,1.14,1.14,1.14,0
1605273300,1.14,1.15,1.13,1.14,0
1605273600,1.14,1.14,1.14,1.14,0
1605273900,1.14,1.14,1.1399,1.14,0
1605274200,1.14,1.14,1.14,1.14,0
1605274500,1.13,1.14,1.13,1.13,0
1605274800,1.14,1.14,1.14,1.14,0
1605275100,1.14,1.14,1.14,1.14,0
1605275400,1.14,1.15,1.14,1.14,0
1605275700,1.15,1.15,1.14,1.14,0
1605276000,1.14,1.1401,1.14,1.1401,0
1605276300,1.1401,1.15,1.14,1.15,0
1605276600,1.14,1.15,1.14,1.15,0
1605276900,1.15,1.15,1.14,1.14,0
1605277200,1.1401,1.15,1.14,1.15,0
1605277500,1.14,1.15,1.14,1.14,0
1605277800,1.1449999809265137,1.159999966621399,1.1399999856948853,1.149999976158142,1264001
1605278100,1.1549999713897705,1.1699999570846558,1.149999976158142,1.1656999588012695,905392
1605278400,1.1649999618530273,1.1699999570846558,1.149999976158142,1.1549999713897705,466032
1605278700,1.149999976158142,1.159999966621399,1.149999976158142,1.1549999713897705,284210
1605279000,1.1540000438690186,1.159999966621399,1.149999976158142,1.149999976158142,296833
1605279300,1.149999976158142,1.1549999713897705,1.1399999856948853,1.1449999809265137,377436
1605279600,1.1449999809265137,1.149999976158142,1.1399999856948853,1.1449999809265137,259283
1605279900,1.1399999856948853,1.149999976158142,1.1399999856948853,1.1449999809265137,195973
1605280200,1.1399999856948853,1.149999976158142,1.1299999952316284,1.1311999559402466,570768
1605280500,1.1349999904632568,1.1399999856948853,1.1299999952316284,1.1299999952316284,374307
1605280800,1.1299999952316284,1.1399999856948853,1.1200000047683716,1.1200000047683716,336626
1605281100,1.122499942779541,1.1399999856948853,1.1200000047683716,1.131500005722046,748653
1605281400,1.1399999856948853,1.149999976158142,1.1299999952316284,1.1449999809265137,514178
1605281700,1.1439000368118286,1.159999966621399,1.1399999856948853,1.1549999713897705,622677
1605282000,1.1549999713897705,1.159999966621399,1.149999976158142,1.1549999713897705,343537
1605282300,1.1549999713897705,1.159999966621399,1.149999976158142,1.1533000469207764,203750
1605282600,1.1549999713897705,1.159999966621399,1.149999976158142,1.1549999713897705,199682
1605282900,1.149999976158142,1.159999966621399,1.149999976158142,1.1549999713897705,252976
1605283200,1.159500002861023,1.159999966621399,1.149999976158142,1.149999976158142,277030
1605283500,1.159000039100647,1.159999966621399,1.149999976158142,1.159999966621399,115096
1605283800,1.159999966621399,1.159999966621399,1.149999976158142,1.1549999713897705,131643
1605284100,1.159999966621399,1.1699999570846558,1.149999976158142,1.1649999618530273,484409
1605284400,1.1649999618530273,1.1699999570846558,1.159999966621399,1.1649999618530273,136573
1605284700,1.159999966621399,1.1699999570846558,1.159999966621399,1.159999966621399,119066
1605285000,1.1687999963760376,1.1699999570846558,1.159999966621399,1.159999966621399,115223
1605285300,1.159999966621399,1.1699999570846558,1.159999966621399,1.159999966621399,126688
1605285600,1.159999966621399,1.1799999475479126,1.159999966621399,1.1749999523162842,433091
1605285900,1.1749999523162842,1.1799999475479126,1.1699999570846558,1.1749999523162842,234848
1605286200,1.1699999570846558,1.1799999475479126,1.1699999570846558,1.1699999570846558,168438
1605286500,1.1749999523162842,1.1799999475479126,1.159999966621399,1.1649999618530273,203372
1605286800,1.159999966621399,1.1699999570846558,1.159999966621399,1.1649999618530273,111092
1605287100,1.1634000539779663,1.1699999570846558,1.159999966621399,1.1649999618530273,74806
1605287400,1.159999966621399,1.1699999570846558,1.159999966621399,1.1699999570846558,203931
1605287700,1.159999966621399,1.1699999570846558,1.159999966621399,1.159999966621399,89991
1605288000,1.159999966621399,1.1699999570846558,1.159999966621399,1.159999966621399,132026
1605288300,1.159999966621399,1.1699999570846558,1.159999966621399,1.159999966621399,198102
1605288600,1.1649999618530273,1.1699999570846558,1.159999966621399,1.1649999618530273,61881
1605288900,1.1649999618530273,1.1699999570846558,1.159999966621399,1.159999966621399,156513
1605289200,1.1649999618530273,1.1699999570846558,1.159999966621399,1.1649999618530273,82143
1605289500,1.159999966621399,1.1699999570846558,1.159999966621399,1.1622999906539917,54573
1605289800,1.1627999544143677,1.1699999570846558,1.159999966621399,1.159999966621399,154293
1605290100,1.159999966621399,1.1699999570846558,1.159999966621399,1.159999966621399,91942
1605290400,1.159999966621399,1.1699999570846558,1.159999966621399,1.159999966621399,91612
1605290700,1.159999966621399,1.1699999570846558,1.159999966621399,1.159999966621399,46899
1605291000,1.1649999618530273,1.1699999570846558,1.159999966621399,1.159999966621399,83872
1605291300,1.1649999618530273,1.1699999570846558,1.159999966621399,1.1649999618530273,190024
1605291600,1.1642999649047852,1.1699999570846558,1.159999966621399,1.1649999618530273,46171
1605291900,1.159999966621399,1.1699999570846558,1.159999966621399,1.159999966621399,102633
1605292200,1.159999966621399,1.1699999570846558,1.159999966621399,1.159999966621399,36661
1605292500,1.1649999618530273,1.1699999570846558,1.159999966621399,1.159999966621399,74628
1605292800,1.159999966621399,1.1699999570846558,1.159999966621399,1.1622999906539917,447583
1605293100,1.1649999618530273,1.1655999422073364,1.149999976158142,1.1549999713897705,156029
1605293400,1.1542999744415283,1.159999966621399,1.149999976158142,1.149999976158142,103596
1605293700,1.159999966621399,1.159999966621399,1.149999976158142,1.149999976158142,129209
1605294000,1.1549999713897705,1.159999966621399,1.149999976158142,1.149999976158142,122992
1605294300,1.1549999713897705,1.159999966621399,1.149999976158142,1.1549999713897705,82425
1605294600,1.149999976158142,1.159999966621399,1.149999976158142,1.149999976158142,175176
1605294900,1.149999976158142,1.159999966621399,1.149999976158142,1.1549999713897705,105158
1605295200,1.149999976158142,1.159999966621399,1.149999976158142,1.149999976158142,55708
1605295500,1.149999976158142,1.159999966621399,1.1299999952316284,1.1349999904632568,747866
1605295800,1.1399999856948853,1.149999976158142,1.1299999952316284,1.1401000022888184,428575
1605296100,1.1449999809265137,1.149999976158142,1.1399999856948853,1.1449999809265137,101497
1605296400,1.1449999809265137,1.149999976158142,1.1399999856948853,1.1449999809265137,101288
1605296700,1.1399999856948853,1.149999976158142,1.1399999856948853,1.1449999809265137,98803
1605297000,1.1449999809265137,1.149999976158142,1.1399999856948853,1.1449999809265137,57693
1605297300,1.148300051689148,1.149999976158142,1.1399999856948853,1.1449999809265137,236715
1605297600,1.1476000547409058,1.159999966621399,1.1399999856948853,1.1549999713897705,381434
1605297900,1.1549999713897705,1.159999966621399,1.1399999856948853,1.1549999713897705,811374
1605298200,1.149999976158142,1.159999966621399,1.149999976158142,1.1549999713897705,105427
1605298500,1.1549999713897705,1.159999966621399,1.149999976158142,1.1549999713897705,59216
1605298800,1.1552000045776367,1.1699999570846558,1.1549999713897705,1.1649999618530273,375709
1605299100,1.159999966621399,1.1699999570846558,1.159999966621399,1.159999966621399,102225
1605299400,1.1649999618530273,1.1799999475479126,1.159999966621399,1.1728999614715576,475760
1605299700,1.1749999523162842,1.190000057220459,1.1699999570846558,1.190000057220459,624133
1605300000,1.190000057220459,1.2100000381469727,1.1799999475479126,1.2050000429153442,1689535
1605300300,1.2100000381469727,1.2100000381469727,1.190000057220459,1.1950000524520874,919639
1605300600,1.190000057220459,1.2000000476837158,1.190000057220459,1.190000057220459,372959
1605300900,1.1950000524520874,1.2200000286102295,1.190000057220459,1.2100000381469727,2372805
1605301200,1.22,1.22,1.215,1.22,99216
1605302100,1.21,1.22,1.21,1.22,0
1605302400,1.21,1.22,1.21,1.22,0
1605302700,1.21,1.22,1.21,1.2198,0
1605303000,1.2198,1.22,1.21,1.2102,0
1605303300,1.21,1.21,1.2,1.2,0
1605303600,1.2098,1.21,1.2,1.2002,0
1605303900,1.21,1.22,1.2,1.2002,0
1605304200,1.2,1.205,1.2,1.2,0
1605304500,1.2,1.21,1.2,1.21,0
1605304800,1.205,1.205,1.2,1.205,0
1605305100,1.205,1.21,1.2,1.2,0
1605305400,1.2,1.21,1.2,1.2,0
1605305700,1.2,1.21,1.2,1.205,0
1605306000,1.205,1.21,1.2,1.205,0
1605306300,1.21,1.21,1.205,1.21,0
1605306600,1.21,1.21,1.2,1.2,0
1605306900,1.205,1.21,1.205,1.21,0
1605307200,1.205,1.22,1.205,1.22,0
1605307500,1.215,1.22,1.21,1.22,0
1605307800,1.22,1.22,1.21,1.22,0
1605308100,1.22,1.22,1.21,1.22,0
1605308400,1.22,1.22,1.21,1.21,0
1605308700,1.22,1.22,1.215,1.22,0
1605309000,1.215,1.22,1.21,1.22,0
1605309300,1.22,1.22,1.22,1.22,0
1605309600,1.22,1.22,1.21,1.215,0
1605309900,1.22,1.22,1.215,1.22,0
1605310200,1.22,1.22,1.21,1.21,0
1605310500,1.22,1.23,1.21,1.22,0
1605310800,1.23,1.23,1.22,1.23,0
1605311100,1.23,1.23,1.23,1.23,0
1605311400,1.23,1.23,1.23,1.23,0
1605311700,1.23,1.23,1.23,1.23,0
1605312000,1.23,1.23,1.23,1.23,0
1605312300,1.23,1.23,1.23,1.23,0
1605312600,1.23,1.23,1.22,1.22,0
1605312900,1.23,1.23,1.22,1.22,0
1605313200,1.22,1.22,1.22,1.22,0
1605313500,1.22,1.24,1.22,1.23,0
1605313800,1.24,1.24,1.23,1.24,0
1605314100,1.24,1.24,1.23,1.23,0
1605314400,1.24,1.24,1.24,1.24,0
1605314700,1.23,1.24,1.23,1.24,0
1605315000,1.23,1.23,1.22,1.23,0
1605315300,1.23,1.23,1.22,1.23,0
