Date,Open,High,Low,Close,Volume
1605259200,0.2499,0.2499,0.2499,0.2499,0
1605259500,0.249,0.249,0.248,0.248,0
1605260100,0.2477,0.2477,0.2477,0.2477,0
1605260400,0.247,0.247,0.247,0.247,0
1605261000,0.24,0.24,0.24,0.24,0
1605261600,0.24,0.24,0.222,0.2255,0
1605264000,0.247,0.247,0.245,0.245,0
1605264300,0.2459,0.2469,0.2458,0.2458,0
1605264600,0.2458,0.2458,0.2457,0.2457,0
1605264900,0.2457,0.2457,0.2457,0.2457,0
1605265200,0.2456,0.2459,0.2456,0.2459,0
1605265500,0.2459,0.2459,0.2459,0.2459,0
1605266100,0.2458,0.2458,0.2458,0.2458,0
1605266700,0.2458,0.2458,0.2458,0.2458,0
1605267300,0.2455,0.2458,0.2455,0.2458,0
1605267600,0.2455,0.247,0.2455,0.247,0
1605267900,0.2469,0.2469,0.2469,0.2469,0
1605268200,0.2469,0.2469,0.2469,0.2469,0
1605268500,0.2455,0.2455,0.2455,0.2455,0
1605268800,0.2469,0.2469,0.2469,0.2469,0
1605269700,0.2465,0.2465,0.243,0.2456,0
1605270300,0.2456,0.249,0.2456,0.249,0
1605270600,0.249,0.249,0.249,0.249,0
1605270900,0.248,0.249,0.2425,0.2425,0
1605271200,0.2425,0.2431,0.2425,0.2425,0
1605271500,0.2465,0.249,0.2448,0.2448,0
1605271800,0.2448,0.248,0.2448,0.248,0
1605272400,0.2479,0.2479,0.2479,0.2479,0
1605273000,0.2475,0.2475,0.247,0.2475,0
1605273300,0.243,0.249,0.243,0.248,0
1605273600,0.2479,0.2479,0.2479,0.2479,0
1605273900,0.2452,0.2452,0.24,0.24,0
1605274200,0.2444,0.2444,0.2444,0.2444,0
1605274500,0.244,0.244,0.24,0.241,0
1605274800,0.2439,0.2451,0.2413,0.2413,0
1605275100,0.2446,0.2446,0.2446,0.2446,0
1605275400,0.244,0.244,0.244,0.244,0
1605275700,0.244,0.244,0.244,0.244,0
1605276000,0.2449,0.2449,0.2449,0.2449,0
1605276300,0.243,0.243,0.24,0.243,0
1605276600,0.24,0.245,0.24,0.245,0
1605276900,0.243,0.243,0.2382,0.24,0
1605277200,0.2377,0.24,0.2359,0.2361,0
1605277500,0.2361,0.2399,0.2361,0.2399,0
1605277800,0.24300000071525574,0.2460000067949295,0.23989999294281006,0.24379999935626984,1262527
1605278100,0.24549999833106995,0.2460000067949295,0.2401999980211258,0.24316999316215515,392942
1605278400,0.24345000088214874,0.24400000274181366,0.24230000376701355,0.24379999935626984,465716
1605278700,0.24375000596046448,0.24690000712871552,0.24375000596046448,0.2466990053653717,275823
1605279000,0.24650000035762787,0.24690000712871552,0.24500000476837158,0.2451000064611435,356013
1605279300,0.24504999816417694,0.24580000340938568,0.24500000476837158,0.24580000340938568,157944
1605279600,0.24563999474048615,0.2460000067949295,0.24563999474048615,0.2459000051021576,166510
1605279900,0.2460000067949295,0.24629999697208405,0.2460000067949295,0.24629999697208405,223113
1605280200,0.24629999697208405,0.24639999866485596,0.2462500035762787,0.24639999866485596,166488
1605280500,0.24629999697208405,0.24639999866485596,0.2460000067949295,0.24619999527931213,157352
1605280800,0.24609999358654022,0.24619999527931213,0.2460000067949295,0.24605000019073486,78496
1605281100,0.2460000067949295,0.24609999358654022,0.24529999494552612,0.24529999494552612,190068
1605281400,0.24529999494552612,0.24529999494552612,0.23999999463558197,0.2400750070810318,467385
1605281700,0.24009999632835388,0.24009999632835388,0.23800000548362732,0.23829999566078186,328482
1605282000,0.23829999566078186,0.23839999735355377,0.23749999701976776,0.2378000020980835,293376
1605282300,0.2378000020980835,0.23989999294281006,0.2378000020980835,0.23964999616146088,262644
1605282600,0.23989999294281006,0.23989999294281006,0.23669999837875366,0.2378000020980835,300342
1605282900,0.23799900710582733,0.23800000548362732,0.23600000143051147,0.2361000031232834,315432
1605283200,0.23600000143051147,0.2361000031232834,0.23170000314712524,0.2317499965429306,665085
1605283500,0.23170000314712524,0.23180000483989716,0.2305999994277954,0.23100000619888306,229024
1605283800,0.23100000619888306,0.23199999332427979,0.23090000450611115,0.23199999332427979,488637
1605284100,0.23194999992847443,0.23499999940395355,0.23194999992847443,0.23309999704360962,528915
1605284400,0.23305000364780426,0.23468999564647675,0.2329999953508377,0.2341500073671341,277643
1605284700,0.23409999907016754,0.23409999907016754,0.23330000042915344,0.23351800441741943,263233
1605285000,0.23350000381469727,0.23350000381469727,0.23199999332427979,0.23225000500679016,426252
1605285300,0.23225000500679016,0.23240000009536743,0.2321999967098236,0.23240000009536743,142078
1605285600,0.23240000009536743,0.23549999296665192,0.23229999840259552,0.23469999432563782,323821
1605285900,0.2337000072002411,0.2337000072002411,0.23000000417232513,0.2321999967098236,287737
1605286200,0.23199999332427979,0.2320999950170517,0.23000000417232513,0.23010000586509705,410679
1605286500,0.2301499992609024,0.23029999434947968,0.23010000586509705,0.23029999434947968,529326
1605286800,0.23029999434947968,0.2303999960422516,0.23019999265670776,0.23029999434947968,174756
1605287100,0.23029999434947968,0.23029999434947968,0.23019999265670776,0.23021100461483002,153302
1605287400,0.23021100461483002,0.2303999960422516,0.23021100461483002,0.2303989976644516,156755
1605287700,0.23035000264644623,0.2304999977350235,0.23029999434947968,0.2304999977350235,100873
1605288000,0.23045000433921814,0.2329999953508377,0.23041899502277374,0.2321999967098236,248497
1605288300,0.2321999967098236,0.23260000348091125,0.2320999950170517,0.23229999840259552,151396
1605288600,0.23229999840259552,0.2337000072002411,0.2321999967098236,0.2337000072002411,185540
1605288900,0.2337000072002411,0.2337999939918518,0.23360000550746918,0.2337999939918518,285965
1605289200,0.23375000059604645,0.23399999737739563,0.2337000072002411,0.23395000398159027,46627
1605289500,0.23399999737739563,0.23479999601840973,0.23395000398159027,0.23479600250720978,194042
1605289800,0.23479999601840973,0.23489999771118164,0.23469999432563782,0.23489999771118164,218597
1605290100,0.23489999771118164,0.23499999940395355,0.23479999601840973,0.23499999940395355,120008
1605290400,0.23499999940395355,0.23510000109672546,0.23499999940395355,0.2350499927997589,182835
1605290700,0.2350499927997589,0.23520000278949738,0.23499999940395355,0.23520000278949738,295871
1605291000,0.23514999449253082,0.2353000044822693,0.23510000109672546,0.23521900177001953,114153
1605291300,0.23520000278949738,0.2353000044822693,0.23520000278949738,0.2353000044822693,116314
1605291600,0.23520000278949738,0.2354000061750412,0.23520000278949738,0.2353000044822693,95862
1605291900,0.2353000044822693,0.2354000061750412,0.2353000044822693,0.23534999787807465,73391
1605292200,0.2353000044822693,0.2354000061750412,0.2353000044822693,0.2353000044822693,111636
1605292500,0.2353000044822693,0.2354000061750412,0.2353000044822693,0.2353000044822693,75149
1605292800,0.2354000061750412,0.2374500036239624,0.2353000044822693,0.2374500036239624,229107
1605293100,0.23749999701976776,0.23749999701976776,0.23739999532699585,0.23739999532699585,130415
1605293400,0.23749999701976776,0.23759999871253967,0.23739999532699585,0.23749999701976776,41428
1605293700,0.23749999701976776,0.23759999871253967,0.23749999701976776,0.23749999701976776,135595
1605294000,0.23749999701976776,0.23839999735355377,0.23749999701976776,0.23819999396800995,191770
1605294300,0.2381500005722046,0.23819999396800995,0.23810000717639923,0.2381500005722046,61275
1605294600,0.23810000717639923,0.23819999396800995,0.23800000548362732,0.23810000717639923,110105
1605294900,0.2381500005722046,0.23819999396800995,0.23810000717639923,0.23810000717639923,72670
1605295200,0.2381500005722046,0.23819999396800995,0.23800000548362732,0.2381500005722046,56558
1605295500,0.23819999396800995,0.23819999396800995,0.23800000548362732,0.2381100058555603,88564
1605295800,0.23819999396800995,0.23829999566078186,0.23810000717639923,0.2382500022649765,249679
1605296100,0.23829999566078186,0.23829999566078186,0.23819999396800995,0.23829999566078186,69147
1605296400,0.23819999396800995,0.23829999566078186,0.23819999396800995,0.23829999566078186,58272
1605296700,0.23829999566078186,0.23829999566078186,0.23819999396800995,0.2382500022649765,61910
1605297000,0.2382500022649765,0.23829999566078186,0.23819999396800995,0.2382500022649765,200495
1605297300,0.2382500022649765,0.23829999566078186,0.23819999396800995,0.23819999396800995,135142
1605297600,0.23829999566078186,0.23829999566078186,0.23819999396800995,0.2382500022649765,90925
1605297900,0.2382500022649765,0.23829999566078186,0.23819999396800995,0.23829999566078186,91766
1605298200,0.2382500022649765,0.23829999566078186,0.23819999396800995,0.23819999396800995,78160
1605298500,0.23829999566078186,0.23829999566078186,0.23819999396800995,0.23819999396800995,140208
1605298800,0.2382500022649765,0.23829999566078186,0.23819999396800995,0.23829999566078186,78317
1605299100,0.23819999396800995,0.23829999566078186,0.23800000548362732,0.23829999566078186,193913
1605299400,0.2382500022649765,0.23829999566078186,0.23819999396800995,0.2382500022649765,154669
1605299700,0.2382500022649765,0.23829999566078186,0.23819999396800995,0.23819999396800995,102567
1605300000,0.2382500022649765,0.23829999566078186,0.23600000143051147,0.23604999482631683,423565
1605300300,0.23604999482631683,0.2361000031232834,0.23420000076293945,0.23430000245571136,363412
1605300600,0.23430000245571136,0.23759999871253967,0.23430000245571136,0.23639999330043793,549766
1605300900,0.23639999330043793,0.23999999463558197,0.23639999330043793,0.23899999260902405,981789
1605301200,0.239,0.239,0.239,0.239,597279
1605302100,0.2349,0.24,0.23,0.234,0
1605302400,0.234,0.2447,0.234,0.2447,0
1605302700,0.24,0.24,0.2317,0.2319,0
1605303000,0.2375,0.2385,0.2341,0.2382,0
1605303300,0.2376,0.2376,0.2342,0.2342,0
1605303600,0.2344,0.237,0.234,0.237,0
1605303900,0.2369,0.237,0.2369,0.237,0
1605304200,0.237,0.2375,0.235,0.2375,0
1605304500,0.2375,0.2438,0.2375,0.2438,0
1605304800,0.2399,0.2435,0.2398,0.2435,0
1605305100,0.24,0.24,0.24,0.24,0
1605305400,0.24,0.24,0.239,0.239,0
1605306000,0.239,0.239,0.2378,0.239,0
1605307200,0.239,0.239,0.239,0.239,0
1605307800,0.239,0.239,0.239,0.239,0
1605308400,0.239,0.239,0.239,0.239,0
1605308700,0.239,0.2399,0.239,0.2399,0
1605309000,0.2399,0.2399,0.239,0.239,0
1605310800,0.2384,0.2384,0.2384,0.2384,0
1605311100,0.2384,0.239,0.2384,0.239,0
1605311400,0.239,0.239,0.239,0.239,0
1605311700,0.239,0.239,0.239,0.239,0
1605312600,0.239,0.239,0.2378,0.2378,0
1605312900,0.2378,0.2378,0.235,0.235,0
1605313800,0.235,0.235,0.235,0.235,0
1605314100,0.239,0.239,0.239,0.239,0
1605314400,0.239,0.2398,0.239,0.2398,0
1605315300,0.2399,0.2399,0.2345,0.2345,0
