Date,Open,High,Low,Close,Volume
1605260100,2.34,2.38,2.34,2.38,0
1605260400,2.35,2.35,2.35,2.35,0
1605261000,2.34,2.34,2.34,2.34,0
1605261300,2.4,2.4,2.4,2.4,0
1605261600,2.4,2.4,2.4,2.4,0
1605261900,2.37,2.37,2.35,2.35,0
1605262500,2.35,2.35,2.35,2.35,0
1605262800,2.4,2.4,2.4,2.4,0
1605263100,2.4,2.4,2.4,2.4,0
1605264300,2.21,2.21,2.21,2.21,0
1605264900,2.4,2.4,2.4,2.4,0
1605265500,2.29,2.29,2.29,2.29,0
1605265800,2.29,2.29,2.29,2.29,0
1605266400,2.35,2.4,2.35,2.4,0
1605268200,2.38,2.38,2.38,2.38,0
1605268500,2.39,2.5,2.39,2.5,0
1605268800,2.5,2.83,2.49,2.62,0
1605269100,2.67,3.78,2.67,3.53,0
1605269400,3.52,3.7,3.04,3.15,0
1605269700,3.15,3.46,2.94,3.17,0
1605270000,3.18,3.6,3.15,3.49,0
1605270300,3.48,3.48,3.16,3.19,0
1605270600,3.19,3.38,3.17,3.25,0
1605270900,3.22,3.35,3.18,3.18,0
1605271200,3.19,3.19,3.02,3.09,0
1605271500,3.1,3.1,3.01,3.05,0
1605271800,3.05,3.13,3.05,3.06,0
1605272100,3.07,3.09,2.87,2.89,0
1605272400,2.9,2.91,2.88,2.91,0
1605272700,2.91,2.91,2.87,2.87,0
1605273000,2.87,2.87,2.75,2.77,0
1605273300,2.77,3.0401,2.75,2.81,0
1605273600,2.81,3.2,2.8,3.17,0
1605273900,2.87,3.19,2.87,2.88,0
1605274200,2.89,2.89,2.78,2.79,0
1605274500,2.79,2.83,2.77,2.78,0
1605274800,2.78,2.79,2.71,2.75,0
1605275100,2.75,2.75,2.72,2.74,0
1605275400,2.74,2.79,2.73,2.78,0
1605275700,2.78,2.78,2.75,2.7601,0
1605276000,2.76,2.77,2.73,2.73,0
1605276300,2.72,2.73,2.67,2.73,0
1605276600,2.74,2.74,2.71,2.73,0
1605276900,2.73,2.86,2.73,2.84,0
1605277200,2.84,2.97,2.8301,2.86,0
1605277500,2.85,2.93,2.82,2.93,0
1605277800,3.125,3.130000114440918,2.880000114440918,2.884999990463257,10335334
1605278100,2.890000104904175,2.930000066757202,2.75,2.755000114440918,1446978
1605278400,2.75,2.7899999618530273,2.680000066757202,2.719899892807007,1159115
1605278700,2.7200000286102295,2.7200000286102295,2.640000104904175,2.6649999618530273,830632
1605279000,2.6649999618530273,2.740000009536743,2.6649999618530273,2.690000057220459,853797
1605279300,2.690000057220459,2.700000047683716,2.5299999713897705,2.565000057220459,520040
1605279600,2.565000057220459,2.5899999141693115,2.5299999713897705,2.5799999237060547,539838
1605279900,2.5799999237060547,2.5899999141693115,2.559999942779541,2.561000108718872,215008
1605280200,2.559999942779541,2.5999999046325684,2.5399999618530273,2.5999999046325684,212622
1605280500,2.5950000286102295,2.5999999046325684,2.5399999618530273,2.565000057220459,119481
1605280800,2.559999942779541,2.559999942779541,2.4600000381469727,2.490000009536743,487338
1605281100,2.4800000190734863,2.5299999713897705,2.4800000190734863,2.5250000953674316,183712
1605281400,2.5199999809265137,2.547499895095825,2.490000009536743,2.5,101451
1605281700,2.5,2.509999990463257,2.430000066757202,2.4400999546051025,243297
1605282000,2.444999933242798,2.5100998878479004,2.440000057220459,2.509999990463257,133166
1605282300,2.515000104904175,2.5199999809265137,2.4700000286102295,2.490000009536743,123385
1605282600,2.484999895095825,2.5199999809265137,2.4800000190734863,2.509999990463257,78626
1605282900,2.5199999809265137,2.5199999809265137,2.450000047683716,2.4749999046325684,143194
1605283200,2.4800000190734863,2.509999990463257,2.4700000286102295,2.505000114440918,78570
1605283500,2.509999990463257,2.509999990463257,2.4700000286102295,2.484999895095825,49763
1605283800,2.484999895095825,2.5199999809265137,2.4834001064300537,2.509999990463257,104479
1605284100,2.515000104904175,2.5299999713897705,2.5,2.526599884033203,79914
1605284400,2.5299999713897705,2.5399999618530273,2.4700000286102295,2.490000009536743,85239
1605284700,2.4990999698638916,2.5,2.4800000190734863,2.494999885559082,46679
1605285000,2.4941000938415527,2.5,2.4600000381469727,2.4646999835968018,80093
1605285300,2.4600000381469727,2.4700000286102295,2.440000057220459,2.4600000381469727,135331
1605285600,2.452500104904175,2.4600000381469727,2.450000047683716,2.452699899673462,26344
1605285900,2.4549999237060547,2.4665000438690186,2.450000047683716,2.4595999717712402,44157
1605286200,2.450000047683716,2.490000009536743,2.450000047683716,2.4800000190734863,35365
1605286500,2.490000009536743,2.5,2.4800000190734863,2.484999895095825,94187
1605286800,2.490000009536743,2.490000009536743,2.4700000286102295,2.4774999618530273,53953
1605287100,2.4749999046325684,2.4800000190734863,2.4600000381469727,2.4700000286102295,36142
1605287400,2.4649999141693115,2.5,2.4649999141693115,2.484999895095825,47826
1605287700,2.484999895095825,2.484999895095825,2.4700000286102295,2.4700000286102295,12979
1605288000,2.4749999046325684,2.4749999046325684,2.450000047683716,2.4700000286102295,46262
1605288300,2.4649999141693115,2.4800000190734863,2.450000047683716,2.4549999237060547,18361
1605288600,2.4549999237060547,2.4600000381469727,2.450000047683716,2.450000047683716,19068
1605288900,2.4560999870300293,2.4600000381469727,2.4000000953674316,2.4000000953674316,163791
1605289200,2.4000000953674316,2.440000057220459,2.4000000953674316,2.424999952316284,57474
1605289500,2.4200000762939453,2.430000066757202,2.4200000762939453,2.424999952316284,40232
1605289800,2.424999952316284,2.4549999237060547,2.420099973678589,2.4549999237060547,34593
1605290100,2.4600000381469727,2.490000009536743,2.4500999450683594,2.4600000381469727,66414
1605290400,2.4600000381469727,2.4600000381469727,2.450000047683716,2.4549999237060547,16119
1605290700,2.4549999237060547,2.4600000381469727,2.4200000762939453,2.424999952316284,25707
1605291000,2.424999952316284,2.430000066757202,2.4200000762939453,2.430000066757202,18447
1605291300,2.424999952316284,2.430000066757202,2.4200000762939453,2.4200000762939453,17010
1605291600,2.424999952316284,2.430000066757202,2.420099973678589,2.425600051879883,6993
1605291900,2.424999952316284,2.430000066757202,2.4200000762939453,2.430000066757202,3663
1605292200,2.4200000762939453,2.440000057220459,2.4200000762939453,2.4351999759674072,30659
1605292500,2.4354000091552734,2.440000057220459,2.4200000762939453,2.4200000762939453,63337
1605292800,2.4200000762939453,2.430000066757202,2.4100000858306885,2.430000066757202,37109
1605293100,2.430000066757202,2.440000057220459,2.430000066757202,2.4300999641418457,17546
1605293400,2.440000057220459,2.440000057220459,2.4300999641418457,2.434999942779541,10685
1605293700,2.440000057220459,2.440000057220459,2.430000066757202,2.440000057220459,2855
1605294000,2.4393999576568604,2.440000057220459,2.4000000953674316,2.4079999923706055,44872
1605294300,2.400099992752075,2.4100000858306885,2.359999895095825,2.375,107363
1605294600,2.380000114440918,2.380000114440918,2.3299999237060547,2.3450000286102295,125047
1605294900,2.3399999141693115,2.359999895095825,2.3399999141693115,2.3550000190734863,82280
1605295200,2.3550000190734863,2.359999895095825,2.3299999237060547,2.359999895095825,95501
1605295500,2.365000009536743,2.390000104904175,2.365000009536743,2.384999990463257,10637
1605295800,2.390000104904175,2.4000000953674316,2.380000114440918,2.390000104904175,21982
1605296100,2.390000104904175,2.390000104904175,2.369999885559082,2.380000114440918,36021
1605296400,2.380000114440918,2.444999933242798,2.380000114440918,2.434999942779541,93330
1605296700,2.440000057220459,2.440000057220459,2.4100000858306885,2.4200000762939453,27786
1605297000,2.4149999618530273,2.440000057220459,2.4149999618530273,2.440000057220459,23888
1605297300,2.430000066757202,2.5,2.424999952316284,2.4846999645233154,131849
1605297600,2.4800000190734863,2.4883999824523926,2.4649999141693115,2.4700000286102295,14729
1605297900,2.4649999141693115,2.4700000286102295,2.4600000381469727,2.4700000286102295,7302
1605298200,2.4700000286102295,2.4700000286102295,2.4000000953674316,2.430000066757202,66996
1605298500,2.430000066757202,2.430000066757202,2.4200000762939453,2.430000066757202,39604
1605298800,2.430000066757202,2.4600000381469727,2.4200000762939453,2.450000047683716,19661
1605299100,2.440000057220459,2.450000047683716,2.430000066757202,2.449199914932251,20584
1605299400,2.4400999546051025,2.5,2.440000057220459,2.484999895095825,82264
1605299700,2.490000009536743,2.569999933242798,2.4800000190734863,2.5292000770568848,184737
1605300000,2.52839994430542,2.549999952316284,2.5,2.505000114440918,71841
1605300300,2.505000114440918,2.509999990463257,2.4800000190734863,2.5,88380
1605300600,2.4907000064849854,2.509999990463257,2.490000009536743,2.509999990463257,34439
1605300900,2.5000998973846436,2.509999990463257,2.450000047683716,2.490000009536743,140846
1605301200,2.49,2.49,2.49,2.49,4439
1605302100,2.5,2.5002,2.5,2.5,0
1605302400,2.4998,2.4998,2.46,2.46,0
1605302700,2.4602,2.4898,2.46,2.46,0
1605303000,2.47,2.5,2.47,2.5,0
1605303300,2.51,2.5202,2.51,2.5202,0
1605303600,2.52,2.54,2.52,2.5302,0
1605303900,2.53,2.53,2.53,2.53,0
1605304200,2.53,2.53,2.5,2.5,0
1605304500,2.48,2.48,2.48,2.48,0
1605304800,2.48,2.48,2.48,2.48,0
1605305100,2.4702,2.4702,2.47,2.47,0
1605305400,2.47,2.5,2.43,2.5,0
1605305700,2.43,2.43,2.43,2.43,0
1605306000,2.42,2.45,2.42,2.45,0
1605306300,2.45,2.45,2.45,2.45,0
1605306600,2.45,2.46,2.45,2.46,0
1605306900,2.46,2.46,2.46,2.46,0
1605307200,2.47,2.5,2.47,2.5,0
1605307500,2.5,2.5,2.5,2.5,0
1605308700,2.49,2.49,2.49,2.49,0
1605309000,2.49,2.49,2.47,2.47,0
1605309300,2.46,2.46,2.46,2.46,0
1605310500,2.45,2.45,2.45,2.45,0
1605311100,2.45,2.45,2.42,2.42,0
1605311400,2.42,2.42,2.42,2.42,0
1605311700,2.44,2.44,2.44,2.44,0
1605312000,2.44,2.44,2.43,2.43,0
1605312300,2.44,2.44,2.44,2.44,0
1605312600,2.45,2.45,2.45,2.45,0
1605312900,2.45,2.45,2.45,2.45,0
1605313200,2.45,2.45,2.45,2.45,0
1605314100,2.44,2.44,2.44,2.44,0
1605314700,2.44,2.44,2.44,2.44,0
1605315300,2.45,2.45,2.42,2.42,0
