Date,Open,High,Low,Close,Volume
1605277800,12.319999694824219,12.545000076293945,12.270000457763672,12.5,0
1605278100,12.5,12.5,12.399999618530273,12.470000267028809,97320
1605278400,12.479999542236328,12.5,12.404999732971191,12.420000076293945,51291
1605278700,12.420000076293945,12.444999694824219,12.399999618530273,12.414999961853027,54551
1605279000,12.420000076293945,12.489999771118164,12.399999618530273,12.430000305175781,64618
1605279300,12.4399995803833,12.479999542236328,12.40999984741211,12.479999542236328,61214
1605279600,12.479999542236328,12.484999656677246,12.4350004196167,12.460000038146973,52325
1605279900,12.470000267028809,12.529999732971191,12.460000038146973,12.529999732971191,88302
1605280200,12.529999732971191,12.555000305175781,12.5,12.524999618530273,82105
1605280500,12.529999732971191,12.5600004196167,12.494999885559082,12.494999885559082,61798
1605280800,12.5,12.520000457763672,12.475000381469727,12.510000228881836,58730
1605281100,12.520000457763672,12.5600004196167,12.489999771118164,12.5600004196167,36992
1605281400,12.5600004196167,12.670000076293945,12.555000305175781,12.649999618530273,194936
1605281700,12.649999618530273,12.680000305175781,12.619999885559082,12.664999961853027,290084
1605282000,12.664999961853027,12.720000267028809,12.65999984741211,12.720000267028809,67203
1605282300,12.71500015258789,12.71500015258789,12.675000190734863,12.6899995803833,57856
1605282600,12.699999809265137,12.74779987335205,12.694999694824219,12.74779987335205,62098
1605282900,12.74779987335205,12.779999732971191,12.710000038146973,12.739999771118164,76747
1605283200,12.739999771118164,12.774999618530273,12.734999656677246,12.75,51022
1605283500,12.744999885559082,12.779999732971191,12.725000381469727,12.779999732971191,60979
1605283800,12.774999618530273,12.8100004196167,12.770000457763672,12.774999618530273,57734
1605284100,12.770000457763672,12.770000457763672,12.71500015258789,12.744999885559082,49207
1605284400,12.744999885559082,12.8100004196167,12.744999885559082,12.779999732971191,101882
1605284700,12.774999618530273,12.824999809265137,12.75,12.8100004196167,66226
1605285000,12.8149995803833,12.835000038146973,12.779999732971191,12.835000038146973,40037
1605285300,12.835000038146973,12.84000015258789,12.800000190734863,12.835000038146973,139991
1605285600,12.835000038146973,12.869999885559082,12.835000038146973,12.850000381469727,51538
1605285900,12.850000381469727,12.885000228881836,12.84000015258789,12.854999542236328,57730
1605286200,12.859999656677246,12.885000228881836,12.854999542236328,12.885000228881836,73772
1605286500,12.885000228881836,12.90999984741211,12.845000267028809,12.869999885559082,71376
1605286800,12.869999885559082,12.90999984741211,12.869999885559082,12.895000457763672,41807
1605287100,12.895000457763672,12.917799949645996,12.895000457763672,12.914999961853027,30711
1605287400,12.90999984741211,12.984999656677246,12.890000343322754,12.975000381469727,149683
1605287700,12.975000381469727,12.984999656677246,12.9399995803833,12.9399995803833,77701
1605288000,12.944999694824219,12.949999809265137,12.859999656677246,12.864999771118164,218990
1605288300,12.864999771118164,12.90999984741211,12.845000267028809,12.875,169101
1605288600,12.875,12.880000114440918,12.845000267028809,12.854999542236328,56204
1605288900,12.854999542236328,12.854999542236328,12.8100004196167,12.8100004196167,79877
1605289200,12.8149995803833,12.824999809265137,12.789999961853027,12.795000076293945,149168
1605289500,12.795000076293945,12.8100004196167,12.770000457763672,12.78499984741211,150098
1605289800,12.78499984741211,12.795000076293945,12.765000343322754,12.789999961853027,103803
1605290100,12.78499984741211,12.899999618530273,12.765000343322754,12.885000228881836,932650
1605290400,12.889900207519531,13.0600004196167,12.87279987335205,13.03499984741211,1628533
1605290700,13.029999732971191,13.130000114440918,13.010000228881836,13.125,467310
1605291000,13.125,13.130000114440918,13.050000190734863,13.055000305175781,252776
1605291300,13.055000305175781,13.114999771118164,13.053000450134277,13.109999656677246,119875
1605291600,13.109999656677246,13.140000343322754,13.09000015258789,13.095000267028809,171888
1605291900,13.095000267028809,13.140000343322754,13.095000267028809,13.1358003616333,117977
1605292200,13.140000343322754,13.15999984741211,13.079999923706055,13.09000015258789,176837
1605292500,13.081199645996094,13.180000305175781,13.079999923706055,13.172200202941895,142307
1605292800,13.180000305175781,13.220000267028809,13.164999961853027,13.199999809265137,285757
1605293100,13.199999809265137,13.244999885559082,13.1899995803833,13.239999771118164,138650
1605293400,13.239999771118164,13.25,13.229999542236328,13.244999885559082,150425
1605293700,13.25,13.260000228881836,13.220000267028809,13.225000381469727,144035
1605294000,13.229999542236328,13.260000228881836,13.229999542236328,13.244999885559082,92437
1605294300,13.25,13.260000228881836,13.239999771118164,13.25,101617
1605294600,13.25,13.260000228881836,13.220000267028809,13.224499702453613,147861
1605294900,13.229999542236328,13.255000114440918,13.220000267028809,13.244999885559082,98088
1605295200,13.25,13.289899826049805,13.210000038146973,13.210700035095215,350585
1605295500,13.210700035095215,13.21500015258789,13.170000076293945,13.194999694824219,110436
1605295800,13.194999694824219,13.210000038146973,13.15999984741211,13.164999961853027,161582
1605296100,13.168700218200684,13.204999923706055,13.164999961853027,13.19219970703125,110920
1605296400,13.199999809265137,13.210000038146973,13.180000305175781,13.194999694824219,68403
1605296700,13.199999809265137,13.210000038146973,13.180000305175781,13.1850004196167,87739
1605297000,13.1899995803833,13.210000038146973,13.180000305175781,13.199999809265137,88394
1605297300,13.199999809265137,13.25,13.1899995803833,13.234999656677246,180328
1605297600,13.234999656677246,13.265000343322754,13.229999542236328,13.244999885559082,75141
1605297900,13.239999771118164,13.260000228881836,13.234999656677246,13.244999885559082,91921
1605298200,13.244999885559082,13.260000228881836,13.229999542236328,13.244999885559082,95869
1605298500,13.239999771118164,13.260000228881836,13.23009967803955,13.239899635314941,133609
1605298800,13.239999771118164,13.25,13.229999542236328,13.25,95047
1605299100,13.25,13.279999732971191,13.239999771118164,13.265000343322754,204243
1605299400,13.270000457763672,13.279999732971191,13.239999771118164,13.258000373840332,156709
1605299700,13.255000114440918,13.270000457763672,13.234999656677246,13.255000114440918,252177
1605300000,13.260000228881836,13.265000343322754,13.25,13.255000114440918,225839
1605300300,13.260000228881836,13.270000457763672,13.239999771118164,13.260000228881836,271721
1605300600,13.260000228881836,13.279999732971191,13.239999771118164,13.244999885559082,596442
1605300900,13.244999885559082,13.279999732971191,13.239999771118164,13.25,627416
1605301200,13.25,13.25,13.25,13.25,1743431
1605302100,13.25,13.29,13.24,13.24,0
1605302400,13.24,13.25,13.24,13.25,0
1605302700,13.0415,13.0415,13.0415,13.0415,0
1605303900,13.25,13.25,13.25,13.25,0
1605305400,13.42,13.43,13.42,13.43,0
1605306000,13.43,13.43,13.43,13.43,0
1605306600,13.43,13.43,13.43,13.43,0
1605307500,13.25,13.25,13.25,13.25,0
1605311700,13.44,13.44,13.44,13.44,0
1605312000,13.66,13.66,13.3,13.3,0
1605313200,13.3,13.66,13.3,13.66,0
1605313800,13.25,13.25,13.25,13.25,0
1605315000,13.64,13.64,13.64,13.64,0
