Date,Open,High,Low,Close,Volume
1605277800,85.25,85.33999633789062,85.23999786376953,85.30000305175781,0
1605278100,85.30000305175781,85.30999755859375,85.26499938964844,85.27999877929688,377519
1605278400,85.28500366210938,85.33499908447266,85.2750015258789,85.32499694824219,415324
1605278700,85.33000183105469,85.33499908447266,85.30999755859375,85.31500244140625,257302
1605279000,85.31500244140625,85.33000183105469,85.30500030517578,85.31999969482422,226830
1605279300,85.31999969482422,85.37000274658203,85.31999969482422,85.3550033569336,666197
1605279600,85.3499984741211,85.36499786376953,85.33999633789062,85.3550033569336,91055
1605279900,85.3550033569336,85.38999938964844,85.34500122070312,85.37999725341797,157592
1605280200,85.37000274658203,85.37999725341797,85.34500122070312,85.3550033569336,263724
1605280500,85.3550033569336,85.36000061035156,85.2947998046875,85.30000305175781,269134
1605280800,85.30500030517578,85.31999969482422,85.30500030517578,85.31500244140625,206435
1605281100,85.31999969482422,85.38999938964844,85.31500244140625,85.38999938964844,173955
1605281400,85.38999938964844,85.41999816894531,85.37999725341797,85.41000366210938,644327
1605281700,85.41500091552734,85.41999816894531,85.3949966430664,85.4000015258789,654019
1605282000,85.3949966430664,85.41999816894531,85.38999938964844,85.41999816894531,101831
1605282300,85.41999816894531,85.43499755859375,85.40499877929688,85.43499755859375,173551
1605282600,85.43499755859375,85.44000244140625,85.3949966430664,85.41999816894531,220239
1605282900,85.41500091552734,85.41999816894531,85.36000061035156,85.38500213623047,403068
1605283200,85.38999938964844,85.43000030517578,85.38999938964844,85.41500091552734,350416
1605283500,85.41999816894531,85.44000244140625,85.41999816894531,85.43000030517578,205973
1605283800,85.43499755859375,85.43499755859375,85.38999938964844,85.40499877929688,881659
1605284100,85.40499877929688,85.43000030517578,85.40499877929688,85.41500091552734,146584
1605284400,85.41500091552734,85.44999694824219,85.41500091552734,85.43499755859375,268958
1605284700,85.43499755859375,85.43499755859375,85.4000015258789,85.41000366210938,193092
1605285000,85.41000366210938,85.41999816894531,85.3949966430664,85.4000015258789,450474
1605285300,85.4000015258789,85.4000015258789,85.37999725341797,85.38500213623047,151420
1605285600,85.38500213623047,85.41999816894531,85.37999725341797,85.41100311279297,123121
1605285900,85.41000366210938,85.43499755859375,85.4000015258789,85.42500305175781,90765
1605286200,85.42500305175781,85.43499755859375,85.41999816894531,85.41999816894531,125159
1605286500,85.42500305175781,85.44000244140625,85.41999816894531,85.43000030517578,77811
1605286800,85.42500305175781,85.44499969482422,85.42500305175781,85.44000244140625,212335
1605287100,85.44000244140625,85.44999694824219,85.43000030517578,85.44000244140625,112105
1605287400,85.44000244140625,85.44999694824219,85.41999816894531,85.41999816894531,128468
1605287700,85.41999816894531,85.41999816894531,85.41000366210938,85.41500091552734,37520
1605288000,85.41500091552734,85.4198989868164,85.38999938964844,85.3949966430664,48256
1605288300,85.3949966430664,85.41000366210938,85.38999938964844,85.3949966430664,94581
1605288600,85.38999938964844,85.4000015258789,85.38999938964844,85.38999938964844,10593
1605288900,85.38999938964844,85.4000015258789,85.38999938964844,85.3949966430664,81172
1605289200,85.4000015258789,85.41999816894531,85.4000015258789,85.41500091552734,50680
1605289500,85.41500091552734,85.41999816894531,85.41000366210938,85.41500091552734,44580
1605289800,85.41500091552734,85.44000244140625,85.41500091552734,85.43360137939453,98904
1605290100,85.43499755859375,85.44999694824219,85.43000030517578,85.44999694824219,85014
1605290400,85.44499969482422,85.4478988647461,85.43000030517578,85.43000030517578,59284
1605290700,85.44000244140625,85.44499969482422,85.41999816894531,85.43000030517578,211785
1605291000,85.43000030517578,85.43499755859375,85.41000366210938,85.42500305175781,383533
1605291300,85.42990112304688,85.44000244140625,85.41999816894531,85.43499755859375,84096
1605291600,85.43499755859375,85.43499755859375,85.41210174560547,85.41500091552734,95325
1605291900,85.41999816894531,85.43000030517578,85.41500091552734,85.41500091552734,70230
1605292200,85.41999816894531,85.41999816894531,85.38999938964844,85.39710235595703,101840
1605292500,85.39900207519531,85.41000366210938,85.37000274658203,85.4000015258789,400083
1605292800,85.40499877929688,85.41500091552734,85.38999938964844,85.41000366210938,79448
1605293100,85.41500091552734,85.43000030517578,85.4000015258789,85.40499877929688,168430
1605293400,85.41000366210938,85.41809844970703,85.4000015258789,85.41500091552734,315891
1605293700,85.41500091552734,85.41999816894531,85.41000366210938,85.41000366210938,65262
1605294000,85.41000366210938,85.43000030517578,85.40499877929688,85.41999816894531,225121
1605294300,85.42500305175781,85.43000030517578,85.41999816894531,85.41999816894531,67102
1605294600,85.41999816894531,85.42500305175781,85.4000015258789,85.4000015258789,169182
1605294900,85.4000015258789,85.42500305175781,85.38999938964844,85.41999816894531,163455
1605295200,85.43000030517578,85.44499969482422,85.42279815673828,85.44000244140625,292873
1605295500,85.44000244140625,85.44409942626953,85.41000366210938,85.42500305175781,163888
1605295800,85.42500305175781,85.47000122070312,85.41999816894531,85.44999694824219,522517
1605296100,85.44999694824219,85.4749984741211,85.44000244140625,85.4749984741211,195567
1605296400,85.4749984741211,85.4800033569336,85.47000122070312,85.47000122070312,145879
1605296700,85.47000122070312,85.4761962890625,85.44000244140625,85.44499969482422,286024
1605297000,85.44000244140625,85.45999908447266,85.44000244140625,85.44999694824219,172799
1605297300,85.45500183105469,85.45999908447266,85.44999694824219,85.45500183105469,328844
1605297600,85.45500183105469,85.45999908447266,85.43000030517578,85.44499969482422,485481
1605297900,85.43499755859375,85.45500183105469,85.43199920654297,85.44499969482422,150301
1605298200,85.44499969482422,85.44999694824219,85.43000030517578,85.44499969482422,214195
1605298500,85.44999694824219,85.45999908447266,85.44000244140625,85.45500183105469,131712
1605298800,85.45500183105469,85.45999908447266,85.44999694824219,85.45500183105469,25652
1605299100,85.44999694824219,85.47000122070312,85.44999694824219,85.45539855957031,295737
1605299400,85.45500183105469,85.51000213623047,85.44999694824219,85.5,588738
1605299700,85.50499725341797,85.51000213623047,85.5,85.50499725341797,323711
1605300000,85.50499725341797,85.5250015258789,85.5,85.50499725341797,412204
1605300300,85.50499725341797,85.5199966430664,85.47000122070312,85.48500061035156,513769
1605300600,85.48999786376953,85.48999786376953,85.45500183105469,85.45999908447266,489474
1605300900,85.46499633789062,85.47000122070312,85.43000030517578,85.46630096435547,909327
1605301200,85.44,85.44,85.44,85.44,561770
1605302100,85.46,85.46,85.44,85.44,0
1605302400,85.44,85.44,85.44,85.44,0
1605302700,85.44,85.44,85.44,85.44,0
1605303300,85.44,85.44,85.44,85.44,0
1605303900,85.44,85.44,85.44,85.44,0
1605304200,85.44,85.45,85.44,85.45,0
1605309600,85.44,85.44,85.44,85.44,0
