Date,Open,High,Low,Close,Volume
1605273000,5.07,5.07,5.07,5.07,0
1605273300,5.06,5.06,5.06,5.06,0
1605275400,5.17,5.17,5.17,5.17,0
1605276900,5.16,5.16,5.16,5.16,0
1605277500,5.13,5.13,5.12,5.12,0
1605277800,5.110000133514404,5.159999847412109,5.099999904632568,5.135000228881836,1252769
1605278100,5.139999866485596,5.170000076293945,5.125,5.15500020980835,356136
1605278400,5.15500020980835,5.15500020980835,5.131800174713135,5.135700225830078,522132
1605278700,5.139999866485596,5.175000190734863,5.135000228881836,5.175000190734863,733091
1605279000,5.170000076293945,5.179999828338623,5.139999866485596,5.139999866485596,1066514
1605279300,5.135000228881836,5.170000076293945,5.119999885559082,5.164999961853027,1117796
1605279600,5.166600227355957,5.179999828338623,5.150000095367432,5.175000190734863,234749
1605279900,5.170000076293945,5.170000076293945,5.130000114440918,5.139999866485596,885596
1605280200,5.144999980926514,5.168300151824951,5.135000228881836,5.139999866485596,795760
1605280500,5.139999866485596,5.145699977874756,5.119999885559082,5.135000228881836,752097
1605280800,5.130000114440918,5.135000228881836,5.105000019073486,5.114299774169922,431022
1605281100,5.114999771118164,5.139999866485596,5.114999771118164,5.135000228881836,300597
1605281400,5.135000228881836,5.139999866485596,5.110000133514404,5.114999771118164,1431118
1605281700,5.114999771118164,5.130000114440918,5.110000133514404,5.119999885559082,267556
1605282000,5.119999885559082,5.130000114440918,5.110000133514404,5.125,200502
1605282300,5.125,5.130000114440918,5.110000133514404,5.130000114440918,262928
1605282600,5.130000114440918,5.130000114440918,5.099999904632568,5.105000019073486,152403
1605282900,5.110000133514404,5.110000133514404,5.090000152587891,5.090000152587891,380933
1605283200,5.090000152587891,5.110000133514404,5.090000152587891,5.110000133514404,210605
1605283500,5.110000133514404,5.119100093841553,5.090000152587891,5.105000019073486,408816
1605283800,5.099999904632568,5.125,5.099999904632568,5.125,142883
1605284100,5.119999885559082,5.124499797821045,5.110000133514404,5.110000133514404,284872
1605284400,5.113399982452393,5.125699996948242,5.110000133514404,5.125,257047
1605284700,5.125,5.150000095367432,5.110000133514404,5.144999980926514,354772
1605285000,5.144999980926514,5.1479997634887695,5.130000114440918,5.135000228881836,81387
1605285300,5.135000228881836,5.135000228881836,5.119999885559082,5.135000228881836,265837
1605285600,5.135000228881836,5.139999866485596,5.119999885559082,5.125,158865
1605285900,5.125,5.130000114440918,5.110000133514404,5.110000133514404,644243
1605286200,5.110000133514404,5.125199794769287,5.110000133514404,5.114999771118164,216967
1605286500,5.114999771118164,5.139999866485596,5.114999771118164,5.135000228881836,411528
1605286800,5.139999866485596,5.150000095367432,5.119999885559082,5.125,342271
1605287100,5.125,5.135000228881836,5.125,5.135000228881836,170715
1605287400,5.135000228881836,5.139999866485596,5.119999885559082,5.130000114440918,137264
1605287700,5.130000114440918,5.138800144195557,5.130000114440918,5.130000114440918,19748
1605288000,5.135000228881836,5.135000228881836,5.119999885559082,5.1234002113342285,96504
1605288300,5.119999885559082,5.130000114440918,5.119999885559082,5.119999885559082,46679
1605288600,5.125,5.139999866485596,5.119999885559082,5.135000228881836,97963
1605288900,5.139999866485596,5.139999866485596,5.130000114440918,5.135000228881836,13501
1605289200,5.130000114440918,5.150000095367432,5.130000114440918,5.150000095367432,81553
1605289500,5.144999980926514,5.158999919891357,5.130000114440918,5.135000228881836,333995
1605289800,5.130000114440918,5.135000228881836,5.130000114440918,5.135000228881836,45642
1605290100,5.135000228881836,5.139999866485596,5.130000114440918,5.139999866485596,94795
1605290400,5.130000114440918,5.159999847412109,5.130000114440918,5.15500020980835,335267
1605290700,5.15500020980835,5.164999961853027,5.150000095367432,5.159999847412109,411288
1605291000,5.164999961853027,5.170000076293945,5.150000095367432,5.159999847412109,161384
1605291300,5.15500020980835,5.170000076293945,5.150000095367432,5.170000076293945,451432
1605291600,5.170000076293945,5.188199996948242,5.164999961853027,5.184999942779541,801898
1605291900,5.184999942779541,5.204999923706055,5.179999828338623,5.204999923706055,373034
1605292200,5.206600189208984,5.206600189208984,5.179999828338623,5.184999942779541,207118
1605292500,5.190000057220459,5.215000152587891,5.184999942779541,5.199999809265137,613279
1605292800,5.200699806213379,5.204999923706055,5.190000057220459,5.195000171661377,181772
1605293100,5.190000057220459,5.195000171661377,5.170000076293945,5.179999828338623,199575
1605293400,5.179999828338623,5.179999828338623,5.170000076293945,5.170000076293945,33569
1605293700,5.175000190734863,5.175000190734863,5.159999847412109,5.164999961853027,98576
1605294000,5.170000076293945,5.179999828338623,5.159999847412109,5.164999961853027,380471
1605294300,5.164999961853027,5.170000076293945,5.159999847412109,5.164999961853027,100296
1605294600,5.164999961853027,5.170000076293945,5.150000095367432,5.15500020980835,291671
1605294900,5.15500020980835,5.15500020980835,5.139999866485596,5.150000095367432,214720
1605295200,5.150000095367432,5.159999847412109,5.139999866485596,5.159999847412109,334698
1605295500,5.15500020980835,5.164999961853027,5.150000095367432,5.159999847412109,214615
1605295800,5.159999847412109,5.175000190734863,5.159999847412109,5.175000190734863,73904
1605296100,5.179900169372559,5.179999828338623,5.170000076293945,5.175000190734863,41733
1605296400,5.175000190734863,5.177000045776367,5.170000076293945,5.175000190734863,54693
1605296700,5.175000190734863,5.179999828338623,5.150000095367432,5.151899814605713,236699
1605297000,5.15500020980835,5.159900188446045,5.130000114440918,5.130000114440918,520423
1605297300,5.135000228881836,5.145599842071533,5.130000114440918,5.144999980926514,574240
1605297600,5.139999866485596,5.190000057220459,5.139999866485596,5.170000076293945,973136
1605297900,5.170000076293945,5.199999809265137,5.170000076293945,5.195000171661377,454009
1605298200,5.195000171661377,5.199999809265137,5.179999828338623,5.179999828338623,347482
1605298500,5.179999828338623,5.199999809265137,5.173399925231934,5.175000190734863,1033077
1605298800,5.175000190734863,5.190000057220459,5.170000076293945,5.179999828338623,573794
1605299100,5.179999828338623,5.190000057220459,5.179999828338623,5.184999942779541,334473
1605299400,5.184999942779541,5.199999809265137,5.179999828338623,5.195000171661377,677008
1605299700,5.195000171661377,5.210000038146973,5.195000171661377,5.199999809265137,717398
1605300000,5.199999809265137,5.204999923706055,5.195000171661377,5.204999923706055,687730
1605300300,5.204999923706055,5.210000038146973,5.190000057220459,5.195000171661377,592124
1605300600,5.190000057220459,5.215000152587891,5.184999942779541,5.210000038146973,2139831
1605300900,5.204999923706055,5.230000019073486,5.199999809265137,5.199999809265137,2379139
1605301200,5.21,5.21,5.21,5.21,492037
1605302100,5.21,5.21,5.21,5.21,0
1605302700,5.1615,5.1615,5.1615,5.1615,0
1605303000,5.16,5.16,5.16,5.16,0
