Date,Open,High,Low,Close,Volume
1605258900,7.42,7.5,7.3,7.4,0
1605259200,7.48,7.5,7.48,7.5,0
1605259500,7.52,7.66,7.5,7.66,0
1605259800,7.65,7.66,7.64,7.66,0
1605260100,7.75,7.85,7.74,7.85,0
1605260400,7.85,7.85,7.68,7.68,0
1605260700,7.68,7.8,7.6,7.77,0
1605261000,7.78,7.78,7.6,7.67,0
1605261300,7.6,7.6,7.55,7.58,0
1605261600,7.6,7.75,7.55,7.68,0
1605261900,7.61,7.61,7.61,7.61,0
1605262200,7.6,7.6,7.52,7.52,0
1605262500,7.52,7.64,7.52,7.64,0
1605262800,7.68,7.7,7.66,7.66,0
1605263100,7.66,7.66,7.64,7.64,0
1605263400,7.65,7.78,7.65,7.78,0
1605263700,7.8,7.94,7.8,7.8,0
1605264000,7.87,7.87,7.87,7.87,0
1605264300,7.85,7.85,7.62,7.62,0
1605264600,7.75,7.75,7.75,7.75,0
1605264900,7.7,7.74,7.7,7.74,0
1605265200,7.73,7.74,7.73,7.73,0
1605265500,7.73,7.86,7.73,7.86,0
1605265800,7.86,7.88,7.8,7.8,0
1605266100,7.81,7.81,7.8,7.8,0
1605266400,7.86,7.88,7.85,7.85,0
1605266700,7.82,7.84,7.82,7.84,0
1605267000,7.84,7.84,7.7,7.74,0
1605267300,7.82,7.82,7.8,7.8,0
1605267600,7.84,7.84,7.76,7.76,0
1605267900,7.77,7.8,7.76,7.8,0
1605268200,7.8,7.8,7.58,7.6,0
1605268500,7.56,7.6,7.56,7.6,0
1605268800,7.6,7.6,7.6,7.6,0
1605269100,7.56,7.56,7.56,7.56,0
1605269400,7.55,7.55,7.55,7.55,0
1605269700,7.55,7.6,7.5,7.56,0
1605270000,7.56,7.56,7.33,7.33,0
1605270300,7.33,7.5,7.3,7.49,0
1605270600,7.45,7.5,7.45,7.5,0
1605270900,7.49,7.54,7.44,7.45,0
1605271200,7.49,7.52,7.49,7.49,0
1605271500,7.49,7.55,7.49,7.53,0
1605271800,7.53,7.6,7.53,7.57,0
1605272100,7.57,7.66,7.57,7.61,0
1605272400,7.65,7.66,7.5,7.51,0
1605272700,7.54,7.6,7.52,7.6,0
1605273000,7.58,7.65,7.58,7.6,0
1605273300,7.4999,7.66,7.34,7.54,0
1605273600,7.58,7.6,7.54,7.54,0
1605273900,7.55,7.55,7.49,7.5,0
1605274200,7.48,7.49,7.38,7.42,0
1605274500,7.4,7.45,7.39,7.4,0
1605274800,7.4,7.42,7.4,7.42,0
1605275100,7.42,7.5,7.4,7.4,0
1605275400,7.4499,7.45,7.35,7.35,0
1605275700,7.35,7.4,7.31,7.33,0
1605276000,7.31,7.32,7.28,7.28,0
1605276300,7.29,7.39,7.29,7.3502,0
1605276600,7.35,7.35,7.31,7.35,0
1605276900,7.3402,7.37,7.32,7.34,0
1605277200,7.3202,7.34,7.25,7.25,0
1605277500,7.29,7.29,7.16,7.18,0
1605277800,7.619999885559082,7.689899921417236,7.309999942779541,7.610000133514404,2180497
1605278100,7.639999866485596,7.920000076293945,7.599999904632568,7.760000228881836,1134533
1605278400,7.769999980926514,7.800000190734863,7.53000020980835,7.599800109863281,739051
1605278700,7.581999778747559,7.769999980926514,7.5254998207092285,7.71999979019165,505349
1605279000,7.699999809265137,7.860000133514404,7.699999809265137,7.769999980926514,641664
1605279300,7.795000076293945,8.09000015258789,7.71999979019165,8.069999694824219,945018
1605279600,8.050000190734863,8.1899995803833,7.900000095367432,8.179200172424316,807724
1605279900,8.175000190734863,8.260000228881836,8.029999732971191,8.234999656677246,906825
1605280200,8.229999542236328,8.40999984741211,8.199999809265137,8.229999542236328,1227262
1605280500,8.220000267028809,8.270000457763672,7.869999885559082,7.925300121307373,866884
1605280800,7.929999828338623,8.010000228881836,7.880000114440918,7.938799858093262,419441
1605281100,7.940000057220459,7.947500228881836,7.78000020980835,7.871699810028076,420979
1605281400,7.8780999183654785,7.989999771118164,7.800000190734863,7.958899974822998,298660
1605281700,7.954999923706055,7.960000038146973,7.599999904632568,7.599999904632568,567435
1605282000,7.614999771118164,7.739999771118164,7.550000190734863,7.599999904632568,540669
1605282300,7.599899768829346,7.619999885559082,7.5,7.578999996185303,353852
1605282600,7.570000171661377,7.579999923706055,7.300000190734863,7.460000038146973,706734
1605282900,7.467100143432617,7.467100143432617,7.210000038146973,7.297900199890137,496972
1605283200,7.291200160980225,7.400000095367432,7.079999923706055,7.223400115966797,583718
1605283500,7.228499889373779,7.369999885559082,7.1981000900268555,7.349999904632568,386016
1605283800,7.341300010681152,7.480000019073486,7.320000171661377,7.440700054168701,342767
1605284100,7.449999809265137,7.519999980926514,7.420000076293945,7.486999988555908,237550
1605284400,7.485000133514404,7.590000152587891,7.360000133514404,7.550300121307373,273345
1605284700,7.559999942779541,7.599999904632568,7.420000076293945,7.489999771118164,226407
1605285000,7.474999904632568,7.5,7.300000190734863,7.429999828338623,177779
1605285300,7.427199840545654,7.539999961853027,7.409999847412109,7.465000152587891,118948
1605285600,7.450699806213379,7.519999980926514,7.449999809265137,7.514999866485596,93375
1605285900,7.51230001449585,7.518799781799316,7.420000076293945,7.460000038146973,98842
1605286200,7.468500137329102,7.5,7.369999885559082,7.396299839019775,74612
1605286500,7.385000228881836,7.400000095367432,7.360000133514404,7.375,57972
1605286800,7.369999885559082,7.409999847412109,7.320000171661377,7.409999847412109,110217
1605287100,7.409299850463867,7.409999847412109,7.329999923706055,7.329999923706055,42145
1605287400,7.320000171661377,7.359799861907959,7.269999980926514,7.28000020980835,72705
1605287700,7.300000190734863,7.349999904632568,7.210000038146973,7.320000171661377,263578
1605288000,7.320000171661377,7.329999923706055,7.25,7.269999980926514,63988
1605288300,7.28000020980835,7.299900054931641,7.25,7.280600070953369,74728
1605288600,7.281199932098389,7.387599945068359,7.25,7.387599945068359,137665
1605288900,7.372499942779541,7.409999847412109,7.349999904632568,7.394999980926514,105367
1605289200,7.390100002288818,7.5,7.380000114440918,7.39900016784668,232582
1605289500,7.389999866485596,7.460000038146973,7.380000114440918,7.398900032043457,50640
1605289800,7.400000095367432,7.408899784088135,7.329999923706055,7.3856000900268555,88438
1605290100,7.394999980926514,7.400000095367432,7.369999885559082,7.385900020599365,43122
1605290400,7.396999835968018,7.396999835968018,7.349999904632568,7.380000114440918,29784
1605290700,7.375,7.400000095367432,7.360000133514404,7.400000095367432,24089
1605291000,7.400000095367432,7.400000095367432,7.360000133514404,7.364999771118164,11353
1605291300,7.360000133514404,7.360000133514404,7.300000190734863,7.3018999099731445,55100
1605291600,7.309999942779541,7.320000171661377,7.2307000160217285,7.309999942779541,151640
1605291900,7.308000087738037,7.339900016784668,7.269999980926514,7.289899826049805,46932
1605292200,7.285399913787842,7.320000171661377,7.28000020980835,7.309999942779541,34238
1605292500,7.308899879455566,7.308899879455566,7.28000020980835,7.283999919891357,34594
1605292800,7.28000020980835,7.300000190734863,7.230000019073486,7.239999771118164,48454
1605293100,7.25,7.299699783325195,7.2494001388549805,7.2820000648498535,33140
1605293400,7.28879976272583,7.300000190734863,7.269999980926514,7.289999961853027,30450
1605293700,7.299799919128418,7.309999942779541,7.260000228881836,7.261000156402588,54031
1605294000,7.28000020980835,7.28000020980835,7.150000095367432,7.150000095367432,142116
1605294300,7.15880012512207,7.159999847412109,7.050000190734863,7.065199851989746,199839
1605294600,7.078400135040283,7.099999904632568,7.010000228881836,7.082200050354004,196780
1605294900,7.099999904632568,7.130000114440918,7.03000020980835,7.079599857330322,119156
1605295200,7.077499866485596,7.099999904632568,7.050000190734863,7.056700229644775,48124
1605295500,7.069900035858154,7.090000152587891,7.059999942779541,7.077199935913086,60092
1605295800,7.079999923706055,7.090000152587891,7.059999942779541,7.074999809265137,68291
1605296100,7.070000171661377,7.079999923706055,7.070000171661377,7.079999923706055,61791
1605296400,7.073999881744385,7.105000019073486,7.073999881744385,7.099999904632568,46388
1605296700,7.099999904632568,7.110000133514404,7.070000171661377,7.079999923706055,42960
1605297000,7.090000152587891,7.159999847412109,7.070000171661377,7.125,71020
1605297300,7.130000114440918,7.170000076293945,7.130000114440918,7.150000095367432,64968
1605297600,7.150000095367432,7.159999847412109,7.090000152587891,7.110000133514404,58320
1605297900,7.108099937438965,7.154799938201904,7.090000152587891,7.139999866485596,65981
1605298200,7.130000114440918,7.148799896240234,7.115900039672852,7.139999866485596,38554
1605298500,7.130000114440918,7.159999847412109,7.119999885559082,7.14900016784668,47709
1605298800,7.150000095367432,7.150000095367432,7.130000114440918,7.150000095367432,49670
1605299100,7.159999847412109,7.199999809265137,7.150000095367432,7.175000190734863,58390
1605299400,7.179999828338623,7.210000038146973,7.159999847412109,7.210000038146973,122955
1605299700,7.210000038146973,7.300000190734863,7.199999809265137,7.21999979019165,132403
1605300000,7.210100173950195,7.25,7.199999809265137,7.240099906921387,60841
1605300300,7.239999771118164,7.260000228881836,7.230000019073486,7.244999885559082,84663
1605300600,7.25,7.269999980926514,7.199999809265137,7.21999979019165,91873
1605300900,7.215000152587891,7.21999979019165,7.195000171661377,7.199999809265137,240078
1605301200,7.22,7.22,7.22,7.22,45179
1605302100,7.22,7.28,7.01,7.28,0
1605302400,7.2,7.3,7.2,7.2,0
1605302700,7.2,7.225,7.15,7.15,0
1605303000,7.15,7.15,7.15,7.15,0
1605303300,7.13,7.15,7.13,7.15,0
1605303600,7.1999,7.2,7.16,7.2,0
1605303900,7.2,7.2,7.17,7.18,0
1605304200,7.18,7.2,7.17,7.2,0
1605304500,7.19,7.22,7.19,7.2,0
1605304800,7.1902,7.2,7.17,7.17,0
1605305100,7.17,7.1702,7.17,7.1702,0
1605305400,7.2,7.2,7.17,7.17,0
1605305700,7.2,7.2,7.1925,7.2,0
1605306000,7.1925,7.2,7.1925,7.2,0
1605306300,7.17,7.2,7.17,7.2,0
1605306600,7.17,7.17,7.17,7.17,0
1605306900,7.25,7.25,7.2,7.2,0
1605307200,7.24,7.29,7.24,7.29,0
1605307500,7.26,7.26,7.24,7.24,0
1605307800,7.29,7.29,7.25,7.25,0
1605308100,7.25,7.25,7.24,7.24,0
1605308400,7.23,7.24,7.23,7.24,0
1605308700,7.3,7.3,7.3,7.3,0
1605309000,7.3,7.32,7.28,7.28,0
1605309300,7.3,7.36,7.3,7.36,0
1605309600,7.36,7.36,7.36,7.36,0
1605309900,7.36,7.36,7.36,7.36,0
1605310200,7.37,7.37,7.36,7.36,0
1605310500,7.37,7.37,7.36,7.36,0
1605310800,7.37,7.4,7.37,7.37,0
1605311100,7.37,7.4,7.36,7.36,0
1605311400,7.4,7.41,7.37,7.4,0
1605311700,7.41,7.45,7.41,7.43,0
1605312000,7.45,7.48,7.4301,7.4301,0
1605312300,7.46,7.46,7.44,7.44,0
1605312600,7.43,7.5,7.43,7.5,0
1605312900,7.48,7.49,7.48,7.48,0
1605313200,7.48,7.5,7.48,7.5,0
1605313500,7.49,7.49,7.48,7.48,0
1605313800,7.48,7.48,7.43,7.43,0
1605314100,7.4,7.4,7.37,7.37,0
1605314400,7.37,7.44,7.37,7.44,0
1605314700,7.44,7.44,7.43,7.43,0
1605315000,7.37,7.37,7.36,7.36,0
1605315300,7.31,7.36,7.31,7.35,0
