Date,Open,High,Low,Close,Volume
1605259200,216.76,216.76,216.75,216.75,0
1605259800,216.8,216.8,216.76,216.76,0
1605260400,216.76,216.76,216.76,216.76,0
1605260700,216.8,216.8,216.8,216.8,0
1605261000,217,217,217,217,0
1605261600,216.9,217,216.9,217,0
1605261900,216.85,217,216.85,216.97,0
1605262500,217.35,217.35,217.35,217.35,0
1605263400,217.4,217.4,217.4,217.4,0
1605264000,217.16,217.16,217.16,217.16,0
1605264300,217.09,217.09,217.09,217.09,0
1605264900,216.89,216.89,216.88,216.88,0
1605266400,216.83,216.93,216.83,216.93,0
1605266700,216.9,216.97,216.9,216.97,0
1605267000,216.8,216.9,216.8,216.9,0
1605267900,216.9,216.99,216.9,216.99,0
1605269700,216.71,216.8,216.65,216.65,0
1605270000,216.78,216.78,216.7,216.7,0
1605270300,216.7,216.78,216.7,216.77,0
1605270600,216.73,216.8,216.73,216.79,0
1605270900,216.8,216.8,216.72,216.78,0
1605271500,216.82,216.82,216.82,216.82,0
1605271800,216.86,216.94,216.69,216.69,0
1605272100,216.8,216.8,216.65,216.65,0
1605272400,216.52,216.53,216.2,216.26,0
1605272700,216.32,216.32,216.21,216.22,0
1605273000,216.35,216.35,216.01,216.28,0
1605273300,216.4,216.87,215.97,216.5,0
1605273600,216.43,216.6999,216.43,216.6999,0
1605273900,216.6122,216.62,216.5,216.5,0
1605274200,216.55,216.6,216.5,216.5,0
1605274500,216.4,216.5,216.35,216.5,0
1605274800,216.7,216.7,216.67,216.7,0
1605275100,216.85,216.85,216.7,216.7,0
1605275400,216.6,216.6,216.6,216.6,0
1605275700,216.45,216.45,216.45,216.45,0
1605276000,216.55,216.76,216.55,216.76,0
1605276300,216.75,216.8,216.75,216.8,0
1605276600,216.71,216.71,216.5,216.65,0
1605276900,216.6175,216.89,216.6175,216.89,0
1605277200,216.8,216.8897,216.45,216.45,0
1605277500,216.72,216.79,216.65,216.71,0
1605277800,216.36000061035156,216.8300018310547,215.8332977294922,215.97999572753906,948709
1605278100,215.99000549316406,216.77999877929688,215.6468048095703,216.52999877929688,336116
1605278400,216.51499938964844,216.8300018310547,216.19000244140625,216.24000549316406,235986
1605278700,216.25999450683594,216.44000244140625,215.5800018310547,215.68499755859375,279262
1605279000,215.66769409179688,215.77000427246094,215.2100067138672,215.6999969482422,240485
1605279300,215.69000244140625,216,215.3000030517578,215.34500122070312,201377
1605279600,215.3699951171875,215.4600067138672,214.89999389648438,214.9700927734375,272528
1605279900,214.9600067138672,215.25999450683594,214.74000549316406,214.82989501953125,191323
1605280200,214.8000030517578,215,214.4199981689453,214.80999755859375,220478
1605280500,214.8000030517578,214.97000122070312,214.41000366210938,214.59500122070312,221046
1605280800,214.58999633789062,214.92999267578125,214.5399932861328,214.91000366210938,219620
1605281100,214.91000366210938,215.3800048828125,214.85000610351562,215.21499633789062,239302
1605281400,215.1999969482422,215.2100067138672,214.80999755859375,214.8300018310547,216250
1605281700,214.82000732421875,214.82000732421875,214.35000610351562,214.4550018310547,207026
1605282000,214.4246063232422,214.6300048828125,214.3300018310547,214.5500030517578,179975
1605282300,214.55999755859375,214.9499969482422,214.28269958496094,214.9499969482422,198311
1605282600,214.9600067138672,215.0780029296875,214.60000610351562,214.71719360351562,148959
1605282900,214.72000122070312,214.8300018310547,214.16000366210938,214.8000030517578,200581
1605283200,214.8300018310547,215.2100067138672,214.8000030517578,215.19500732421875,186966
1605283500,215.1999969482422,215.47000122070312,215.02000427246094,215.25,177665
1605283800,215.2100067138672,215.35000610351562,214.80499267578125,214.80999755859375,177509
1605284100,214.80209350585938,215.4678955078125,214.80209350585938,215.32000732421875,177519
1605284400,215.33999633789062,215.38999938964844,215.1121063232422,215.19000244140625,151234
1605284700,215.2100067138672,215.3699951171875,214.86000061035156,215.00999450683594,204673
1605285000,215.00999450683594,215.0800018310547,214.50999450683594,214.55999755859375,136151
1605285300,214.55999755859375,214.9669952392578,214.4600067138672,214.8300018310547,116719
1605285600,214.8592071533203,215.27789306640625,214.83999633789062,215.0800018310547,135485
1605285900,215.07000732421875,215.24000549316406,215.0500030517578,215.24000549316406,119559
1605286200,215.2178955078125,215.22999572753906,215.0399932861328,215.14999389648438,100293
1605286500,215.16000366210938,215.41000366210938,215.11000061035156,215.22999572753906,127389
1605286800,215.25,215.4499969482422,215.25,215.3249969482422,107179
1605287100,215.3249969482422,215.4033966064453,215.1199951171875,215.23500061035156,97667
1605287400,215.25,215.57000732421875,215.2100067138672,215.47000122070312,142385
1605287700,215.4783935546875,215.49000549316406,215.0749969482422,215.39999389648438,153789
1605288000,215.41000366210938,215.4499969482422,215.22000122070312,215.3300018310547,131936
1605288300,215.3300018310547,215.60000610351562,215.30499267578125,215.57000732421875,154202
1605288600,215.57000732421875,215.6999969482422,215.47999572753906,215.63900756835938,175934
1605288900,215.63900756835938,215.91000366210938,215.52000427246094,215.90989685058594,153717
1605289200,215.90789794921875,216.1300048828125,215.82000732421875,215.97030639648438,169698
1605289500,215.97999572753906,216.07000732421875,215.80999755859375,216.00070190429688,134716
1605289800,215.97999572753906,216.00999450683594,215.77999877929688,215.85000610351562,108818
1605290100,215.86000061035156,216.02999877929688,215.802001953125,216.02000427246094,145284
1605290400,216.02999877929688,216.1300048828125,215.92999267578125,216.1300048828125,171459
1605290700,216.13999938964844,216.27789306640625,216.08999633789062,216.2050018310547,142278
1605291000,216.2050018310547,216.2949981689453,215.9199981689453,216.1999969482422,159507
1605291300,216.20599365234375,216.35000610351562,216.1387939453125,216.3300018310547,160682
1605291600,216.3249969482422,216.4199981689453,215.9600067138672,216.1999969482422,227437
1605291900,216.20339965820312,216.47999572753906,216.1300048828125,216.27499389648438,156710
1605292200,216.27999877929688,216.35000610351562,216.02999877929688,216.10000610351562,144854
1605292500,216.11000061035156,216.139892578125,215.80999755859375,215.86000061035156,169912
1605292800,215.83999633789062,215.9499969482422,215.67999267578125,215.89999389648438,215683
1605293100,215.91000366210938,216.08999633789062,215.82000732421875,216.00999450683594,165495
1605293400,216,216.1300048828125,215.9499969482422,216.0850067138672,86385
1605293700,216.0800018310547,216.24819946289062,216.0399932861328,216.04110717773438,112436
1605294000,216.0500030517578,216.4199981689453,215.9600067138672,216.3000030517578,191616
1605294300,216.2989959716797,216.44000244140625,216.0800018310547,216.22509765625,129176
1605294600,216.22000122070312,216.22999572753906,215.75,215.89500427246094,142499
1605294900,215.8800048828125,216.07000732421875,215.7100067138672,216.03900146484375,182038
1605295200,216.0399932861328,216.64999389648438,216.0399932861328,216.56640625,251998
1605295500,216.55999755859375,216.55999755859375,216.35000610351562,216.4199981689453,122132
1605295800,216.42999267578125,216.5399932861328,216.41000366210938,216.4239959716797,129882
1605296100,216.42999267578125,216.60899353027344,216.38999938964844,216.52999877929688,107146
1605296400,216.52999877929688,216.58059692382812,216.3300018310547,216.39999389648438,114236
1605296700,216.4199981689453,216.42999267578125,216.14999389648438,216.21499633789062,132831
1605297000,216.20989990234375,216.4199981689453,216.20989990234375,216.3800048828125,130748
1605297300,216.3699951171875,216.55709838867188,216.36000061035156,216.47000122070312,193749
1605297600,216.44000244140625,216.5,216.25,216.3249969482422,131819
1605297900,216.35000610351562,216.5,216.2899932861328,216.4499969482422,114171
1605298200,216.44509887695312,216.47999572753906,216.22000122070312,216.33999633789062,123351
1605298500,216.33999633789062,216.3699951171875,215.9600067138672,216.25,151095
1605298800,216.25,216.36709594726562,216.19000244140625,216.33999633789062,135001
1605299100,216.33999633789062,216.63999938964844,216.30499267578125,216.5399932861328,173403
1605299400,216.5399932861328,216.8800048828125,216.4499969482422,216.77999877929688,363871
1605299700,216.7899932861328,217.0800018310547,216.75999450683594,217.0128936767578,288722
1605300000,217.02000427246094,217.41000366210938,216.97999572753906,217.33999633789062,277575
1605300300,217.33999633789062,217.4199981689453,216.85000610351562,216.89169311523438,314299
1605300600,216.89999389648438,217.08799743652344,216.33999633789062,216.52999877929688,471850
1605300900,216.5500030517578,217,216.44000244140625,216.50999450683594,707387
1605301200,216.51,216.51,216.51,216.51,3361536
1605302100,216.51,216.8,216.51,216.7,0
1605302400,216.7,216.9,216.51,216.75,0
1605302700,216.75,216.75,216.51,216.75,0
1605303000,216.69,216.74,216.51,216.74,0
1605303300,216.69,216.74,216.4883,216.4883,0
1605303600,216.68,216.68,216.68,216.68,0
1605303900,216.61,216.73,216.61,216.73,0
1605304200,216.75,216.94,216.7,216.93,0
1605304500,216.93,217,216.6,216.6,0
1605304800,216.51,216.8,216.51,216.76,0
1605305100,216.75,216.75,216.7,216.75,0
1605305400,216.51,216.51,216.51,216.51,0
1605306000,216.7,216.7,216.7,216.7,0
1605306300,216.78,216.78,216.78,216.78,0
1605307200,216.79,216.79,216.6,216.6,0
1605307500,216.78,216.78,216.78,216.78,0
1605308100,216.79,216.79,216.79,216.79,0
1605308700,216.8,216.8,216.8,216.8,0
1605309000,216.81,216.81,216.81,216.81,0
1605309600,216.89,216.94,216.89,216.94,0
1605310500,216.66,216.71,216.66,216.71,0
1605310800,216.65,216.65,216.52,216.52,0
1605311100,216.54,216.74,216.54,216.74,0
1605311700,216.66,216.66,216.65,216.65,0
1605312000,216.55,216.55,216.55,216.55,0
1605312600,216.55,216.6,216.52,216.6,0
1605313200,216.51,216.51,216.5,216.5,0
1605313500,216.59,216.59,216.44,216.44,0
1605314100,216.65,216.65,216.65,216.65,0
1605314400,216.4,216.4,216.4,216.4,0
1605314700,216.5,216.5,216.5,216.5,0
