Date,Open,High,Low,Close,Volume
1605269700,8.3,8.3,8.3,8.3,0
1605273300,8.28,8.28,8.28,8.28,0
1605273900,8.33,8.33,8.33,8.33,0
1605274500,8.31,8.31,8.31,8.31,0
1605275100,8.32,8.33,8.31,8.31,0
1605275400,8.31,8.32,8.31,8.3199,0
1605275700,8.31,8.31,8.3,8.3,0
1605276000,8.32,8.32,8.32,8.32,0
1605276300,8.32,8.32,8.31,8.31,0
1605276600,8.31,8.32,8.31,8.32,0
1605276900,8.32,8.32,8.3,8.32,0
1605277200,8.32,8.33,8.32,8.32,0
1605277500,8.31,8.31,8.3,8.3,0
1605277800,8.329999923706055,8.385000228881836,8.289999961853027,8.364999771118164,1004864
1605278100,8.364999771118164,8.4399995803833,8.350000381469727,8.420000076293945,1024373
1605278400,8.410099983215332,8.454999923706055,8.40999984741211,8.429900169372559,749233
1605278700,8.425000190734863,8.484999656677246,8.425000190734863,8.475000381469727,1023194
1605279000,8.479999542236328,8.494999885559082,8.444999694824219,8.460000038146973,957902
1605279300,8.460000038146973,8.515000343322754,8.4399995803833,8.510000228881836,1069922
1605279600,8.510000228881836,8.545000076293945,8.494999885559082,8.515000343322754,399586
1605279900,8.520000457763672,8.520000457763672,8.470000267028809,8.484999656677246,512330
1605280200,8.48009967803955,8.5,8.46500015258789,8.46500015258789,591262
1605280500,8.46500015258789,8.470000267028809,8.420000076293945,8.4350004196167,318996
1605280800,8.430000305175781,8.4399995803833,8.390000343322754,8.390000343322754,601284
1605281100,8.399999618530273,8.40999984741211,8.380000114440918,8.395000457763672,329355
1605281400,8.399999618530273,8.40999984741211,8.324899673461914,8.324899673461914,470753
1605281700,8.326600074768066,8.354999542236328,8.3100004196167,8.34000015258789,777550
1605282000,8.34000015258789,8.385000228881836,8.332300186157227,8.380000114440918,183009
1605282300,8.373299598693848,8.399999618530273,8.369999885559082,8.390000343322754,175847
1605282600,8.390000343322754,8.394499778747559,8.369999885559082,8.369999885559082,133743
1605282900,8.380000114440918,8.380000114440918,8.354999542236328,8.380000114440918,326579
1605283200,8.37660026550293,8.40999984741211,8.369999885559082,8.385000228881836,204896
1605283500,8.388699531555176,8.399999618530273,8.359999656677246,8.375,371874
1605283800,8.369999885559082,8.426600456237793,8.361200332641602,8.420000076293945,283035
1605284100,8.420000076293945,8.420000076293945,8.39009952545166,8.40999984741211,311961
1605284400,8.40999984741211,8.430000305175781,8.404999732971191,8.420000076293945,137279
1605284700,8.425000190734863,8.468299865722656,8.414999961853027,8.455900192260742,256281
1605285000,8.454999923706055,8.460000038146973,8.4399995803833,8.449999809265137,365082
1605285300,8.449999809265137,8.460000038146973,8.4399995803833,8.460000038146973,227503
1605285600,8.460000038146973,8.479999542236328,8.449999809265137,8.460000038146973,1353313
1605285900,8.460000038146973,8.479999542236328,8.4399995803833,8.46500015258789,488322
1605286200,8.460000038146973,8.48550033569336,8.460000038146973,8.470000267028809,270601
1605286500,8.46660041809082,8.510000228881836,8.46500015258789,8.5,160455
1605286800,8.510000228881836,8.524999618530273,8.475000381469727,8.475000381469727,162190
1605287100,8.479999542236328,8.5,8.475000381469727,8.489999771118164,156155
1605287400,8.489999771118164,8.505000114440918,8.480999946594238,8.491700172424316,266242
1605287700,8.493300437927246,8.5,8.484999656677246,8.489999771118164,191715
1605288000,8.493800163269043,8.5,8.489999771118164,8.5,133561
1605288300,8.5,8.510000228881836,8.489999771118164,8.501099586486816,52935
1605288600,8.5,8.520000457763672,8.5,8.510000228881836,77550
1605288900,8.515000343322754,8.520000457763672,8.5,8.505000114440918,47103
1605289200,8.503600120544434,8.510000228881836,8.489999771118164,8.505000114440918,72860
1605289500,8.510000228881836,8.520000457763672,8.505000114440918,8.510000228881836,124272
1605289800,8.520000457763672,8.520000457763672,8.510000228881836,8.510000228881836,56172
1605290100,8.515000343322754,8.529999732971191,8.510000228881836,8.529999732971191,77087
1605290400,8.529999732971191,8.5600004196167,8.526599884033203,8.53499984741211,242802
1605290700,8.53499984741211,8.569999694824219,8.529999732971191,8.569999694824219,199625
1605291000,8.569999694824219,8.579999923706055,8.550000190734863,8.5600004196167,419354
1605291300,8.5600004196167,8.5600004196167,8.539999961853027,8.5600004196167,161366
1605291600,8.556599617004395,8.574999809265137,8.550000190734863,8.569999694824219,385791
1605291900,8.569999694824219,8.59000015258789,8.5600004196167,8.574600219726562,90574
1605292200,8.574999809265137,8.574999809265137,8.555000305175781,8.5649995803833,414595
1605292500,8.5649995803833,8.579999923706055,8.5600004196167,8.579999923706055,142170
1605292800,8.574999809265137,8.579999923706055,8.569999694824219,8.579999923706055,51753
1605293100,8.579999923706055,8.579999923706055,8.53499984741211,8.539999961853027,229396
1605293400,8.539999961853027,8.545000076293945,8.529999732971191,8.539999961853027,73444
1605293700,8.536999702453613,8.550000190734863,8.529999732971191,8.529999732971191,70553
1605294000,8.53499984741211,8.555000305175781,8.529999732971191,8.530400276184082,75153
1605294300,8.539999961853027,8.546600341796875,8.529999732971191,8.53499984741211,73252
1605294600,8.539999961853027,8.545000076293945,8.524999618530273,8.534500122070312,65668
1605294900,8.53499984741211,8.53499984741211,8.515000343322754,8.520000457763672,121604
1605295200,8.520000457763672,8.524999618530273,8.505000114440918,8.515000343322754,78292
1605295500,8.511099815368652,8.520000457763672,8.5,8.510000228881836,106518
1605295800,8.515000343322754,8.529999732971191,8.515000343322754,8.520000457763672,335088
1605296100,8.520000457763672,8.520000457763672,8.510000228881836,8.510000228881836,26938
1605296400,8.510000228881836,8.520000457763672,8.5,8.510000228881836,70770
1605296700,8.515000343322754,8.515000343322754,8.484999656677246,8.489999771118164,178689
1605297000,8.494999885559082,8.496600151062012,8.484999656677246,8.489999771118164,454095
1605297300,8.489999771118164,8.5,8.470000267028809,8.470000267028809,412499
1605297600,8.470000267028809,8.520000457763672,8.46500015258789,8.510000228881836,305011
1605297900,8.5,8.529999732971191,8.494999885559082,8.513400077819824,236666
1605298200,8.515000343322754,8.520000457763672,8.494999885559082,8.505000114440918,146291
1605298500,8.510000228881836,8.510000228881836,8.479999542236328,8.5,138413
1605298800,8.5,8.5,8.489999771118164,8.494999885559082,242402
1605299100,8.5,8.539999961853027,8.489999771118164,8.53499984741211,627148
1605299400,8.530099868774414,8.545000076293945,8.524999618530273,8.53499984741211,334082
1605299700,8.529999732971191,8.550000190734863,8.524999618530273,8.53499984741211,263135
1605300000,8.53499984741211,8.539999961853027,8.520000457763672,8.524900436401367,271193
1605300300,8.524999618530273,8.529999732971191,8.520000457763672,8.529999732971191,429463
1605300600,8.529999732971191,8.539999961853027,8.520000457763672,8.529999732971191,646894
1605300900,8.529999732971191,8.539999961853027,8.529999732971191,8.539999961853027,1432612
1605301200,8.53,8.53,8.53,8.53,581028
1605302100,8.53,8.53,8.53,8.53,0
1605303600,8.54,8.54,8.54,8.54,0
1605304200,8.53,8.53,8.53,8.53,0
1605305100,8.47,8.47,8.47,8.47,0
1605305400,8.53,8.53,8.53,8.53,0
1605308700,8.53,8.53,8.53,8.53,0
