Date,Open,High,Low,Close,Volume
1605272700,11.16,11.16,11.16,11.16,0
1605273300,11.25,11.25,11.25,11.25,0
1605274200,11.25,11.25,11.25,11.25,0
1605275400,11.27,11.27,11.27,11.27,0
1605275700,11.2502,11.2502,11.2502,11.2502,0
1605276300,11.25,11.25,11.25,11.25,0
1605276600,11.17,11.17,11.17,11.17,0
1605276900,11.17,11.17,11.17,11.17,0
1605277200,11.1702,11.1702,11.1702,11.1702,0
1605277500,11.2,11.2,11.19,11.19,0
1605277800,11.180000305175781,11.199999809265137,11.039999961853027,11.085000038146973,415980
1605278100,11.09000015258789,11.09000015258789,10.960000038146973,10.969900131225586,303901
1605278400,10.969799995422363,11.0600004196167,10.969799995422363,11,124808
1605278700,11.00160026550293,11.0600004196167,11,11.029999732971191,165114
1605279000,11.029999732971191,11.09000015258789,11.010000228881836,11.079999923706055,143032
1605279300,11.087599754333496,11.108400344848633,11.079999923706055,11.100000381469727,102478
1605279600,11.095000267028809,11.199999809265137,11.079999923706055,11.194999694824219,729239
1605279900,11.194999694824219,11.25,11.194999694824219,11.239999771118164,727121
1605280200,11.239999771118164,11.244999885559082,11.201600074768066,11.234999656677246,281899
1605280500,11.235300064086914,11.25,11.210000038146973,11.225000381469727,263128
1605280800,11.229999542236328,11.25,11.220000267028809,11.244999885559082,100444
1605281100,11.239999771118164,11.289999961853027,11.239999771118164,11.289999961853027,200193
1605281400,11.28499984741211,11.300000190734863,11.260000228881836,11.289999961853027,155742
1605281700,11.289999961853027,11.297900199890137,11.279999732971191,11.289999961853027,105752
1605282000,11.289999961853027,11.3100004196167,11.28499984741211,11.289999961853027,322462
1605282300,11.295000076293945,11.3149995803833,11.274999618530273,11.289999961853027,181622
1605282600,11.289999961853027,11.3100004196167,11.279999732971191,11.295000076293945,1133796
1605282900,11.295000076293945,11.3100004196167,11.260000228881836,11.295000076293945,817922
1605283200,11.295000076293945,11.3100004196167,11.274999618530273,11.295000076293945,119038
1605283500,11.295000076293945,11.319999694824219,11.279999732971191,11.295000076293945,158487
1605283800,11.295000076293945,11.3100004196167,11.28499984741211,11.300000190734863,108869
1605284100,11.295000076293945,11.300000190734863,11.289999961853027,11.289999961853027,62616
1605284400,11.295000076293945,11.3100004196167,11.289999961853027,11.295000076293945,180517
1605284700,11.297699928283691,11.297699928283691,11.25,11.255000114440918,91771
1605285000,11.255000114440918,11.255000114440918,11.210000038146973,11.220000267028809,166984
1605285300,11.220000267028809,11.244999885559082,11.211600303649902,11.229999542236328,105032
1605285600,11.234999656677246,11.289899826049805,11.229999542236328,11.279999732971191,190217
1605285900,11.279999732971191,11.289999961853027,11.270000457763672,11.270000457763672,88130
1605286200,11.274999618530273,11.295000076293945,11.265000343322754,11.289999961853027,180912
1605286500,11.28499984741211,11.295000076293945,11.279999732971191,11.289999961853027,214112
1605286800,11.289999961853027,11.295000076293945,11.243300437927246,11.244999885559082,268206
1605287100,11.244999885559082,11.25,11.220000267028809,11.25,105554
1605287400,11.244999885559082,11.246899604797363,11.1899995803833,11.1899995803833,70527
1605287700,11.194999694824219,11.229999542236328,11.1899995803833,11.21500015258789,103188
1605288000,11.21500015258789,11.229999542236328,11.199999809265137,11.225000381469727,76319
1605288300,11.229999542236328,11.25,11.225000381469727,11.25,78506
1605288600,11.244999885559082,11.260000228881836,11.239999771118164,11.255000114440918,47452
1605288900,11.25,11.289999961853027,11.25,11.289999961853027,113146
1605289200,11.289999961853027,11.289999961853027,11.279999732971191,11.289999961853027,59979
1605289500,11.28499984741211,11.28499984741211,11.25,11.274999618530273,122897
1605289800,11.27810001373291,11.27810001373291,11.239999771118164,11.255000114440918,234774
1605290100,11.255000114440918,11.270000457763672,11.239999771118164,11.244999885559082,74691
1605290400,11.244999885559082,11.244999885559082,11.199999809265137,11.21500015258789,118553
1605290700,11.21500015258789,11.220000267028809,11.1850004196167,11.199999809265137,92098
1605291000,11.199999809265137,11.210000038146973,11.1899995803833,11.204999923706055,86719
1605291300,11.204999923706055,11.225000381469727,11.194999694824219,11.194999694824219,172592
1605291600,11.199999809265137,11.21500015258789,11.180000305175781,11.204999923706055,98508
1605291900,11.204999923706055,11.220000267028809,11.1899995803833,11.220000267028809,145030
1605292200,11.21500015258789,11.220000267028809,11.199999809265137,11.21500015258789,62348
1605292500,11.220000267028809,11.229999542236328,11.193400382995605,11.199999809265137,148667
1605292800,11.204999923706055,11.210000038146973,11.1899995803833,11.210000038146973,128479
1605293100,11.210000038146973,11.21500015258789,11.180000305175781,11.1850004196167,213320
1605293400,11.1899995803833,11.194999694824219,11.170000076293945,11.1850004196167,381661
1605293700,11.180000305175781,11.210000038146973,11.180000305175781,11.199999809265137,143732
1605294000,11.204999923706055,11.229999542236328,11.199999809265137,11.225000381469727,94729
1605294300,11.225000381469727,11.229999542236328,11.210000038146973,11.210000038146973,59758
1605294600,11.212200164794922,11.229999542236328,11.199999809265137,11.225000381469727,94134
1605294900,11.225000381469727,11.229999542236328,11.21500015258789,11.229999542236328,62022
1605295200,11.229999542236328,11.260000228881836,11.229999542236328,11.239999771118164,172505
1605295500,11.244999885559082,11.24899959564209,11.204999923706055,11.229999542236328,139777
1605295800,11.229999542236328,11.260000228881836,11.220000267028809,11.25,2353195
1605296100,11.255000114440918,11.279999732971191,11.25,11.270000457763672,132870
1605296400,11.270000457763672,11.279999732971191,11.220000267028809,11.225000381469727,115271
1605296700,11.225000381469727,11.25,11.220000267028809,11.225000381469727,295685
1605297000,11.225000381469727,11.25,11.220000267028809,11.25,69776
1605297300,11.25,11.270000457763672,11.25,11.265000343322754,91224
1605297600,11.270000457763672,11.289999961853027,11.260000228881836,11.265000343322754,100281
1605297900,11.260000228881836,11.270000457763672,11.229999542236328,11.234999656677246,216885
1605298200,11.234999656677246,11.260000228881836,11.220000267028809,11.25,584937
1605298500,11.25,11.255000114440918,11.229999542236328,11.241600036621094,544986
1605298800,11.244999885559082,11.260000228881836,11.240099906921387,11.260000228881836,133690
1605299100,11.255000114440918,11.289999961853027,11.239999771118164,11.244999885559082,555124
1605299400,11.244999885559082,11.260000228881836,11.244999885559082,11.260000228881836,202797
1605299700,11.260000228881836,11.329999923706055,11.250300407409668,11.329999923706055,1068940
1605300000,11.329999923706055,11.350000381469727,11.319999694824219,11.345000267028809,232023
1605300300,11.350000381469727,11.390000343322754,11.34000015258789,11.375,603568
1605300600,11.380000114440918,11.399999618530273,11.369999885559082,11.399999618530273,612091
1605300900,11.399999618530273,11.420000076293945,11.369999885559082,11.399999618530273,2234618
1605301200,11.4,11.4,11.4,11.4,637889
1605302100,11.4,11.4,11.31,11.31,0
1605303000,11.37,11.37,11.37,11.37,0
1605303300,11.38,11.38,11.38,11.38,0
1605303600,11.3899,11.3899,11.3899,11.3899,0
1605304200,11.34,11.4,11.34,11.4,0
1605304500,11.39,11.44,11.39,11.4,0
1605304800,11.45,11.45,11.43,11.43,0
1605306000,11.45,11.45,11.45,11.45,0
1605306300,11.4,11.4,11.4,11.4,0
1605307500,11.3999,11.3999,11.3999,11.3999,0
1605308100,11.37,11.37,11.37,11.37,0
1605308400,11.4,11.4,11.4,11.4,0
1605308700,11.39,11.39,11.39,11.39,0
1605309000,11.4,11.4,11.4,11.4,0
1605309300,11.44,11.44,11.3999,11.4,0
1605311400,11.39,11.4,11.39,11.4,0
1605312300,11.4,11.4,11.4,11.4,0
1605313500,11.43,11.43,11.43,11.43,0
1605313800,11.43,11.44,11.43,11.44,0
1605314100,11.44,11.44,11.44,11.44,0
1605314700,11.45,11.45,11.45,11.45,0
