Date,Open,High,Low,Close,Volume
1605277800,13.960000038146973,13.969900131225586,13.960000038146973,13.969900131225586,0
1605278100,13.949999809265137,13.949999809265137,13.949999809265137,13.949999809265137,500
1605278400,13.949999809265137,13.970000267028809,13.949999809265137,13.960000038146973,3301
1605278700,13.960000038146973,13.964500427246094,13.949999809265137,13.958999633789062,4605
1605279000,13.949999809265137,13.949999809265137,13.930000305175781,13.930000305175781,8502
1605279300,13.930000305175781,13.9399995803833,13.930000305175781,13.931699752807617,3851
1605279600,13.9350004196167,13.9399995803833,13.925000190734863,13.925000190734863,4361
1605279900,13.925000190734863,13.949999809265137,13.920000076293945,13.949999809265137,5566
1605280200,13.9399995803833,13.940500259399414,13.920000076293945,13.920000076293945,31800
1605280500,13.92240047454834,13.92240047454834,13.890000343322754,13.899999618530273,36866
1605280800,13.902700424194336,13.918999671936035,13.902700424194336,13.90999984741211,5380
1605281100,13.90999984741211,13.916999816894531,13.90999984741211,13.916999816894531,4072
1605281400,13.920000076293945,13.920000076293945,13.904999732971191,13.904999732971191,11306
1605281700,13.90999984741211,13.90999984741211,13.890000343322754,13.890000343322754,13406
1605282000,13.88539981842041,13.899999618530273,13.88539981842041,13.895000457763672,10062
1605282300,13.892399787902832,13.899999618530273,13.890000343322754,13.899999618530273,7475
1605282600,13.89009952545166,13.899900436401367,13.880000114440918,13.880000114440918,12306
1605282900,13.880000114440918,13.881500244140625,13.869999885559082,13.880000114440918,11862
1605283200,13.880000114440918,13.890000343322754,13.880000114440918,13.88010025024414,6000
1605283500,13.880000114440918,13.899999618530273,13.869999885559082,13.895000457763672,8423
1605283800,13.875,13.890000343322754,13.869999885559082,13.890000343322754,1587
1605284100,13.890000343322754,13.90999984741211,13.880000114440918,13.899999618530273,25750
1605284400,13.90999984741211,13.90999984741211,13.899999618530273,13.90999984741211,7841
1605284700,13.90999984741211,13.91759967803955,13.900099754333496,13.900099754333496,7554
1605285000,13.904999732971191,13.904999732971191,13.895000457763672,13.895000457763672,789
1605285300,13.893600463867188,13.895000457763672,13.890000343322754,13.895000457763672,401
1605285600,13.895000457763672,13.899999618530273,13.892399787902832,13.893199920654297,38351
1605285900,13.895000457763672,13.899999618530273,13.890000343322754,13.899999618530273,2373
1605286200,13.899999618530273,13.90999984741211,13.899999618530273,13.90999984741211,4660
1605286500,13.90999984741211,13.90999984741211,13.90999984741211,13.90999984741211,6153
1605286800,13.914999961853027,13.937600135803223,13.914999961853027,13.930000305175781,10063
1605287100,13.925000190734863,13.9375,13.925000190734863,13.930000305175781,23608
1605287400,13.9399995803833,13.9399995803833,13.930299758911133,13.930299758911133,822
1605287700,13.925000190734863,13.925000190734863,13.925000190734863,13.925000190734863,100
1605288000,13.923999786376953,13.930000305175781,13.923999786376953,13.930000305175781,4886
1605288300,13.930000305175781,13.937100410461426,13.920000076293945,13.930000305175781,2126
1605288600,13.933899879455566,13.933899879455566,13.933899879455566,13.933899879455566,756
1605288900,13.930100440979004,13.9399995803833,13.925000190734863,13.9399995803833,26279
1605289200,13.9399995803833,13.942899703979492,13.9399995803833,13.942899703979492,8792
1605289500,13.9399995803833,13.9399995803833,13.9399995803833,13.9399995803833,632
1605289800,13.9399995803833,13.9399995803833,13.930000305175781,13.9350004196167,2511
1605290100,13.930100440979004,13.930100440979004,13.91759967803955,13.91759967803955,1051
1605290400,13.914999961853027,13.930000305175781,13.914999961853027,13.930000305175781,5280
1605290700,13.920000076293945,13.929200172424316,13.890000343322754,13.92240047454834,14196367
1605291000,13.920000076293945,13.920000076293945,13.90999984741211,13.920000076293945,10056
1605291300,13.91100025177002,13.920000076293945,13.90999984741211,13.90999984741211,20085
1605291600,13.904999732971191,13.90999984741211,13.899999618530273,13.902899742126465,2187
1605291900,13.90999984741211,13.90999984741211,13.904999732971191,13.90999984741211,5371
1605292200,13.899999618530273,13.912400245666504,13.899999618530273,13.912400245666504,19865
1605292500,13.90999984741211,13.920000076293945,13.90999984741211,13.90999984741211,16806
1605292800,13.90999984741211,13.90999984741211,13.899999618530273,13.907600402832031,48247
1605293100,13.904999732971191,13.9173002243042,13.904999732971191,13.904999732971191,13045
1605293400,13.904999732971191,13.904999732971191,13.904999732971191,13.904999732971191,517
1605293700,13.902400016784668,13.904999732971191,13.902000427246094,13.904999732971191,1406
1605294000,13.904999732971191,13.906999588012695,13.902000427246094,13.902000427246094,411
1605294300,13.90999984741211,13.90999984741211,13.902000427246094,13.902000427246094,7146
1605294600,13.899999618530273,13.906399726867676,13.899999618530273,13.906399726867676,3073
1605294900,13.899999618530273,13.899999618530273,13.890000343322754,13.899700164794922,1977
1605295200,13.895000457763672,13.895000457763672,13.880000114440918,13.880000114440918,14988
1605295500,13.880000114440918,13.880000114440918,13.854999542236328,13.859999656677246,19865
1605295800,13.869999885559082,13.878199577331543,13.869999885559082,13.869999885559082,28720
1605296100,13.875,13.875,13.869999885559082,13.869999885559082,2914
1605296400,13.860099792480469,13.86989974975586,13.860099792480469,13.869000434875488,2632
1605296700,13.864999771118164,13.86709976196289,13.859999656677246,13.864999771118164,751
1605297000,13.864999771118164,13.864999771118164,13.864999771118164,13.864999771118164,199
1605297300,13.864999771118164,13.869999885559082,13.864999771118164,13.869999885559082,4981
1605297600,13.869999885559082,13.869999885559082,13.859999656677246,13.859999656677246,30513
1605297900,13.859999656677246,13.864999771118164,13.859999656677246,13.864999771118164,4175
1605298200,13.859999656677246,13.864999771118164,13.859999656677246,13.864999771118164,1497
1605298500,13.864999771118164,13.864999771118164,13.859999656677246,13.859999656677246,1617
1605298800,13.859999656677246,13.861000061035156,13.859999656677246,13.859999656677246,2670
1605299100,13.863200187683105,13.864999771118164,13.859999656677246,13.864999771118164,34919
1605299400,13.867500305175781,13.869999885559082,13.859999656677246,13.866999626159668,16212
1605299700,13.859999656677246,13.869999885559082,13.859999656677246,13.869999885559082,5247
1605300000,13.859999656677246,13.859999656677246,13.859999656677246,13.859999656677246,1957
1605300300,13.859999656677246,13.859999656677246,13.854999542236328,13.859999656677246,12110
1605300600,13.859999656677246,13.864999771118164,13.854999542236328,13.859999656677246,7649
1605300900,13.862000465393066,13.880000114440918,13.862000465393066,13.869999885559082,43628
1605301200,13.88,13.88,13.88,13.88,0
