Date,Open,High,Low,Close,Volume
1605258900,14.51,15.04,14.49,14.85,0
1605259200,14.84,14.84,14.5,14.55,0
1605259500,14.5,14.7,14.5,14.7,0
1605259800,14.7,14.85,14.7,14.85,0
1605260100,14.85,14.95,14.8,14.8,0
1605260400,14.8,14.8,14.48,14.65,0
1605260700,14.6,14.65,14.6,14.65,0
1605261000,14.6,14.65,14.52,14.52,0
1605261300,14.5,14.7,14.5,14.5,0
1605261600,14.5,14.65,14.5,14.65,0
1605261900,14.66,14.66,14.65,14.66,0
1605262200,14.69,14.8,14.66,14.76,0
1605262500,14.76,14.99,14.76,14.94,0
1605262800,14.94,14.95,14.8,14.86,0
1605263100,14.86,14.86,14.84,14.84,0
1605263400,14.8,14.99,14.8,14.99,0
1605263700,14.99,15.36,14.95,15.25,0
1605264000,15.27,15.4,15.15,15.15,0
1605264300,15.15,15.3,15.15,15.25,0
1605264600,15.25,15.25,15.2,15.25,0
1605264900,15.17,15.23,15.15,15.2,0
1605265200,15.2,15.2,15.06,15.06,0
1605265500,15.11,15.12,15.1,15.1,0
1605265800,15.07,15.15,15.07,15.07,0
1605266100,15.07,15.23,15.07,15.23,0
1605266400,15.14,15.14,15.1,15.1,0
1605266700,15.07,15.1,15.05,15.1,0
1605267000,15.1,15.14,15.1,15.14,0
1605267300,15.13,15.13,15.05,15.05,0
1605267600,15.05,15.05,14.98,14.99,0
1605267900,15,15.07,15,15.07,0
1605268200,15.09,15.14,15.07,15.1,0
1605268500,15.06,15.16,15.05,15.16,0
1605268800,15.2,15.23,15.16,15.2,0
1605269100,15.1,15.15,15.07,15.15,0
1605269400,15.2,15.25,15.15,15.25,0
1605269700,15.17,15.25,14.9,14.99,0
1605270000,14.95,14.99,14.88,14.9,0
1605270300,14.9,14.9,14.7,14.9,0
1605270600,14.9,14.98,14.77,14.8,0
1605270900,14.8,14.81,14.7,14.7,0
1605271200,14.69,14.7,14.62,14.64,0
1605271500,14.64,14.7,14.58,14.58,0
1605271800,14.57,14.57,13.95,13.96,0
1605272100,13.96,14.3,13.88,14.25,0
1605272400,14.25,14.36,14.22,14.22,0
1605272700,14.23,14.3,14.05,14.11,0
1605273000,14.12,14.19,14.07,14.07,0
1605273300,14.09,15.07,13.9,14.25,0
1605273600,14.2598,15.25,14.1,14.19,0
1605273900,14.2,15.24,14.1,14.15,0
1605274200,14.16,14.2,14.06,14.17,0
1605274500,14.18,14.26,14.14,14.15,0
1605274800,14.15,14.39,14.14,14.32,0
1605275100,14.31,14.45,14.29,14.4,0
1605275400,14.41,14.46,14.35,14.46,0
1605275700,14.47,14.48,14.37,14.43,0
1605276000,14.43,14.5,14.41,14.42,0
1605276300,14.42,14.43,14.2,14.2402,0
1605276600,14.24,14.37,14.23,14.34,0
1605276900,14.35,14.36,13.97,14.11,0
1605277200,14.12,14.15,13.99,14.14,0
1605277500,14.1,14.14,14.09,14.1101,0
1605277800,14.489999771118164,15,14.489999771118164,14.925000190734863,9010153
1605278100,14.90999984741211,14.949999809265137,14.489999771118164,14.900099754333496,2341138
1605278400,14.904999732971191,15.199999809265137,14.819999694824219,15.029899597167969,3698511
1605278700,15.029999732971191,15.039999961853027,14.850000381469727,14.949999809265137,1603136
1605279000,14.960000038146973,15.149999618530273,14.930000305175781,15.09000015258789,1312627
1605279300,15.087200164794922,15.4399995803833,15.069999694824219,15.414999961853027,2678891
1605279600,15.40999984741211,15.699999809265137,15.300000190734863,15.694999694824219,3123596
1605279900,15.694999694824219,15.9399995803833,15.34000015258789,15.34000015258789,3387358
1605280200,15.350000381469727,15.699999809265137,15.260000228881836,15.680000305175781,2048957
1605280500,15.680000305175781,15.800000190734863,15.399999618530273,15.625,1855294
1605280800,15.631600379943848,15.75,15.550000190734863,15.65999984741211,1276983
1605281100,15.664999961853027,15.850000381469727,15.5,15.819999694824219,1433264
1605281400,15.805000305175781,16,15.770000457763672,15.988200187683105,1697690
1605281700,15.979999542236328,15.989999771118164,15.550000190734863,15.550000190734863,1309204
1605282000,15.569999694824219,15.890000343322754,15.510199546813965,15.764900207519531,1000645
1605282300,15.770000457763672,15.779999732971191,15.25,15.650099754333496,1823973
1605282600,15.65999984741211,15.680000305175781,15.390000343322754,15.4975004196167,741538
1605282900,15.5,15.5,15.199999809265137,15.396300315856934,1244752
1605283200,15.390000343322754,15.395000457763672,14.8100004196167,14.864999771118164,1968087
1605283500,14.864999771118164,15.229999542236328,14.850000381469727,15.0600004196167,1286653
1605283800,15.0600004196167,15.260000228881836,14.90999984741211,15.180000305175781,882016
1605284100,15.1899995803833,15.470000267028809,15.185799598693848,15.260000228881836,1198050
1605284400,15.266900062561035,15.399999618530273,15.220000267028809,15.399999618530273,664772
1605284700,15.399999618530273,15.800000190734863,15.3100004196167,15.68850040435791,1855557
1605285000,15.6899995803833,15.6899995803833,15.210000038146973,15.25,1157619
1605285300,15.25,15.5,15.249899864196777,15.5,791409
1605285600,15.5,15.5,15.350000381469727,15.4399995803833,451838
1605285900,15.4350004196167,15.489999771118164,15.350000381469727,15.475000381469727,367396
1605286200,15.479999542236328,15.710000038146973,15.444999694824219,15.619999885559082,874203
1605286500,15.630000114440918,15.739999771118164,15.359999656677246,15.425000190734863,740957
1605286800,15.425000190734863,15.59000015258789,15.395000457763672,15.555000305175781,482346
1605287100,15.550200462341309,15.579999923706055,15.390000343322754,15.445300102233887,532449
1605287400,15.449999809265137,15.510000228881836,15.430000305175781,15.45009994506836,270616
1605287700,15.449999809265137,15.470000267028809,15.300000190734863,15.34689998626709,543404
1605288000,15.340100288391113,15.550000190734863,15.30840015411377,15.520000457763672,711520
1605288300,15.520000457763672,15.529999732971191,15.420000076293945,15.484999656677246,284445
1605288600,15.479999542236328,15.569999694824219,15.420000076293945,15.449899673461914,484126
1605288900,15.449999809265137,15.59000015258789,15.430000305175781,15.572999954223633,325756
1605289200,15.577899932861328,15.649999618530273,15.520000457763672,15.609999656677246,567968
1605289500,15.600000381469727,15.619999885559082,15.527400016784668,15.539999961853027,413318
1605289800,15.539999961853027,15.630000114440918,15.449999809265137,15.625,374057
1605290100,15.625,15.649999618530273,15.550000190734863,15.630000114440918,419329
1605290400,15.630000114440918,15.640000343322754,15.460000038146973,15.585000038146973,342282
1605290700,15.59000015258789,15.59000015258789,15.470000267028809,15.545000076293945,367358
1605291000,15.545000076293945,15.585000038146973,15.350000381469727,15.555000305175781,615343
1605291300,15.555000305175781,15.630000114440918,15.510000228881836,15.59000015258789,302952
1605291600,15.585000038146973,15.640000343322754,15.550000190734863,15.604999542236328,283214
1605291900,15.604999542236328,15.640000343322754,15.569999694824219,15.630000114440918,189937
1605292200,15.616999626159668,15.640000343322754,15.510000228881836,15.588399887084961,185596
1605292500,15.579999923706055,15.680000305175781,15.539999961853027,15.625499725341797,358950
1605292800,15.630000114440918,15.680000305175781,15.59000015258789,15.670000076293945,238402
1605293100,15.65999984741211,15.670000076293945,15.515000343322754,15.559900283813477,413551
1605293400,15.550000190734863,15.625,15.5,15.600000381469727,264277
1605293700,15.595000267028809,15.640000343322754,15.545000076293945,15.604999542236328,222391
1605294000,15.609999656677246,15.609999656677246,15.420000076293945,15.481200218200684,417127
1605294300,15.470000267028809,15.550000190734863,15.449999809265137,15.489899635314941,316002
1605294600,15.479999542236328,15.520000457763672,15.4399995803833,15.484999656677246,291508
1605294900,15.484999656677246,15.520000457763672,15.449999809265137,15.479999542236328,262934
1605295200,15.479999542236328,15.550000190734863,15.470000267028809,15.489999771118164,257444
1605295500,15.489999771118164,15.5600004196167,15.470000267028809,15.475000381469727,213477
1605295800,15.475000381469727,15.5,15.369999885559082,15.484999656677246,584100
1605296100,15.489999771118164,15.539999961853027,15.430000305175781,15.449999809265137,300544
1605296400,15.4399995803833,15.520000457763672,15.4399995803833,15.454999923706055,287782
1605296700,15.449999809265137,15.489999771118164,15.359999656677246,15.385000228881836,315084
1605297000,15.380200386047363,15.40999984741211,15.319999694824219,15.340100288391113,302275
1605297300,15.349200248718262,15.460000038146973,15.345000267028809,15.440600395202637,367073
1605297600,15.4399995803833,15.460000038146973,15.399999618530273,15.425000190734863,251675
1605297900,15.425000190734863,15.50979995727539,15.40999984741211,15.50979995727539,375383
1605298200,15.503299713134766,15.520000457763672,15.470000267028809,15.489999771118164,209219
1605298500,15.489999771118164,15.5,15.40999984741211,15.46969985961914,324457
1605298800,15.46500015258789,15.5,15.460000038146973,15.5,303986
1605299100,15.494999885559082,15.569999694824219,15.489999771118164,15.555000305175781,471431
1605299400,15.555000305175781,15.619999885559082,15.529999732971191,15.5649995803833,472630
1605299700,15.5600004196167,15.649999618530273,15.5600004196167,15.649999618530273,412663
1605300000,15.645000457763672,15.779999732971191,15.539999961853027,15.579999923706055,1072044
1605300300,15.585000038146973,15.710000038146973,15.579999923706055,15.635000228881836,623397
1605300600,15.640000343322754,15.65999984741211,15.5,15.604999542236328,766013
1605300900,15.600000381469727,15.8100004196167,15.59000015258789,15.75,1961242
1605301200,15.8,15.8,15.8,15.8,1860416
1605302100,15.8,15.92,15.68,15.81,0
1605302400,15.81,15.94,15.8,15.93,0
1605302700,15.9,15.9,15.63,15.7,0
1605303000,15.7,15.8102,15.7,15.79,0
1605303300,15.8,15.81,15.79,15.8,0
1605303600,15.8,15.8,15.76,15.79,0
1605303900,15.79,15.79,15.71,15.79,0
1605304200,15.75,15.75,15.7,15.7002,0
1605304500,15.73,15.8,15.7,15.77,0
1605304800,15.77,15.8,15.74,15.8,0
1605305100,15.8,15.86,15.77,15.85,0
1605305400,15.8698,15.8698,15.72,15.7402,0
1605305700,15.75,15.8,15.75,15.7998,0
1605306000,15.8,15.8,15.78,15.78,0
1605306300,15.78,15.79,15.78,15.78,0
1605306600,15.79,15.79,15.75,15.75,0
1605306900,15.75,15.79,15.75,15.79,0
1605307200,15.78,15.8,15.78,15.8,0
1605307500,15.8,15.86,15.78,15.85,0
1605307800,15.87,15.95,15.87,15.92,0
1605308100,15.93,15.95,15.9,15.9,0
1605308400,15.92,15.92,15.8699,15.87,0
1605308700,15.86,15.9,15.85,15.9,0
1605309000,15.9,15.92,15.9,15.91,0
1605309300,15.92,15.94,15.91,15.91,0
1605309600,15.86,15.88,15.85,15.86,0
1605309900,15.86,15.86,15.8,15.8,0
1605310200,15.85,15.88,15.82,15.88,0
1605310500,15.84,15.88,15.84,15.85,0
1605310800,15.88,15.9,15.88,15.88,0
1605311100,15.9,15.91,15.85,15.91,0
1605311400,15.81,15.9099,15.81,15.9,0
1605311700,15.9,15.93,15.89,15.8901,0
1605312000,15.9,15.9,15.86,15.89,0
1605312300,15.9,15.9,15.86,15.87,0
1605312600,15.87,15.9,15.87,15.9,0
1605312900,15.89,15.9,15.87,15.88,0
1605313200,15.88,15.97,15.88,15.95,0
1605313500,15.95,15.95,15.9,15.9,0
1605313800,15.89,15.95,15.89,15.95,0
1605314100,15.95,15.95,15.93,15.93,0
1605314400,15.95,15.98,15.95,15.98,0
1605314700,15.98,15.98,15.92,15.98,0
1605315000,15.98,15.99,15.98,15.99,0
1605315300,15.99,15.99,15.95,15.9699,0
