Date,Open,High,Low,Close,Volume
1605261000,110.14,110.14,110.14,110.14,0
1605262500,110.47,110.47,110.47,110.47,0
1605263100,110.4,110.4,110.4,110.4,0
1605264900,110.3,110.3,110.3,110.3,0
1605265200,110.38,110.38,110.3,110.3,0
1605265800,110.3,110.3,110.3,110.3,0
1605266700,110.3,110.3,110.3,110.3,0
1605267600,110.23,110.23,110.2,110.2,0
1605268500,110.11,110.11,110.11,110.11,0
1605269700,110.39,110.4,110.3,110.3,0
1605270000,110.25,110.3,110.25,110.25,0
1605270300,110.12,110.12,110.03,110.03,0
1605271200,110.17,110.17,110.17,110.17,0
1605271500,110.31,110.4,110.1,110.4,0
1605271800,110.35,110.48,110.35,110.48,0
1605272100,110.46,110.48,110.1,110.4,0
1605272400,110.22,110.32,110.22,110.32,0
1605272700,110.17,110.17,110.06,110.08,0
1605273300,110.4499,110.48,110.03,110.35,0
1605273600,110.08,110.25,109.85,110.25,0
1605273900,110,110,109.69,109.69,0
1605274200,109.7,109.96,109.68,109.96,0
1605274500,109.85,109.85,109.8499,109.8499,0
1605274800,109.6,109.62,109.15,109.5,0
1605275100,109.56,109.56,109.2,109.41,0
1605275400,109.3,109.6,109.2502,109.6,0
1605275700,109.66,109.66,109.6,109.6,0
1605276000,109.55,109.61,109.55,109.6,0
1605276300,109.5,109.5,109.38,109.38,0
1605276600,109.38,109.47,109.38,109.47,0
1605276900,109.37,109.47,109.34,109.368,0
1605277200,109.2703,109.2703,109.18,109.2,0
1605277500,109.38,109.58,109.2,109.38,0
1605277800,109.02960205078125,109.68990325927734,107,107.87550354003906,453981
1605278100,107.80999755859375,108.6698989868164,107.2300033569336,108.12000274658203,248494
1605278400,108.12000274658203,108.44000244140625,107.62000274658203,107.67500305175781,226236
1605278700,107.7300033569336,107.79000091552734,105.19999694824219,106.4800033569336,452285
1605279000,106.46499633789062,107.5,106.01000213623047,107.20999908447266,286556
1605279300,107.22000122070312,107.61000061035156,107,107.36499786376953,156467
1605279600,107.33000183105469,107.58000183105469,106.62999725341797,106.76000213623047,175938
1605279900,106.7300033569336,107.03990173339844,105.93080139160156,106.05280303955078,268863
1605280200,106.06500244140625,106.20999908447266,105.62999725341797,105.86499786376953,228697
1605280500,105.82510375976562,106.1500015258789,104.61000061035156,105.52159881591797,345931
1605280800,105.51499938964844,105.63999938964844,104.43000030517578,104.69000244140625,335984
1605281100,104.658203125,105.21309661865234,104.4000015258789,105.00869750976562,285358
1605281400,104.9800033569336,104.9800033569336,104.0999984741211,104.1500015258789,225102
1605281700,104.131103515625,104.19000244140625,103.56999969482422,103.5999984741211,317773
1605282000,103.6614990234375,104.4800033569336,103.61000061035156,104.30750274658203,285585
1605282300,104.36090087890625,104.89779663085938,104.30670166015625,104.75,203731
1605282600,104.77999877929688,104.94000244140625,103.80999755859375,104.06999969482422,205194
1605282900,104.12000274658203,104.1500015258789,103.32009887695312,103.6677017211914,187275
1605283200,103.6947021484375,103.94000244140625,103.11100006103516,103.94000244140625,231251
1605283500,103.95020294189453,104.5,103.86000061035156,104.34500122070312,162778
1605283800,104.39250183105469,104.66999816894531,104.08820343017578,104.4000015258789,124685
1605284100,104.45999908447266,105.12000274658203,104.45989990234375,104.84010314941406,190776
1605284400,104.97000122070312,104.97000122070312,104.62000274658203,104.88580322265625,132211
1605284700,104.87999725341797,104.93990325927734,104.44999694824219,104.54000091552734,122187
1605285000,104.51020050048828,104.73999786376953,104.30000305175781,104.44400024414062,68791
1605285300,104.45040130615234,104.5,104.18000030517578,104.18000030517578,80000
1605285600,104.21399688720703,104.3499984741211,103.95130157470703,104.01000213623047,103084
1605285900,103.98999786376953,104.27999877929688,103.79000091552734,104.17259979248047,111626
1605286200,104.23999786376953,104.41000366210938,103.7699966430664,103.7699966430664,118297
1605286500,103.79859924316406,103.94989776611328,103.47000122070312,103.47000122070312,136106
1605286800,103.55500030517578,103.88990020751953,103.41999816894531,103.5,106825
1605287100,103.51499938964844,103.56999969482422,103.12000274658203,103.20999908447266,126399
1605287400,103.19999694824219,103.76000213623047,103.19999694824219,103.27010345458984,127992
1605287700,103.26000213623047,103.29000091552734,102.7300033569336,102.93000030517578,171542
1605288000,102.90249633789062,103.09989929199219,102.58999633789062,102.7166976928711,135195
1605288300,102.75,103.3322982788086,102.75,103.04000091552734,225996
1605288600,103.05000305175781,103.5,102.94000244140625,103.45780181884766,99302
1605288900,103.46499633789062,103.54000091552734,103,103.08999633789062,87288
1605289200,103.08999633789062,103.1500015258789,102.82499694824219,102.84500122070312,124776
1605289500,102.81999969482422,103.55000305175781,102.81999969482422,103.50199890136719,172878
1605289800,103.5,103.53600311279297,102.94999694824219,103.04000091552734,85674
1605290100,103.04000091552734,103.08999633789062,102.86000061035156,102.94519805908203,69087
1605290400,102.91590118408203,103.08000183105469,102.61000061035156,102.76010131835938,165603
1605290700,102.79000091552734,102.88999938964844,102.4000015258789,102.55989837646484,132938
1605291000,102.54499816894531,102.62999725341797,102.41000366210938,102.47000122070312,135664
1605291300,102.46499633789062,102.55999755859375,102.25,102.44989776611328,108597
1605291600,102.42500305175781,102.5374984741211,102.18000030517578,102.29000091552734,143911
1605291900,102.29000091552734,102.5,101.79010009765625,101.82479858398438,215101
1605292200,101.8499984741211,102.10990142822266,101.83999633789062,101.9000015258789,139247
1605292500,101.91000366210938,102.06999969482422,101.74140167236328,101.88999938964844,118310
1605292800,101.9000015258789,102.04060363769531,101,101.27999877929688,293219
1605293100,101.30010223388672,101.77999877929688,101.2697982788086,101.30999755859375,179202
1605293400,101.30999755859375,101.3499984741211,100.91000366210938,101.02999877929688,191466
1605293700,101.02999877929688,101.57990264892578,100.95999908447266,101.45469665527344,164977
1605294000,101.43000030517578,101.45500183105469,100.81999969482422,100.97000122070312,154454
1605294300,101,101.17500305175781,100.87020111083984,101.02999877929688,127762
1605294600,101.0302963256836,101.03890228271484,100.5999984741211,100.91999816894531,145152
1605294900,100.88999938964844,101.17990112304688,100.62000274658203,101.13500213623047,132209
1605295200,101.11000061035156,101.2699966430664,100.97000122070312,101.09989929199219,142107
1605295500,101.06999969482422,101.0999984741211,100.69999694824219,100.8949966430664,127313
1605295800,100.87999725341797,101.18000030517578,100.80000305175781,100.87999725341797,132965
1605296100,100.83000183105469,101.12000274658203,100.62999725341797,100.77249908447266,224428
1605296400,100.72000122070312,100.75330352783203,100.30999755859375,100.30999755859375,226999
1605296700,100.3499984741211,100.45999908447266,99.5,100.28379821777344,512508
1605297000,100.29000091552734,100.69999694824219,100.26000213623047,100.63300323486328,184142
1605297300,100.61499786376953,101.26000213623047,100.52010345458984,101.11150360107422,222013
1605297600,101.12000274658203,101.33999633789062,100.86000061035156,100.91999816894531,271084
1605297900,100.91999816894531,100.97989654541016,100.56500244140625,100.91000366210938,203833
1605298200,100.88999938964844,101.94999694824219,100.88999938964844,101.7300033569336,355971
1605298500,101.69999694824219,101.83999633789062,101.22000122070312,101.30000305175781,184763
1605298800,101.30000305175781,101.79499816894531,101.22000122070312,101.77999877929688,184973
1605299100,101.80999755859375,101.94999694824219,101.45999908447266,101.48500061035156,173108
1605299400,101.50499725341797,101.58000183105469,101.0999984741211,101.28500366210938,177622
1605299700,101.30000305175781,101.45999908447266,100.77999877929688,100.88999938964844,269858
1605300000,100.88999938964844,101.06999969482422,100.7301025390625,100.78500366210938,226585
1605300300,100.73999786376953,101.08000183105469,100.69000244140625,100.81999969482422,361110
1605300600,100.8499984741211,101.06999969482422,100.63999938964844,101,374837
1605300900,100.95999908447266,101.01000213623047,100.55999755859375,100.66999816894531,618553
1605301200,100.79,100.79,100.79,100.79,258257
1605302100,100.79,101.1,100.79,101.1,0
1605302400,101,101.41,101,101.1,0
1605302700,101.2098,101.21,101.01,101.0998,0
1605303000,101.01,101.28,101.01,101.28,0
1605303300,101.28,101.4,101.28,101.3,0
1605303600,101.35,101.35,101.25,101.2502,0
1605303900,101.25,101.25,101.06,101.06,0
1605304200,101.11,101.6,100.79,101.5,0
1605304500,101.2,101.48,101.2,101.35,0
1605304800,101.31,101.31,101.14,101.14,0
1605305100,101.13,101.27,101.06,101.08,0
1605305400,101.03,101.1,100.9,100.98,0
1605305700,100.9998,101.05,100.96,101.05,0
1605306000,101.1,101.1,101,101,0
1605306300,101.1798,101.1798,101,101,0
1605306900,101.1,101.1,101,101,0
1605307200,101,101.12,101,101.12,0
1605307800,101,101,101,101,0
1605308100,101,101,100.85,100.85,0
1605308400,100.9,100.9,100.9,100.9,0
1605308700,100.9,101,100.9,101,0
1605309000,101,101.09,100.91,101,0
1605309300,101.1,101.1,101.1,101.1,0
1605309600,101,101.12,101,101.12,0
1605309900,101.12,101.12,101.12,101.12,0
1605310200,101.12,101.2,101.12,101.2,0
1605310500,101.23,101.23,101.23,101.23,0
1605310800,101.32,101.33,101.1,101.1,0
1605311100,101.1,101.1,101,101,0
1605312000,101,101,101,101,0
1605312300,101,101,101,101,0
1605312600,101,101,100.8,100.8,0
1605312900,100.94,100.94,100.94,100.94,0
1605313200,100.85,100.9,100.8,100.9,0
1605313500,100.9,100.9,100.89,100.89,0
1605313800,100.85,100.89,100.85,100.89,0
1605314100,100.82,100.89,100.82,100.89,0
1605314400,100.8,100.94,100.8,100.81,0
1605314700,100.93,101,100.93,101,0
1605315000,101.08,101.08,101.08,101.08,0
1605315300,100.95,100.95,100.95,100.95,0
