Date,Open,High,Low,Close,Volume
1605258900,290.16,290.22,290.1,290.1,0
1605259200,290.15,290.33,290.01,290.29,0
1605259500,290.17,290.17,290.04,290.14,0
1605259800,290.12,290.28,290.12,290.27,0
1605260100,290.33,290.33,290.22,290.25,0
1605260400,290.19,290.22,290.14,290.17,0
1605260700,290.19,290.68,290.19,290.53,0
1605261000,290.53,290.53,290.42,290.42,0
1605261300,290.43,290.5,290.39,290.5,0
1605261600,290.57,291.08,290.56,290.75,0
1605261900,290.83,291.08,290.83,291.08,0
1605262200,291,291.04,290.98,291.04,0
1605262500,290.96,290.96,290.76,290.76,0
1605262800,290.77,291.04,290.72,290.89,0
1605263100,290.76,290.85,290.73,290.75,0
1605263400,290.72,290.95,290.72,290.95,0
1605263700,290.84,290.84,290.79,290.79,0
1605264000,290.66,290.71,290.61,290.61,0
1605264300,290.55,290.7,290.55,290.6,0
1605264600,290.6,290.64,290.49,290.61,0
1605264900,290.64,290.64,290.64,290.64,0
1605265200,290.68,290.69,290.66,290.66,0
1605265500,290.71,290.72,290.7,290.72,0
1605265800,290.6,290.63,290.6,290.63,0
1605266100,290.61,290.66,290.5,290.5,0
1605266400,290.58,290.59,290.5,290.5,0
1605266700,290.45,290.51,290.44,290.48,0
1605267000,290.36,290.42,290.36,290.36,0
1605267300,290.51,290.51,290.26,290.43,0
1605267600,290.38,290.44,290.26,290.41,0
1605267900,290.44,290.52,290.43,290.5,0
1605268200,290.44,290.45,290.34,290.42,0
1605268800,290.27,290.27,290.09,290.17,0
1605269100,290.11,290.26,290.08,290.21,0
1605269400,290.19,290.33,290.16,290.33,0
1605269700,290.29,290.29,290.07,290.17,0
1605270000,290.25,290.37,290.25,290.3,0
1605270300,290.2,290.38,290.18,290.28,0
1605270600,290.24,290.4,290.24,290.4,0
1605270900,290.42,290.63,290.29,290.59,0
1605271200,290.662,290.662,290.47,290.54,0
1605271500,290.56,290.69,290.52,290.69,0
1605271800,290.68,290.68,290.47,290.47,0
1605272100,290.48,290.56,290.46,290.52,0
1605272400,290.4,290.42,290.09,290.14,0
1605272700,290.13,290.26,289.95,290.05,0
1605273000,290.03,290.05,289.99,290,0
1605273300,290.6399,290.6499,289.48,290.28,0
1605273600,290.17,290.37,290.17,290.24,0
1605273900,290.2,290.3,290.17,290.25,0
1605274200,290.2,290.34,290.15,290.15,0
1605274500,290.18,290.25,290.05,290.19,0
1605274800,290.22,290.45,290.22,290.34,0
1605275100,290.32,290.57,290.32,290.34,0
1605275400,290.34,290.36,290.21,290.35,0
1605275700,290.39,290.39,290.15,290.17,0
1605276000,290.21,290.3,288.4,290.23,0
1605276300,290.23,290.29,290.17,290.29,0
1605276600,290.24,290.28,290.07,290.24,0
1605276900,290.24,290.3,290.15,290.24,0
1605277200,290.19,290.24,290,290.1099,0
1605277500,290.1,290.1995,290.09,290.12,0
1605277800,290.2900085449219,290.4100036621094,289.6700134277344,289.9800109863281,1524046
1605278100,289.989990234375,290.7298889160156,289.55999755859375,290.5400085449219,646539
1605278400,290.54998779296875,290.8399963378906,290.29998779296875,290.4825134277344,527696
1605278700,290.5,290.75,289.8599853515625,290.1000061035156,519939
1605279000,290.1000061035156,290.3999938964844,289.79998779296875,290.2950134277344,414087
1605279300,290.2900085449219,290.6099853515625,289.8399963378906,289.86639404296875,381520
1605279600,289.82000732421875,289.9599914550781,289.29998779296875,289.3700866699219,560302
1605279900,289.3999938964844,289.7799987792969,289.1700134277344,289.25,445455
1605280200,289.2099914550781,289.3299865722656,288.80999755859375,289.1400146484375,440839
1605280500,289.14190673828125,289.3674011230469,288.6000061035156,289,424745
1605280800,289,289.2699890136719,288.94000244140625,289.14581298828125,272172
1605281100,289.1099853515625,289.6499938964844,289.0299987792969,289.52099609375,370414
1605281400,289.54998779296875,289.54998779296875,288.8999938964844,288.9800109863281,257441
1605281700,288.9599914550781,289.0299987792969,288.4599914550781,288.57000732421875,346147
1605282000,288.5299987792969,288.9599914550781,288.4100036621094,288.95001220703125,318008
1605282300,288.95001220703125,289.1400146484375,288.6600036621094,289.1400146484375,300260
1605282600,289.1400146484375,289.2200012207031,288.5199890136719,288.6700134277344,249732
1605282900,288.70001220703125,288.7200012207031,287.8700866699219,288.2699890136719,435711
1605283200,288.29998779296875,288.7489929199219,288.2850036621094,288.7018127441406,319542
1605283500,288.7300109863281,289.1600036621094,288.5799865722656,288.9627990722656,247181
1605283800,288.9617919921875,288.989990234375,288.6199951171875,288.77178955078125,250823
1605284100,288.7799987792969,289.5,288.7799987792969,289.2699890136719,261015
1605284400,289.2799987792969,289.3900146484375,289.1400146484375,289.32000732421875,236593
1605284700,289.3299865722656,289.44000244140625,288.92999267578125,288.9700012207031,427194
1605285000,288.9599914550781,289.07000732421875,288.5899963378906,288.6499938964844,326426
1605285300,288.6300048828125,289.010009765625,288.55999755859375,288.80999755859375,158870
1605285600,288.8080139160156,289.3399963378906,288.8080139160156,289.19000244140625,320958
1605285900,289.2099914550781,289.4599914550781,289.1499938964844,289.45001220703125,163253
1605286200,289.45001220703125,289.5899963378906,289.3500061035156,289.45001220703125,309015
1605286500,289.4800109863281,289.8900146484375,289.4599914550781,289.6400146484375,268476
1605286800,289.6650085449219,289.8500061035156,289.6099853515625,289.67999267578125,159642
1605287100,289.71099853515625,289.7771911621094,289.510009765625,289.5950012207031,125662
1605287400,289.6000061035156,289.989990234375,289.5899963378906,289.7799987792969,184802
1605287700,289.7799987792969,289.8399963378906,289.55999755859375,289.7200012207031,160208
1605288000,289.70001220703125,289.7300109863281,289.44500732421875,289.54998779296875,95889
1605288300,289.55999755859375,289.8900146484375,289.55999755859375,289.7149963378906,110534
1605288600,289.739990234375,289.7699890136719,289.5716857910156,289.6499938964844,113902
1605288900,289.6571960449219,289.8290100097656,289.5517883300781,289.8290100097656,86131
1605289200,289.8193054199219,290.1199951171875,289.8193054199219,290,158946
1605289500,289.989990234375,290.1600036621094,289.8485107421875,290.1300048828125,218413
1605289800,290.1099853515625,290.1600036621094,289.9700012207031,290,187562
1605290100,289.989990234375,290.2650146484375,289.989990234375,290.2432861328125,129870
1605290400,290.2565002441406,290.3399963378906,290.1099853515625,290.1896057128906,176518
1605290700,290.2099914550781,290.25,290.0799865722656,290.1300048828125,200248
1605291000,290.1400146484375,290.2200012207031,289.9200134277344,290.04998779296875,264959
1605291300,290.05999755859375,290.1700134277344,289.94500732421875,290.0950012207031,163046
1605291600,290.0899963378906,290.2149963378906,289.7900085449219,289.9100036621094,211240
1605291900,289.912109375,290.2200012207031,289.8299865722656,289.8699951171875,165627
1605292200,289.8699951171875,289.9599914550781,289.6499938964844,289.6907043457031,161838
1605292500,289.70001220703125,289.7099914550781,289.5,289.5111083984375,148107
1605292800,289.510009765625,289.5400085449219,289.364990234375,289.45001220703125,253753
1605293100,289.468994140625,289.67999267578125,289.3299865722656,289.45001220703125,243022
1605293400,289.4599914550781,289.5799865722656,289.3450012207031,289.3699951171875,130805
1605293700,289.3599853515625,289.5299987792969,289.2799987792969,289.3900146484375,118348
1605294000,289.3800048828125,289.739990234375,289.3399963378906,289.5899963378906,210580
1605294300,289.5899963378906,289.7900085449219,289.4200134277344,289.5400085449219,169665
1605294600,289.57000732421875,289.5799865722656,289.07000732421875,289.20001220703125,220739
1605294900,289.2090148925781,289.5299072265625,289,289.5299072265625,311181
1605295200,289.5299987792969,290.1700134277344,289.5299987792969,289.989990234375,206404
1605295500,289.9700012207031,289.989990234375,289.7619934082031,289.8299865722656,114175
1605295800,289.8728942871094,289.9200134277344,289.6700134277344,289.6719970703125,146555
1605296100,289.67498779296875,290.0639953613281,289.67498779296875,290,131603
1605296400,290.010009765625,290.1000061035156,289.8599853515625,289.9200134277344,169959
1605296700,289.9800109863281,290.04998779296875,289.8299865722656,289.8699951171875,114361
1605297000,289.8599853515625,290.07000732421875,289.8399963378906,290.0400085449219,155625
1605297300,290.0299987792969,290.44989013671875,290.0299987792969,290.3299865722656,291944
1605297600,290.30999755859375,290.44000244140625,290.1099853515625,290.260009765625,207757
1605297900,290.2699890136719,290.385009765625,290.20001220703125,290.2900085449219,144344
1605298200,290.2998046875,290.3599853515625,290.05999755859375,290.3399963378906,191750
1605298500,290.3299865722656,290.42999267578125,289.9100036621094,290.260009765625,441558
1605298800,290.260009765625,290.55999755859375,290.1509094238281,290.52880859375,238701
1605299100,290.5400085449219,290.7699890136719,290.5,290.6499938964844,340577
1605299400,290.6700134277344,291.17999267578125,290.5799865722656,290.9800109863281,460503
1605299700,290.9800109863281,291.29998779296875,290.8999938964844,291.1401062011719,372052
1605300000,291.1449890136719,291.54998779296875,291.1000061035156,291.4599914550781,636883
1605300300,291.4599914550781,291.57000732421875,291.07000732421875,291.1050109863281,593077
1605300600,291.1199951171875,291.3500061035156,290.94000244140625,290.95001220703125,682401
1605300900,290.9599914550781,291.3349914550781,290.8500061035156,291.07000732421875,950730
1605301200,291.08,291.09,290.92,290.93,204686
1605302100,291.09,291.3,290.86,291.19,0
1605302400,291.24,291.43,288.3496,291.4,0
1605302700,291.42,291.44,291.25,291.41,0
1605303000,291.41,291.41,291.25,291.38,0
1605303300,291.33,291.38,290.77,291.31,0
1605303600,291.33,291.38,290.93,291.27,0
1605303900,291.27,291.35,291.191,291.35,0
1605304200,291.36,291.4,291.29,291.31,0
1605304500,291.39,291.4,290.6032,291.32,0
1605304800,291.36,291.4,291.33,291.37,0
1605305100,291.36,291.41,291.34,291.39,0
1605305400,291.4,291.4,291.31,291.38,0
1605305700,291.31,291.39,291.3,291.3,0
1605306000,291.31,291.4,291.3,291.3,0
1605306300,291.36,291.37,291.3,291.34,0
1605306600,291.34,291.4,291.3301,291.4,0
1605306900,291.4,291.4,291.33,291.33,0
1605307200,291.34,291.34,291.34,291.34,0
1605307500,291.34,291.42,291.34,291.35,0
1605307800,291.35,291.35,291.34,291.34,0
1605308100,291.3,291.32,291.29,291.29,0
1605308400,291.29,291.36,291.28,291.35,0
1605308700,291.33,291.33,291.28,291.33,0
1605309000,291.33,291.33,291.29,291.29,0
1605309300,291.33,291.33,291.33,291.33,0
1605309600,291.33,291.34,290.93,291.34,0
1605309900,291.29,291.29,291.29,291.29,0
1605310200,291.33,291.33,291.33,291.33,0
1605310500,291.29,291.34,291.29,291.32,0
1605310800,291.32,291.32,291.2,291.2,0
1605311100,291.2,291.2,291.2,291.2,0
1605311400,291.12,291.12,291.12,291.12,0
1605311700,291.26,291.32,291.24,291.24,0
1605312000,291.25,291.3,291.25,291.28,0
1605312300,291.3,291.3,291.3,291.3,0
1605312600,291.24,291.35,291.24,291.35,0
1605312900,291.29,291.36,291.28,291.36,0
1605313200,291.35,291.36,291.34,291.34,0
1605313500,291.34,291.34,291.34,291.34,0
1605313800,291.31,291.36,291.28,291.36,0
1605314100,291.33,291.33,291.26,291.31,0
1605314400,291.31,291.31,291.31,291.31,0
1605314700,291.31,291.31,291.31,291.31,0
1605315000,291.25,291.25,291.1,291.1,0
1605315300,291.19,291.19,291.16,291.19,0
