Date,Open,High,Low,Close,Volume
1605259200,1,1,0.95,0.95,0
1605259500,0.99,0.99,0.99,0.99,0
1605260100,1,1,0.95,0.95,0
1605261000,0.951,0.951,0.951,0.951,0
1605264000,0.9703,0.9703,0.9703,0.9703,0
1605270600,0.98,0.98,0.98,0.98,0
1605271800,0.98,0.98,0.98,0.98,0
1605272400,0.99,0.99,0.98,0.98,0
1605273000,0.985,0.985,0.985,0.985,0
1605273300,1,1,0.98,0.985,0
1605273600,0.987,0.987,0.987,0.987,0
1605273900,0.9899,0.99,0.9899,0.99,0
1605274200,0.99,0.99,0.989,0.989,0
1605274500,0.99,0.99,0.9891,0.9891,0
1605274800,0.99,0.99,0.99,0.99,0
1605275400,0.9891,0.9891,0.9891,0.9891,0
1605275700,0.9899,0.99,0.9899,0.99,0
1605276000,0.9939,0.9939,0.9939,0.9939,0
1605276600,0.989,0.989,0.986,0.986,0
1605276900,0.9931,0.9931,0.99,0.99,0
1605277200,0.993,0.9931,0.99,0.99,0
1605277500,0.9928,0.9928,0.9928,0.9928,0
1605277800,0.9908999800682068,1.0099999904632568,0.9900000095367432,1.0099999904632568,450060
1605278100,1.0082000494003296,1.0099999904632568,0.9901999831199646,0.993399977684021,291898
1605278400,0.993399977684021,1.0099999904632568,0.993399977684021,1.0038000345230103,294502
1605278700,1.0099999904632568,1.0099999904632568,1,1,77127
1605279000,1,1.0099999904632568,1,1.0013999938964844,103077
1605279300,1.0049999952316284,1.0099999904632568,1,1,87004
1605279600,1.0049999952316284,1.0099999904632568,1,1.0049999952316284,96777
1605279900,1.0049999952316284,1.0099999904632568,1,1.0099999904632568,102065
1605280200,1.0049999952316284,1.0299999713897705,1,1.0199999809265137,534857
1605280500,1.0198999643325806,1.0199999809265137,1.0099999904632568,1.0099999904632568,104123
1605280800,1.0149999856948853,1.0199999809265137,1.0099999904632568,1.0149999856948853,50496
1605281100,1.0149999856948853,1.0199999809265137,1,1.0199999809265137,409266
1605281400,1.017799973487854,1.0199999809265137,1.0099999904632568,1.0199999809265137,44334
1605281700,1.0149999856948853,1.0199999809265137,1.0099999904632568,1.0099999904632568,98323
1605282000,1.0149999856948853,1.0199999809265137,1.0099999904632568,1.0149999856948853,30806
1605282300,1.0199999809265137,1.0199999809265137,1.0099999904632568,1.0099999904632568,56148
1605282600,1.01010000705719,1.0199999809265137,1.0099999904632568,1.0099999904632568,42056
1605282900,1.0149999856948853,1.0199999809265137,1.0099999904632568,1.0149999856948853,26244
1605283200,1.0149999856948853,1.0185999870300293,1.0099999904632568,1.0099999904632568,97360
1605283500,1.0149999856948853,1.0149999856948853,1,1.0082000494003296,363830
1605283800,1,1.0099999904632568,1,1.0049999952316284,43557
1605284100,1.0049999952316284,1.0099999904632568,1,1.0049999952316284,120623
1605284400,1.0099999904632568,1.0099999904632568,1,1.0049999952316284,55356
1605284700,1.0099999904632568,1.0099999904632568,1,1.0099999904632568,37328
1605285000,1.0099999904632568,1.0099999904632568,1,1.0099999904632568,84463
1605285300,1.0049999952316284,1.0099999904632568,1,1.0049999952316284,56944
1605285600,1.0099999904632568,1.0099999904632568,1,1.0049999952316284,84666
1605285900,1.0049999952316284,1.0099999904632568,1,1.0099999904632568,49762
1605286200,1.0049999952316284,1.0099999904632568,1,1.0099999904632568,45463
1605286500,1.0099999904632568,1.0099999904632568,1,1.0099999904632568,34749
1605286800,1.0099999904632568,1.0099999904632568,1,1.0049999952316284,131191
1605287100,1.0049999952316284,1.0099999904632568,1,1.0099999904632568,37172
1605287400,1.0017000436782837,1.0099999904632568,1,1.003600001335144,56493
1605287700,1.0075000524520874,1.0099999904632568,1,1.0099999904632568,37016
1605288000,1.0049999952316284,1.0099999904632568,1,1.0017999410629272,32747
1605288300,1.0049999952316284,1.0099999904632568,1,1.0049999952316284,49143
1605288600,1.0099999904632568,1.0099999904632568,1,1.0099999904632568,34169
1605288900,1,1.0099999904632568,1,1.0049999952316284,40055
1605289200,1.0049999952316284,1.0099999904632568,1,1.0049999952316284,48104
1605289500,1.0099999904632568,1.0099999904632568,1,1.0099999904632568,77885
1605289800,1.0075000524520874,1.0099999904632568,1,1.0049999952316284,89654
1605290100,1,1.0099999904632568,1,1.0099999904632568,76380
1605290400,1.0099999904632568,1.0099999904632568,1.0019999742507935,1.0099999904632568,36385
1605290700,1.0099999904632568,1.0099999904632568,1,1.0049999952316284,229501
1605291000,1.0099999904632568,1.0099999904632568,1.0013999938964844,1.0049999952316284,28248
1605291300,1.0099999904632568,1.0099999904632568,1,1.0049999952316284,50570
1605291600,1.0099999904632568,1.0099999904632568,1,1.0099999904632568,54376
1605291900,1.0099999904632568,1.0099999904632568,1.0019999742507935,1.0082000494003296,37599
1605292200,1.0049999952316284,1.0099999904632568,1,1,23706
1605292500,1.0099999904632568,1.0199999809265137,1,1.0149999856948853,271610
1605292800,1.0124000310897827,1.0399999618530273,1.0124000310897827,1.0399999618530273,748844
1605293100,1.0399999618530273,1.0499999523162842,1.034999966621399,1.0449999570846558,762454
1605293400,1.0449999570846558,1.0499999523162842,1.0399999618530273,1.0410000085830688,344485
1605293700,1.0449999570846558,1.0499999523162842,1.0399999618530273,1.0499999523162842,112682
1605294000,1.0499999523162842,1.0499999523162842,1.0399999618530273,1.0449999570846558,58241
1605294300,1.0449999570846558,1.0499999523162842,1.0399999618530273,1.0429999828338623,78856
1605294600,1.0449999570846558,1.0499999523162842,1.0399999618530273,1.0499999523162842,64927
1605294900,1.0499999523162842,1.0499999523162842,1.0399999618530273,1.0449999570846558,67697
1605295200,1.0480999946594238,1.0499999523162842,1.0399999618530273,1.0470000505447388,15747
1605295500,1.0499999523162842,1.059999942779541,1.0399999618530273,1.0499999523162842,627154
1605295800,1.0549999475479126,1.059999942779541,1.0499999523162842,1.0499999523162842,623655
1605296100,1.0580999851226807,1.059999942779541,1.0499999523162842,1.0499999523162842,53360
1605296400,1.0500999689102173,1.059999942779541,1.0499999523162842,1.059999942779541,670064
1605296700,1.059999942779541,1.059999942779541,1.0499999523162842,1.0499999523162842,236566
1605297000,1.0549999475479126,1.059999942779541,1.0499999523162842,1.059999942779541,94498
1605297300,1.0592999458312988,1.0700000524520874,1.0499999523162842,1.065000057220459,325023
1605297600,1.0652999877929688,1.0700000524520874,1.059999942779541,1.065000057220459,169163
1605297900,1.06850004196167,1.0700000524520874,1.059999942779541,1.065000057220459,87089
1605298200,1.065000057220459,1.0700000524520874,1.059999942779541,1.065000057220459,263938
1605298500,1.059999942779541,1.0700000524520874,1.059999942779541,1.059999942779541,301048
1605298800,1.065000057220459,1.0700000524520874,1.059999942779541,1.059999942779541,118665
1605299100,1.059999942779541,1.0700000524520874,1.059999942779541,1.065000057220459,339184
1605299400,1.059999942779541,1.090000033378601,1.059999942779541,1.089900016784668,2114220
1605299700,1.080199956893921,1.1200000047683716,1.0800000429153442,1.0950000286102295,2855615
1605300000,1.0950000286102295,1.1100000143051147,1.090000033378601,1.0950000286102295,1559360
1605300300,1.0950000286102295,1.100000023841858,1.0800000429153442,1.0850000381469727,517174
1605300600,1.0850000381469727,1.090000033378601,1.0800000429153442,1.0850000381469727,251014
1605300900,1.0800000429153442,1.0850000381469727,1.0700000524520874,1.0700000524520874,711592
1605301200,1.07,1.08,1.07,1.08,835837
1605302100,1.07,1.08,1.05,1.05,0
1605302400,1.05,1.06,1.05,1.06,0
1605302700,1.06,1.06,1.06,1.06,0
1605303000,1.07,1.07,1.07,1.07,0
1605303600,1.06,1.07,1.06,1.06,0
1605303900,1.06,1.07,1.06,1.07,0
1605304500,1.07,1.07,1.06,1.06,0
1605305100,1.07,1.07,1.07,1.07,0
1605305400,1.06,1.07,1.06,1.07,0
1605305700,1.07,1.07,1.05,1.05,0
1605306000,1.06,1.06,1.06,1.06,0
1605306600,1.06,1.06,1.06,1.06,0
1605306900,1.0698,1.0698,1.05,1.05,0
1605307200,1.0698,1.0698,1.0698,1.0698,0
1605307500,1.05,1.07,1.05,1.07,0
1605307800,1.07,1.07,1.07,1.07,0
1605308700,1.07,1.07,1.07,1.07,0
1605309000,1.07,1.07,1.07,1.07,0
1605310500,1.07,1.07,1.07,1.07,0
1605311100,1.07,1.07,1.07,1.07,0
1605311700,1.07,1.07,1.07,1.07,0
1605312000,1.08,1.08,1.08,1.08,0
1605313200,1.07,1.07,1.07,1.07,0
1605314700,1.07,1.07,1.07,1.07,0
1605315300,1.08,1.08,1.08,1.08,0
