Date,Open,High,Low,Close,Volume
1605274500,6.12,6.12,6.12,6.12,0
1605275400,6.12,6.12,6.12,6.12,0
1605276000,6.1299,6.13,6.1299,6.13,0
1605276600,6.13,6.13,6.13,6.13,0
1605277800,6.150000095367432,6.186600208282471,6.139999866485596,6.182499885559082,554136
1605278100,6.184999942779541,6.21999979019165,6.164999961853027,6.203999996185303,762176
1605278400,6.204999923706055,6.21999979019165,6.190000057220459,6.215000152587891,253936
1605278700,6.210000038146973,6.230000019073486,6.210000038146973,6.224999904632568,181814
1605279000,6.225599765777588,6.230000019073486,6.199999809265137,6.204999923706055,228031
1605279300,6.210000038146973,6.21999979019165,6.199999809265137,6.215000152587891,107587
1605279600,6.218999862670898,6.21999979019165,6.199999809265137,6.210000038146973,189162
1605279900,6.210000038146973,6.21999979019165,6.190000057220459,6.215000152587891,266467
1605280200,6.218999862670898,6.21999979019165,6.199999809265137,6.199999809265137,160747
1605280500,6.204999923706055,6.204999923706055,6.179999828338623,6.184999942779541,315615
1605280800,6.184999942779541,6.199999809265137,6.184999942779541,6.198999881744385,125940
1605281100,6.195000171661377,6.199999809265137,6.194699764251709,6.195000171661377,51729
1605281400,6.195000171661377,6.210000038146973,6.190000057220459,6.204999923706055,289414
1605281700,6.210000038146973,6.210000038146973,6.199999809265137,6.210000038146973,110596
1605282000,6.199999809265137,6.21999979019165,6.199999809265137,6.210000038146973,155025
1605282300,6.210000038146973,6.21999979019165,6.210000038146973,6.215000152587891,157340
1605282600,6.21999979019165,6.21999979019165,6.210000038146973,6.215000152587891,102666
1605282900,6.21999979019165,6.21999979019165,6.210000038146973,6.21999979019165,49185
1605283200,6.21999979019165,6.239999771118164,6.211999893188477,6.235000133514404,360504
1605283500,6.235000133514404,6.239999771118164,6.230000019073486,6.239999771118164,74997
1605283800,6.235000133514404,6.239999771118164,6.230000019073486,6.235000133514404,72218
1605284100,6.235000133514404,6.239999771118164,6.230000019073486,6.230000019073486,110270
1605284400,6.239999771118164,6.25,6.230000019073486,6.244999885559082,146758
1605284700,6.244999885559082,6.25,6.230000019073486,6.230000019073486,149874
1605285000,6.235000133514404,6.239999771118164,6.230000019073486,6.235000133514404,57948
1605285300,6.235000133514404,6.239999771118164,6.21999979019165,6.230000019073486,193386
1605285600,6.230000019073486,6.239999771118164,6.21999979019165,6.239999771118164,181541
1605285900,6.239999771118164,6.239999771118164,6.230000019073486,6.239999771118164,49746
1605286200,6.235000133514404,6.239999771118164,6.230100154876709,6.235000133514404,102702
1605286500,6.235000133514404,6.239999771118164,6.230000019073486,6.239999771118164,60779
1605286800,6.239999771118164,6.239999771118164,6.230000019073486,6.235000133514404,35073
1605287100,6.235000133514404,6.239999771118164,6.230000019073486,6.230000019073486,62570
1605287400,6.235000133514404,6.239999771118164,6.230000019073486,6.235000133514404,84183
1605287700,6.235000133514404,6.239999771118164,6.230000019073486,6.239999771118164,141361
1605288000,6.239999771118164,6.239999771118164,6.230000019073486,6.235000133514404,61007
1605288300,6.235000133514404,6.239999771118164,6.232600212097168,6.235000133514404,95303
1605288600,6.235000133514404,6.239999771118164,6.230000019073486,6.235000133514404,210822
1605288900,6.23199987411499,6.25,6.230000019073486,6.25,150422
1605289200,6.244999885559082,6.25,6.239999771118164,6.244999885559082,63987
1605289500,6.244999885559082,6.25,6.239999771118164,6.244999885559082,51980
1605289800,6.244999885559082,6.25,6.239999771118164,6.244999885559082,123281
1605290100,6.244999885559082,6.25,6.239999771118164,6.244999885559082,176464
1605290400,6.25,6.25,6.239999771118164,6.244999885559082,55850
1605290700,6.244999885559082,6.25,6.239999771118164,6.25,84572
1605291000,6.25,6.25,6.239999771118164,6.25,183991
1605291300,6.244999885559082,6.25,6.239999771118164,6.244999885559082,143239
1605291600,6.244999885559082,6.25,6.239999771118164,6.244999885559082,167694
1605291900,6.244999885559082,6.269999980926514,6.244999885559082,6.255000114440918,386440
1605292200,6.255000114440918,6.260000228881836,6.25,6.255000114440918,392487
1605292500,6.255000114440918,6.260000228881836,6.25,6.255000114440918,141651
1605292800,6.255000114440918,6.28000020980835,6.25,6.269999980926514,724712
1605293100,6.269999980926514,6.28000020980835,6.2600998878479,6.275000095367432,197171
1605293400,6.28000020980835,6.28000020980835,6.264999866485596,6.264999866485596,322705
1605293700,6.26200008392334,6.269999980926514,6.260000228881836,6.264999866485596,47146
1605294000,6.264999866485596,6.28000020980835,6.260000228881836,6.275000095367432,570487
1605294300,6.275000095367432,6.289999961853027,6.269999980926514,6.275000095367432,380912
1605294600,6.273200035095215,6.275000095367432,6.260000228881836,6.260000228881836,248994
1605294900,6.2600998878479,6.269999980926514,6.25,6.264999866485596,455894
1605295200,6.264999866485596,6.28000020980835,6.260000228881836,6.269999980926514,324686
1605295500,6.275000095367432,6.275000095367432,6.260000228881836,6.260000228881836,93582
1605295800,6.264999866485596,6.269999980926514,6.260000228881836,6.260000228881836,134457
1605296100,6.260000228881836,6.269999980926514,6.260000228881836,6.269999980926514,181985
1605296400,6.26200008392334,6.269999980926514,6.260000228881836,6.269999980926514,153331
1605296700,6.264999866485596,6.269999980926514,6.260000228881836,6.269999980926514,110374
1605297000,6.264999866485596,6.269999980926514,6.260000228881836,6.264999866485596,185395
1605297300,6.264999866485596,6.269999980926514,6.260000228881836,6.264999866485596,193819
1605297600,6.264999866485596,6.28000020980835,6.260000228881836,6.260000228881836,399371
1605297900,6.264999866485596,6.269999980926514,6.260000228881836,6.260000228881836,419803
1605298200,6.264999866485596,6.269999980926514,6.260000228881836,6.264999866485596,199840
1605298500,6.264999866485596,6.269999980926514,6.260000228881836,6.269999980926514,258392
1605298800,6.269999980926514,6.289999961853027,6.264999866485596,6.284999847412109,374174
1605299100,6.284999847412109,6.289999961853027,6.269999980926514,6.275000095367432,424963
1605299400,6.275000095367432,6.289999961853027,6.269999980926514,6.289999961853027,384803
1605299700,6.28000020980835,6.289999961853027,6.28000020980835,6.284999847412109,335745
1605300000,6.28000020980835,6.284999847412109,6.260000228881836,6.264999866485596,855904
1605300300,6.269999980926514,6.28000020980835,6.263000011444092,6.275000095367432,545801
1605300600,6.269999980926514,6.28000020980835,6.260000228881836,6.264999866485596,1152877
1605300900,6.264999866485596,6.269999980926514,6.260000228881836,6.269999980926514,957557
1605301200,6.27,6.27,6.27,6.27,688726
1605302100,6.27,6.27,6.24,6.24,0
1605302400,6.27,6.27,6.2599,6.2599,0
1605303900,6.27,6.27,6.27,6.27,0
1605305100,6.23,6.26,6.23,6.26,0
1605307500,6.26,6.26,6.26,6.26,0
1605314100,6.26,6.26,6.26,6.26,0
