Date,Open,High,Low,Close,Volume
1605258900,22.56,22.56,22.56,22.56,0
1605260400,22.55,22.55,22.55,22.55,0
1605260700,22.58,22.58,22.58,22.58,0
1605261300,22.57,22.59,22.57,22.59,0
1605262200,22.61,22.63,22.61,22.63,0
1605262500,22.62,22.62,22.62,22.62,0
1605264000,22.61,22.61,22.59,22.59,0
1605265200,22.63,22.63,22.63,22.63,0
1605266400,22.58,22.58,22.58,22.58,0
1605267000,22.6,22.6,22.6,22.6,0
1605268200,22.53,22.53,22.53,22.53,0
1605269700,22.57,22.58,22.55,22.55,0
1605270000,22.56,22.59,22.56,22.59,0
1605270300,22.6,22.61,22.6,22.61,0
1605270600,22.62,22.69,22.62,22.67,0
1605270900,22.67,22.68,22.67,22.68,0
1605271200,22.67,22.67,22.67,22.67,0
1605271800,22.66,22.66,22.66,22.66,0
1605272100,22.67,22.67,22.67,22.67,0
1605272400,22.67,22.67,22.66,22.66,0
1605272700,22.66,22.68,22.66,22.68,0
1605273000,22.68,22.68,22.68,22.68,0
1605273300,22.6899,22.94,22.54,22.93,0
1605273600,22.93,23,22.93,22.95,0
1605273900,22.96,22.96,22.89,22.9499,0
1605274200,22.94,22.96,22.93,22.96,0
1605274500,22.96,23,22.96,22.96,0
1605274800,22.98,22.98,22.95,22.96,0
1605275100,22.96,23,22.96,22.97,0
1605275400,22.98,23,22.97,23,0
1605275700,23,23.03,22.98,22.98,0
1605276000,22.97,22.9801,22.95,22.98,0
1605276300,22.97,23.02,22.97,23,0
1605276600,23,23.03,22.98,23,0
1605276900,23.02,23.05,23,23.04,0
1605277200,23.04,23.04,23,23.01,0
1605277500,22.9901,23.0299,22.99,23.0101,0
1605277800,23.040000915527344,23.049999237060547,22.97010040283203,22.981000900268555,1573326
1605278100,22.989999771118164,23.020000457763672,22.959800720214844,23.010000228881836,317810
1605278400,23.0049991607666,23.079999923706055,23.0049991607666,23.05500030517578,740179
1605278700,23.059999465942383,23.084999084472656,23.030000686645508,23.031700134277344,264014
1605279000,23.033000946044922,23.049999237060547,22.979999542236328,22.9950008392334,504443
1605279300,23,23.0049991607666,22.96109962463379,22.985000610351562,343662
1605279600,22.985000610351562,23.0049991607666,22.950000762939453,23,196746
1605279900,22.990999221801758,23.036699295043945,22.989999771118164,23.018999099731445,279461
1605280200,23.010000228881836,23.010000228881836,22.899999618530273,22.950000762939453,361629
1605280500,22.950000762939453,22.969999313354492,22.93000030517578,22.940000534057617,168400
1605280800,22.93000030517578,22.950000762939453,22.899999618530273,22.905000686645508,135530
1605281100,22.90999984741211,22.958900451660156,22.899999618530273,22.93000030517578,181203
1605281400,22.93000030517578,22.940000534057617,22.899999618530273,22.90999984741211,135017
1605281700,22.90999984741211,22.940000534057617,22.89109992980957,22.899999618530273,308604
1605282000,22.895000457763672,22.950000762939453,22.893400192260742,22.93000030517578,208045
1605282300,22.93000030517578,22.989999771118164,22.93000030517578,22.979999542236328,116254
1605282600,22.981800079345703,22.989900588989258,22.959999084472656,22.959999084472656,93249
1605282900,22.96500015258789,22.9689998626709,22.925800323486328,22.94499969482422,98679
1605283200,22.950000762939453,22.979999542236328,22.950000762939453,22.979999542236328,74090
1605283500,22.989999771118164,23.024999618530273,22.975000381469727,22.9950008392334,499914
1605283800,22.9950008392334,23,22.96500015258789,22.96500015258789,100955
1605284100,22.969999313354492,22.989999771118164,22.959999084472656,22.96500015258789,288391
1605284400,22.959999084472656,22.969999313354492,22.940000534057617,22.954999923706055,290489
1605284700,22.950000762939453,22.96500015258789,22.93000030517578,22.93000030517578,222303
1605285000,22.93000030517578,22.940000534057617,22.91010093688965,22.911300659179688,139079
1605285300,22.90999984741211,22.93000030517578,22.90999984741211,22.929899215698242,349209
1605285600,22.929899215698242,22.940099716186523,22.920000076293945,22.93000030517578,329970
1605285900,22.940000534057617,22.940000534057617,22.915000915527344,22.924999237060547,69963
1605286200,22.920000076293945,22.93000030517578,22.90999984741211,22.915000915527344,89710
1605286500,22.913299560546875,22.939899444580078,22.912500381469727,22.93000030517578,57022
1605286800,22.93000030517578,22.946699142456055,22.93000030517578,22.93000030517578,46932
1605287100,22.934999465942383,22.959999084472656,22.934999465942383,22.959999084472656,54060
1605287400,22.958900451660156,22.969999313354492,22.950000762939453,22.950000762939453,80724
1605287700,22.950000762939453,22.959999084472656,22.940000534057617,22.949600219726562,50885
1605288000,22.940000534057617,22.950000762939453,22.938899993896484,22.94809913635254,59433
1605288300,22.94890022277832,22.959999084472656,22.94700050354004,22.95009994506836,90681
1605288600,22.950000762939453,22.959999084472656,22.94499969482422,22.959999084472656,62028
1605288900,22.954999923706055,22.96500015258789,22.947900772094727,22.96500015258789,208950
1605289200,22.966999053955078,22.989999771118164,22.960100173950195,22.976699829101562,141339
1605289500,22.979999542236328,22.979999542236328,22.924999237060547,22.940000534057617,187712
1605289800,22.940000534057617,22.979999542236328,22.940000534057617,22.979999542236328,346866
1605290100,22.969999313354492,22.989999771118164,22.969999313354492,22.98889923095703,60852
1605290400,22.979999542236328,22.989999771118164,22.95400047302246,22.959999084472656,194535
1605290700,22.959999084472656,22.959999084472656,22.940000534057617,22.950000762939453,48454
1605291000,22.950000762939453,22.959999084472656,22.940000534057617,22.94499969482422,82249
1605291300,22.950000762939453,22.979999542236328,22.94499969482422,22.979999542236328,40213
1605291600,22.979999542236328,22.979999542236328,22.950000762939453,22.950000762939453,148230
1605291900,22.95709991455078,22.96769905090332,22.934999465942383,22.950000762939453,39344
1605292200,22.950000762939453,22.954999923706055,22.940000534057617,22.94499969482422,39009
1605292500,22.950000762939453,22.950000762939453,22.915000915527344,22.920000076293945,84510
1605292800,22.91990089416504,22.927900314331055,22.90999984741211,22.910999298095703,89570
1605293100,22.915000915527344,22.940000534057617,22.89299964904785,22.89299964904785,117426
1605293400,22.895000457763672,22.899999618530273,22.8799991607666,22.893299102783203,278050
1605293700,22.898099899291992,22.90999984741211,22.885000228881836,22.905000686645508,66269
1605294000,22.90999984741211,22.92889976501465,22.899999618530273,22.904499053955078,178472
1605294300,22.90999984741211,22.92889976501465,22.905000686645508,22.920000076293945,50582
1605294600,22.910999298095703,22.920000076293945,22.90999984741211,22.920000076293945,27234
1605294900,22.915000915527344,22.920000076293945,22.899999618530273,22.920000076293945,71991
1605295200,22.920000076293945,22.93000030517578,22.90999984741211,22.912799835205078,153919
1605295500,22.912799835205078,22.912799835205078,22.889999389648438,22.905000686645508,273371
1605295800,22.90999984741211,22.91990089416504,22.89299964904785,22.895000457763672,92452
1605296100,22.895000457763672,22.90999984741211,22.89430046081543,22.902799606323242,53840
1605296400,22.906400680541992,22.90999984741211,22.899999618530273,22.905000686645508,33738
1605296700,22.90999984741211,22.920000076293945,22.899999618530273,22.912799835205078,48194
1605297000,22.915000915527344,22.93000030517578,22.90999984741211,22.93000030517578,188977
1605297300,22.924999237060547,22.940000534057617,22.900299072265625,22.934999465942383,239111
1605297600,22.93000030517578,22.934999465942383,22.90999984741211,22.921600341796875,185919
1605297900,22.920000076293945,22.93000030517578,22.90999984741211,22.924999237060547,53900
1605298200,22.920000076293945,22.924999237060547,22.90999984741211,22.920000076293945,113411
1605298500,22.920000076293945,22.920000076293945,22.899999618530273,22.90999984741211,75032
1605298800,22.909000396728516,22.90999984741211,22.899999618530273,22.905000686645508,40638
1605299100,22.905000686645508,22.91900062561035,22.899999618530273,22.91900062561035,147628
1605299400,22.915000915527344,22.93000030517578,22.90999984741211,22.912799835205078,160895
1605299700,22.90999984741211,22.918100357055664,22.899999618530273,22.905000686645508,80138
1605300000,22.905000686645508,22.920000076293945,22.899999618530273,22.915000915527344,147031
1605300300,22.915000915527344,22.920000076293945,22.901100158691406,22.920000076293945,253689
1605300600,22.920000076293945,22.93000030517578,22.899999618530273,22.909000396728516,664758
1605300900,22.905000686645508,22.93000030517578,22.899999618530273,22.90999984741211,655738
1605301200,22.9,22.9,22.9,22.9,121881
1605302100,22.92,22.92,22.89,22.9,0
1605302400,22.91,22.91,22.9,22.9,0
1605302700,22.91,22.91,22.91,22.91,0
1605303000,22.9,22.9199,22.9,22.9,0
1605303300,22.9,22.91,22.9,22.91,0
1605303600,22.91,22.91,22.9,22.9001,0
1605303900,22.9,22.91,22.89,22.9,0
1605304200,22.88,22.88,22.88,22.88,0
1605304500,22.89,22.89,22.87,22.88,0
1605304800,22.9,22.92,22.9,22.92,0
1605305100,22.92,22.94,22.92,22.94,0
1605305400,22.93,22.93,22.9,22.9,0
1605305700,21.435297,21.435297,21.435297,21.435297,0
1605306900,22.94,22.94,22.93,22.93,0
1605307200,22.94,22.98,22.94,22.97,0
1605307800,22.97,22.97,22.97,22.97,0
1605308100,22.97,22.97,22.97,22.97,0
1605308400,22.97,22.97,22.97,22.97,0
1605308700,22.95,22.97,22.95,22.97,0
1605309000,22.95,22.95,22.95,22.95,0
1605309600,22.96,22.96,22.95,22.95,0
1605310200,22.93,22.93,22.93,22.93,0
1605311100,22.95,22.95,22.95,22.95,0
1605311400,22.95,22.95,22.95,22.95,0
1605311700,22.95,22.95,22.94,22.94,0
1605312000,22.94,22.94,22.94,22.94,0
1605312300,22.94,22.94,22.94,22.94,0
1605312600,22.95,22.96,22.95,22.96,0
1605312900,22.95,22.95,22.95,22.95,0
1605313500,22.96,22.96,22.96,22.96,0
1605314700,22.97,22.97,22.97,22.97,0
1605315000,22.96,22.96,22.95,22.95,0
1605315300,22.95,22.95,22.95,22.95,0
