Date,Open,High,Low,Close,Volume
1605259200,40.63,40.63,40.63,40.63,0
1605259500,40.6,40.6,40.6,40.6,0
1605260100,40.62,40.62,40.62,40.62,0
1605261300,40.77,40.77,40.77,40.77,0
1605261600,40.84,40.84,40.84,40.84,0
1605261900,40.84,40.89,40.84,40.89,0
1605263100,40.85,40.85,40.84,40.84,0
1605264600,40.9,40.93,40.9,40.93,0
1605266100,40.93,40.93,40.93,40.93,0
1605266400,40.93,40.93,40.82,40.82,0
1605268800,40.7,40.7,40.7,40.7,0
1605269400,40.69,40.69,40.69,40.69,0
1605269700,40.7,40.7,40.7,40.7,0
1605270000,40.65,40.7,40.65,40.7,0
1605270300,40.7,40.7,40.69,40.7,0
1605270600,40.7,40.88,40.65,40.88,0
1605270900,40.88,40.88,40.74,40.74,0
1605271200,40.63,40.64,40.58,40.59,0
1605271800,40.65,40.65,40.65,40.65,0
1605272400,40.74,40.74,40.73,40.73,0
1605272700,40.75,40.8,40.75,40.75,0
1605273000,40.73,40.73,40.73,40.73,0
1605273300,40.5999,40.91,40.5898,40.67,0
1605273600,40.68,40.77,40.68,40.77,0
1605273900,40.75,40.77,40.6901,40.6901,0
1605274200,40.73,40.8,40.72,40.8,0
1605274500,40.8101,40.89,40.81,40.81,0
1605274800,40.77,40.77,40.69,40.69,0
1605275100,40.74,40.74,40.74,40.74,0
1605275400,40.75,40.75,40.6901,40.74,0
1605275700,40.7,40.73,40.7,40.7,0
1605276000,40.71,40.71,40.71,40.71,0
1605276300,40.7,40.73,40.7,40.73,0
1605276600,40.73,40.7897,40.71,40.73,0
1605276900,40.7002,40.7984,40.7002,40.7984,0
1605277200,40.78,40.78,40.7002,40.7002,0
1605277500,40.73,40.73,40.7,40.7001,0
1605277800,40.429901123046875,40.599998474121094,39.7599983215332,40.11980056762695,979133
1605278100,40.11000061035156,40.540000915527344,39.994998931884766,40.36000061035156,458411
1605278400,40.349998474121094,40.359901428222656,40.0099983215332,40.29499816894531,356827
1605278700,40.29999923706055,40.779998779296875,40.29999923706055,40.59000015258789,447664
1605279000,40.58000183105469,40.88999938964844,40.369998931884766,40.73500061035156,426377
1605279300,40.75,40.959999084472656,40.66999816894531,40.685001373291016,463896
1605279600,40.68000030517578,40.720298767089844,40.459999084472656,40.4900016784668,215816
1605279900,40.4900016784668,40.4900016784668,40.119998931884766,40.130001068115234,358976
1605280200,40.130001068115234,40.29990005493164,40.10499954223633,40.13999938964844,283146
1605280500,40.150001525878906,40.15999984741211,39.84000015258789,40.006500244140625,373541
1605280800,40.0099983215332,40.15999984741211,40.0099983215332,40.119998931884766,261697
1605281100,40.125,40.2400016784668,40.040000915527344,40.14099884033203,246343
1605281400,40.119998931884766,40.12590026855469,39.2599983215332,39.470001220703125,968340
1605281700,39.47010040283203,39.47010040283203,39.2400016784668,39.39500045776367,443654
1605282000,39.39500045776367,39.56999969482422,39.334999084472656,39.54499816894531,317419
1605282300,39.54499816894531,39.560001373291016,39.375,39.46009826660156,222260
1605282600,39.47999954223633,39.53730010986328,39.2599983215332,39.53499984741211,342903
1605282900,39.53990173339844,39.558101654052734,39.25,39.4900016784668,278374
1605283200,39.470001220703125,39.560001373291016,39.36000061035156,39.54999923706055,203122
1605283500,39.540000915527344,39.724998474121094,39.38999938964844,39.724998474121094,343617
1605283800,39.71200180053711,39.7599983215332,39.54999923706055,39.66999816894531,221842
1605284100,39.66999816894531,39.88999938964844,39.66999816894531,39.869998931884766,290166
1605284400,39.859901428222656,39.88999938964844,39.7599983215332,39.84000015258789,184296
1605284700,39.849998474121094,39.939998626708984,39.73500061035156,39.73500061035156,609769
1605285000,39.730098724365234,39.810001373291016,39.59000015258789,39.709999084472656,232807
1605285300,39.709999084472656,39.810001373291016,39.660099029541016,39.79819869995117,114669
1605285600,39.79999923706055,39.970001220703125,39.79999923706055,39.94499969482422,150307
1605285900,39.93000030517578,40.06999969482422,39.880001068115234,40.02000045776367,278527
1605286200,40.02000045776367,40.029998779296875,39.92100143432617,39.9900016784668,119652
1605286500,39.98500061035156,40.099998474121094,39.875,39.900001525878906,188431
1605286800,39.90999984741211,39.93000030517578,39.81999969482422,39.81999969482422,131977
1605287100,39.814998626708984,39.849998474121094,39.689998626708984,39.709999084472656,220023
1605287400,39.71900177001953,39.810001373291016,39.70000076293945,39.75,78572
1605287700,39.742000579833984,39.80500030517578,39.709999084472656,39.71149826049805,80498
1605288000,39.71500015258789,39.71989822387695,39.599998474121094,39.66999816894531,128977
1605288300,39.65999984741211,39.724998474121094,39.65999984741211,39.68000030517578,75378
1605288600,39.689998626708984,39.81999969482422,39.66999816894531,39.790000915527344,95774
1605288900,39.78499984741211,39.84270095825195,39.78499984741211,39.790000915527344,63209
1605289200,39.79999923706055,39.915000915527344,39.79999923706055,39.87649917602539,96293
1605289500,39.880001068115234,39.99660110473633,39.869998931884766,39.994998931884766,69496
1605289800,39.9900016784668,40.059898376464844,39.974998474121094,40.04499816894531,131462
1605290100,40.04999923706055,40.13999938964844,40.02000045776367,40.09809875488281,195866
1605290400,40.09000015258789,40.09000015258789,39.9900016784668,40,115469
1605290700,40.0099983215332,40.029998779296875,39.9900016784668,40.0099983215332,59016
1605291000,40.0099983215332,40.04999923706055,39.97999954223633,40.040000915527344,105279
1605291300,40.04499816894531,40.099998474121094,40.029998779296875,40.08000183105469,120149
1605291600,40.084999084472656,40.13999938964844,40.04999923706055,40.13520050048828,118294
1605291900,40.130699157714844,40.20000076293945,40.119998931884766,40.150001525878906,365693
1605292200,40.150001525878906,40.18000030517578,40.09000015258789,40.099998474121094,115668
1605292500,40.09000015258789,40.095001220703125,40.03499984741211,40.08000183105469,115371
1605292800,40.06999969482422,40.07500076293945,39.939998626708984,39.970001220703125,184810
1605293100,39.95000076293945,39.9900016784668,39.88999938964844,39.91999816894531,125526
1605293400,39.91999816894531,39.926700592041016,39.849998474121094,39.849998474121094,71851
1605293700,39.85169982910156,39.93000030517578,39.81999969482422,39.880001068115234,86776
1605294000,39.8849983215332,39.95000076293945,39.834999084472656,39.834999084472656,106617
1605294300,39.834999084472656,39.84000015258789,39.670101165771484,39.712398529052734,140532
1605294600,39.720001220703125,39.77000045776367,39.670101165771484,39.75,102266
1605294900,39.7400016784668,39.810001373291016,39.709999084472656,39.790000915527344,78235
1605295200,39.790000915527344,39.882301330566406,39.790000915527344,39.83000183105469,221553
1605295500,39.834999084472656,39.900001525878906,39.77000045776367,39.79999923706055,207538
1605295800,39.810001373291016,39.849998474121094,39.755001068115234,39.755001068115234,99966
1605296100,39.755001068115234,39.86000061035156,39.720001220703125,39.84000015258789,103569
1605296400,39.84000015258789,39.880001068115234,39.81999969482422,39.83000183105469,60789
1605296700,39.84000015258789,39.88999938964844,39.81999969482422,39.86249923706055,103402
1605297000,39.869998931884766,39.97999954223633,39.84000015258789,39.939998626708984,109379
1605297300,39.939998626708984,39.939998626708984,39.845001220703125,39.85499954223633,107613
1605297600,39.86000061035156,39.90999984741211,39.849998474121094,39.900001525878906,114997
1605297900,39.90999984741211,39.939998626708984,39.880001068115234,39.900001525878906,71700
1605298200,39.904998779296875,39.939998626708984,39.845001220703125,39.93000030517578,150289
1605298500,39.939998626708984,40.04999923706055,39.935001373291016,40.0276985168457,137694
1605298800,40.029998779296875,40.07500076293945,39.970001220703125,40.07500076293945,359885
1605299100,40.06999969482422,40.165000915527344,40.029998779296875,40.11000061035156,233316
1605299400,40.119998931884766,40.2400016784668,40.06999969482422,40.189998626708984,200498
1605299700,40.185001373291016,40.31999969482422,40.15999984741211,40.27000045776367,190479
1605300000,40.275001525878906,40.39500045776367,40.27000045776367,40.36000061035156,235333
1605300300,40.3650016784668,40.3650016784668,40.16999816894531,40.220001220703125,242817
1605300600,40.220001220703125,40.42499923706055,40.209999084472656,40.321998596191406,507199
1605300900,40.33000183105469,40.439998626708984,40.29999923706055,40.43000030517578,703058
1605301200,40.44,40.44,40.43,40.43,354969
1605302100,40.5,40.5,40.1302,40.1302,0
1605302400,40.34,40.4,40.31,40.31,0
1605302700,40.3898,40.3898,40.01,40.01,0
1605303000,40.4,40.42,40.4,40.4,0
1605303300,40.35,40.35,40.35,40.35,0
1605303600,40.36,40.36,40.36,40.36,0
1605303900,40.38,40.38,40.38,40.38,0
1605304200,40.43,40.43,40.43,40.43,0
1605304500,40.34,40.34,40.34,40.34,0
1605304800,40.34,40.43,40.34,40.43,0
1605305100,40.36,40.36,40.35,40.35,0
1605306000,40.38,40.38,40.38,40.38,0
1605306300,40.38,40.4,40.37,40.4,0
1605306600,40.33,40.33,40.31,40.31,0
1605306900,40.3,40.3,40.3,40.3,0
1605307200,40.3,40.3,40.3,40.3,0
1605307500,40.26,40.26,40.26,40.26,0
1605307800,40.3,40.3,40.28,40.28,0
1605308400,40.27,40.27,40.13,40.13,0
1605308700,40.33,40.33,40.33,40.33,0
1605309000,40.28,40.3,40.28,40.3,0
1605309300,40.16,40.16,40.14,40.14,0
1605310500,40.15,40.28,40.15,40.28,0
1605311100,40.27,40.27,40.27,40.27,0
1605311400,40.22,40.22,40.21,40.21,0
1605311700,40.28,40.28,40.22,40.22,0
1605312000,40.28,40.3,40.22,40.3,0
1605312600,40.23,40.23,40.23,40.23,0
1605313200,40.24,40.24,40.24,40.24,0
1605313500,40.25,40.25,40.25,40.25,0
1605314100,40.26,40.26,40.26,40.26,0
1605314400,40.31,40.38,40.31,40.38,0
1605314700,40.41,40.41,40.38,40.38,0
1605315000,40.29,40.29,40.29,40.29,0
1605315300,40.17,40.25,40.17,40.17,0
