Date,Open,High,Low,Close,Volume
1605258900,0.29,0.32,0.27,0.319,0
1605259200,0.319,0.32,0.3,0.3145,0
1605259500,0.3145,0.315,0.3,0.31,0
1605259800,0.31,0.32,0.31,0.3187,0
1605260100,0.3187,0.3409,0.3184,0.3343,0
1605260400,0.332,0.349,0.332,0.339,0
1605260700,0.339,0.3415,0.33,0.3319,0
1605261000,0.3319,0.3319,0.3122,0.32,0
1605261300,0.32,0.334,0.32,0.33,0
1605261600,0.3299,0.33,0.329,0.33,0
1605261900,0.3293,0.3293,0.32,0.3223,0
1605262200,0.3223,0.325,0.32,0.3229,0
1605262500,0.323,0.3249,0.321,0.323,0
1605262800,0.323,0.325,0.321,0.3226,0
1605263100,0.3227,0.33,0.32,0.325,0
1605263400,0.325,0.325,0.314,0.3162,0
1605263700,0.3179,0.33,0.3179,0.321,0
1605264000,0.321,0.321,0.3199,0.32,0
1605264300,0.318,0.318,0.3166,0.317,0
1605264600,0.317,0.32,0.312,0.3179,0
1605264900,0.315,0.3179,0.31,0.31,0
1605265200,0.3177,0.3177,0.315,0.316,0
1605265500,0.315,0.316,0.306,0.31,0
1605265800,0.306,0.3179,0.306,0.3105,0
1605266100,0.3101,0.3179,0.31,0.3148,0
1605266400,0.3148,0.315,0.314,0.315,0
1605266700,0.3141,0.3141,0.31,0.314,0
1605267000,0.314,0.3225,0.3111,0.3111,0
1605267300,0.3111,0.3111,0.31,0.31,0
1605267600,0.31,0.3105,0.305,0.308,0
1605267900,0.308,0.3107,0.308,0.3107,0
1605268200,0.3169,0.3183,0.3107,0.3164,0
1605268500,0.316,0.32,0.3026,0.3139,0
1605268800,0.3123,0.32,0.31,0.316,0
1605269100,0.314,0.315,0.3125,0.3125,0
1605269400,0.3135,0.3137,0.31,0.313,0
1605269700,0.313,0.3149,0.292,0.306,0
1605270000,0.3004,0.303,0.295,0.297,0
1605270300,0.2951,0.3,0.292,0.2999,0
1605270600,0.3,0.3,0.2923,0.295,0
1605270900,0.295,0.2953,0.29,0.291,0
1605271200,0.291,0.3,0.29,0.291,0
1605271500,0.2925,0.2933,0.2904,0.292,0
1605271800,0.292,0.2993,0.291,0.2978,0
1605272100,0.299,0.3,0.2938,0.2998,0
1605272400,0.2998,0.2998,0.291,0.292,0
1605272700,0.292,0.3,0.288,0.29,0
1605273000,0.291,0.2936,0.2881,0.2915,0
1605273300,0.312,0.3125,0.287,0.29,0
1605273600,0.29,0.291,0.287,0.2884,0
1605273900,0.2887,0.2893,0.286,0.2893,0
1605274200,0.2893,0.29,0.288,0.2883,0
1605274500,0.2899,0.2967,0.2899,0.296,0
1605274800,0.2969,0.2995,0.295,0.295,0
1605275100,0.295,0.3,0.295,0.3,0
1605275400,0.299,0.3,0.298,0.2999,0
1605275700,0.2998,0.2999,0.292,0.2985,0
1605276000,0.2984,0.2985,0.2951,0.297,0
1605276300,0.297,0.2975,0.2959,0.2959,0
1605276600,0.2959,0.2959,0.29,0.293,0
1605276900,0.2936,0.2995,0.292,0.293,0
1605277200,0.293,0.294,0.2911,0.2938,0
1605277500,0.2938,0.295,0.292,0.2938,0
1605277800,0.296999990940094,0.3154999911785126,0.29600000381469727,0.30242401361465454,23326054
1605278100,0.3025999963283539,0.3027999997138977,0.2883000075817108,0.29109999537467957,7317998
1605278400,0.29030001163482666,0.296999990940094,0.29010000824928284,0.2962999939918518,2888281
1605278700,0.29600000381469727,0.30889999866485596,0.29600000381469727,0.3005000054836273,4807505
1605279000,0.30059999227523804,0.30250000953674316,0.29499998688697815,0.29989999532699585,3684076
1605279300,0.29989999532699585,0.30000001192092896,0.29109999537467957,0.29499998688697815,3546875
1605279600,0.29499998688697815,0.2980000078678131,0.29319998621940613,0.29600000381469727,1849369
1605279900,0.29639899730682373,0.30000001192092896,0.2955000102519989,0.2957099974155426,2049550
1605280200,0.29600000381469727,0.30000001192092896,0.2957009971141815,0.30000001192092896,2070326
1605280500,0.30000001192092896,0.30000001192092896,0.29600000381469727,0.2971999943256378,1395177
1605280800,0.2971000075340271,0.2971999943256378,0.29350000619888306,0.29490000009536743,1476155
1605281100,0.29499998688697815,0.2971000075340271,0.29490000009536743,0.296099990606308,1225264
1605281400,0.296099990606308,0.29679998755455017,0.2948000133037567,0.295199990272522,1124944
1605281700,0.29510000348091125,0.295199990272522,0.2919999957084656,0.2928999960422516,1662063
1605282000,0.2928999960422516,0.2930000126361847,0.2863999903202057,0.28755098581314087,2917018
1605282300,0.2875500023365021,0.289900004863739,0.28600001335144043,0.2892000079154968,2274392
1605282600,0.28940001130104065,0.2897000014781952,0.2827000021934509,0.2840000092983246,2572396
1605282900,0.2833999991416931,0.2849999964237213,0.2800999879837036,0.2809999883174896,3304667
1605283200,0.2806999981403351,0.2849999964237213,0.28029999136924744,0.2849000096321106,2685544
1605283500,0.2848989963531494,0.2849999964237213,0.2824999988079071,0.2847999930381775,1463362
1605283800,0.2847999930381775,0.2847999930381775,0.28220000863075256,0.2831000089645386,1100960
1605284100,0.2833000123500824,0.2833000123500824,0.28200000524520874,0.2827000021934509,1023787
1605284400,0.2824999988079071,0.2851000130176544,0.2824999988079071,0.2850959897041321,1587588
1605284700,0.2851000130176544,0.2851000130176544,0.28200000524520874,0.2822999954223633,1168038
1605285000,0.28220000863075256,0.2822999954223633,0.2800000011920929,0.28139999508857727,2280307
1605285300,0.28130000829696655,0.28209999203681946,0.2808000147342682,0.28139999508857727,1136109
1605285600,0.2815000116825104,0.2815000116825104,0.2750000059604645,0.2766999900341034,4838091
1605285900,0.2766999900341034,0.2766999900341034,0.2709999978542328,0.27219998836517334,3430157
1605286200,0.27230000495910645,0.27889999747276306,0.2720000147819519,0.2736000120639801,1852133
1605286500,0.2736000120639801,0.27489998936653137,0.271699994802475,0.27469998598098755,2302959
1605286800,0.27469998598098755,0.27970001101493835,0.27300000190734863,0.27810001373291016,2195584
1605287100,0.27810001373291016,0.27880001068115234,0.27342700958251953,0.2754000127315521,1707453
1605287400,0.275299996137619,0.2754000127315521,0.27300000190734863,0.27399998903274536,1872816
1605287700,0.27399998903274536,0.27399998903274536,0.2732999920845032,0.2734000086784363,1548608
1605288000,0.2734000086784363,0.27799999713897705,0.2732999920845032,0.2775999903678894,1789970
1605288300,0.2770000100135803,0.2775000035762787,0.27399998903274536,0.27630001306533813,1475981
1605288600,0.27630001306533813,0.2770000100135803,0.27549999952316284,0.2768000066280365,812451
1605288900,0.2766999900341034,0.2768000066280365,0.2750000059604645,0.2757999897003174,732851
1605289200,0.2757999897003174,0.2759999930858612,0.2732999920845032,0.2757999897003174,1331561
1605289500,0.2750999927520752,0.2759999930858612,0.2750000059604645,0.2759000062942505,669100
1605289800,0.2759999930858612,0.27649998664855957,0.2750000059604645,0.27559998631477356,956663
1605290100,0.27559998631477356,0.28380000591278076,0.27549999952316284,0.2818000018596649,1499105
1605290400,0.2827000021934509,0.28290000557899475,0.2800000011920929,0.2809000015258789,1182722
1605290700,0.2809999883174896,0.2874999940395355,0.2806999981403351,0.2824000120162964,1405827
1605291000,0.2824000120162964,0.2825999855995178,0.2800999879837036,0.2809999883174896,1210096
1605291300,0.2809999883174896,0.2840000092983246,0.2809000015258789,0.2829500138759613,1319983
1605291600,0.2826499938964844,0.28299999237060547,0.2815999984741211,0.28220000863075256,653816
1605291900,0.28220000863075256,0.2824999988079071,0.2809999883174896,0.28249499201774597,636212
1605292200,0.2824000120162964,0.28600001335144043,0.2824000120162964,0.2858999967575073,979224
1605292500,0.28600001335144043,0.2939999997615814,0.28290000557899475,0.28999999165534973,3385757
1605292800,0.2900010049343109,0.2946999967098236,0.28290000557899475,0.2874000072479248,3428506
1605293100,0.28759899735450745,0.28769999742507935,0.28200000524520874,0.28200000524520874,1612237
1605293400,0.2849000096321106,0.2888999879360199,0.2709999978542328,0.2865000069141388,1186070
1605293700,0.28700000047683716,0.29919999837875366,0.28690001368522644,0.2944999933242798,2619938
1605294000,0.2944999933242798,0.29499998688697815,0.28999999165534973,0.28999999165534973,1695619
1605294300,0.28999999165534973,0.2919999957084656,0.2809999883174896,0.2915000021457672,1744184
1605294600,0.29100000858306885,0.2930000126361847,0.2879999876022339,0.29280000925064087,1334001
1605294900,0.29280000925064087,0.2930000126361847,0.2879999876022339,0.2883000075817108,1178953
1605295200,0.28850001096725464,0.29179999232292175,0.2874999940395355,0.290800005197525,990690
1605295500,0.29109999537467957,0.2919999957084656,0.28999999165534973,0.29010000824928284,889527
1605295800,0.29100000858306885,0.29100000858306885,0.28600001335144043,0.28600001335144043,1735680
1605296100,0.2858000099658966,0.2858000099658966,0.2800000011920929,0.28119999170303345,2358556
1605296400,0.28119999170303345,0.28790000081062317,0.28110000491142273,0.2847000062465668,1222213
1605296700,0.2856000065803528,0.2856000065803528,0.28299999237060547,0.2838999927043915,498204
1605297000,0.2840000092983246,0.2897000014781952,0.2800000011920929,0.28769901394844055,660904
1605297300,0.2865000069141388,0.2879999876022339,0.28110000491142273,0.2867000102996826,595812
1605297600,0.2867000102996826,0.28700000047683716,0.2865999937057495,0.28700000047683716,654717
1605297900,0.2869499921798706,0.289000004529953,0.28690001368522644,0.2885499894618988,557226
1605298200,0.28859999775886536,0.28999999165534973,0.28850001096725464,0.289900004863739,941128
1605298500,0.289900004863739,0.289900004863739,0.2897999882698059,0.2897999882698059,503439
1605298800,0.289900004863739,0.29179999232292175,0.2897999882698059,0.29179999232292175,1372602
1605299100,0.29179999232292175,0.29179999232292175,0.28850001096725464,0.2888999879360199,1171437
1605299400,0.2888000011444092,0.2888999879360199,0.2815000116825104,0.2842999994754791,1469228
1605299700,0.2842999994754791,0.28619998693466187,0.2825999855995178,0.2847999930381775,1388541
1605300000,0.2847000062465668,0.2849000096321106,0.28349998593330383,0.2846499979496002,891359
1605300300,0.2847000062465668,0.2849000096321106,0.28110000491142273,0.28200000524520874,1108699
1605300600,0.28200000524520874,0.28200000524520874,0.2800000011920929,0.2800999879837036,2409909
1605300900,0.2800999879837036,0.28360000252723694,0.2800000011920929,0.28360000252723694,3562172
1605301200,0.28,0.28,0.28,0.28,3541879
1605302100,0.2849,0.2871,0.28,0.285,0
1605302400,0.286,0.2896,0.2841,0.285,0
1605302700,0.285,0.2889,0.282,0.2881,0
1605303000,0.288,0.2881,0.28,0.287,0
1605303300,0.287,0.287,0.2854,0.287,0
1605303600,0.287,0.2875,0.285,0.287,0
1605303900,0.286,0.2895,0.286,0.286,0
1605304200,0.2881,0.29,0.288,0.2895,0
1605304500,0.2895,0.2899,0.2862,0.2871,0
1605304800,0.2862,0.29,0.286,0.2893,0
1605305100,0.29,0.29,0.2889,0.2898,0
1605305400,0.2898,0.2898,0.287,0.2875,0
1605305700,0.287,0.2875,0.283,0.285,0
1605306000,0.285,0.29,0.2827,0.2869,0
1605306300,0.285,0.2878,0.2827,0.284,0
1605306600,0.2849,0.2875,0.284,0.2875,0
1605306900,0.2875,0.2875,0.2828,0.2851,0
1605307200,0.2855,0.2875,0.283,0.286,0
1605307500,0.2865,0.2875,0.2865,0.2875,0
1605307800,0.2875,0.2875,0.2831,0.2849,0
1605308100,0.2849,0.2865,0.283,0.2841,0
1605308400,0.283,0.287,0.282,0.285,0
1605308700,0.2852,0.287,0.2842,0.285,0
1605309000,0.2844,0.2875,0.2844,0.2874,0
1605309300,0.2875,0.2875,0.2874,0.2874,0
1605309600,0.2873,0.2875,0.287,0.2872,0
1605309900,0.2872,0.2879,0.2855,0.2879,0
1605310200,0.2873,0.2873,0.2848,0.286,0
1605310500,0.285,0.2877,0.2844,0.2865,0
1605310800,0.286,0.2865,0.286,0.286,0
1605311100,0.2865,0.2879,0.2865,0.2879,0
1605311400,0.2879,0.2879,0.286,0.2865,0
1605311700,0.286,0.288,0.286,0.288,0
1605312000,0.288,0.288,0.2865,0.2865,0
1605312300,0.287,0.287,0.2865,0.2865,0
1605312600,0.2869,0.2899,0.2865,0.2898,0
1605312900,0.2899,0.2899,0.2871,0.2898,0
1605313200,0.2898,0.29,0.288,0.29,0
1605313500,0.29,0.29,0.289,0.29,0
1605313800,0.289,0.291,0.289,0.291,0
1605314100,0.2907,0.292,0.2907,0.292,0
1605314400,0.2917,0.292,0.2885,0.29,0
1605314700,0.29,0.295,0.29,0.295,0
1605315000,0.294,0.296,0.2931,0.2945,0
1605315300,0.295,0.295,0.293,0.2947,0
