Date,Open,High,Low,Close,Volume
1605258900,4.68,4.68,4.68,4.68,0
1605260400,4.67,4.67,4.67,4.67,0
1605260700,4.64,4.64,4.64,4.64,0
1605261000,4.64,4.64,4.64,4.64,0
1605261300,4.64,4.64,4.64,4.64,0
1605261600,4.63,4.64,4.63,4.64,0
1605263100,4.63,4.63,4.63,4.63,0
1605263400,4.63,4.63,4.63,4.63,0
1605263700,4.62,4.63,4.62,4.63,0
1605268200,4.65,4.65,4.65,4.65,0
1605268800,4.66,4.66,4.66,4.66,0
1605269700,4.65,4.66,4.64,4.66,0
1605270000,4.66,4.66,4.66,4.66,0
1605270300,4.66,4.66,4.66,4.66,0
1605270600,4.67,4.67,4.66,4.66,0
1605270900,4.66,4.66,4.66,4.66,0
1605271200,4.65,4.66,4.65,4.66,0
1605271500,4.66,4.66,4.66,4.66,0
1605271800,4.66,4.66,4.66,4.66,0
1605272100,4.66,4.66,4.66,4.66,0
1605272400,4.66,4.66,4.66,4.66,0
1605272700,4.66,4.66,4.66,4.66,0
1605273000,4.66,4.67,4.66,4.67,0
1605273300,4.6599,4.67,4.64,4.6699,0
1605273600,4.67,4.67,4.66,4.67,0
1605273900,4.66,4.67,4.66,4.67,0
1605274200,4.67,4.67,4.66,4.67,0
1605274500,4.67,4.67,4.66,4.67,0
1605274800,4.66,4.66,4.66,4.66,0
1605275100,4.66,4.66,4.65,4.65,0
1605275400,4.6599,4.66,4.6501,4.6501,0
1605275700,4.65,4.65,4.65,4.65,0
1605276000,4.66,4.66,4.66,4.66,0
1605276300,4.6599,4.66,4.6599,4.66,0
1605276600,4.6502,4.66,4.65,4.66,0
1605276900,4.65,4.66,4.65,4.66,0
1605277200,4.66,4.68,4.66,4.67,0
1605277500,4.67,4.68,4.67,4.67,0
1605277800,4.670000076293945,4.679999828338623,4.650000095367432,4.658100128173828,1599107
1605278100,4.652299880981445,4.679999828338623,4.639999866485596,4.644999980926514,978534
1605278400,4.650000095367432,4.658599853515625,4.639999866485596,4.650000095367432,213954
1605278700,4.648099899291992,4.650000095367432,4.630000114440918,4.649099826812744,281465
1605279000,4.649099826812744,4.650000095367432,4.639999866485596,4.645500183105469,257192
1605279300,4.644999980926514,4.650000095367432,4.630000114440918,4.648900032043457,484118
1605279600,4.645500183105469,4.650000095367432,4.639999866485596,4.648900032043457,272967
1605279900,4.64900016784668,4.659999847412109,4.639999866485596,4.649899959564209,420049
1605280200,4.650000095367432,4.670000076293945,4.641900062561035,4.659999847412109,607380
1605280500,4.657100200653076,4.679999828338623,4.6545000076293945,4.6722002029418945,467195
1605280800,4.671199798583984,4.679999828338623,4.659999847412109,4.670100212097168,519088
1605281100,4.670000076293945,4.679999828338623,4.650000095367432,4.651000022888184,461006
1605281400,4.650100231170654,4.659999847412109,4.650000095367432,4.651299953460693,114860
1605281700,4.657199859619141,4.679999828338623,4.650000095367432,4.678699970245361,646148
1605282000,4.677700042724609,4.679999828338623,4.650000095367432,4.650000095367432,415604
1605282300,4.650000095367432,4.670000076293945,4.650000095367432,4.65500020980835,311965
1605282600,4.6504998207092285,4.670000076293945,4.6504998207092285,4.666399955749512,234742
1605282900,4.665200233459473,4.699999809265137,4.659999847412109,4.675000190734863,585157
1605283200,4.671000003814697,4.679999828338623,4.659999847412109,4.659999847412109,208796
1605283500,4.659999847412109,4.659999847412109,4.650000095367432,4.651299953460693,308506
1605283800,4.658999919891357,4.664999961853027,4.650000095367432,4.6585001945495605,331137
1605284100,4.65500020980835,4.659999847412109,4.639999866485596,4.644999980926514,394916
1605284400,4.648099899291992,4.650000095367432,4.639999866485596,4.645500183105469,159768
1605284700,4.644999980926514,4.670000076293945,4.644999980926514,4.658100128173828,573654
1605285000,4.658699989318848,4.670000076293945,4.650100231170654,4.668499946594238,331389
1605285300,4.660099983215332,4.670000076293945,4.650000095367432,4.650000095367432,174986
1605285600,4.651899814605713,4.659999847412109,4.630000114440918,4.644999980926514,452450
1605285900,4.648799896240234,4.650000095367432,4.630000114440918,4.638999938964844,193064
1605286200,4.637800216674805,4.639999866485596,4.630000114440918,4.638999938964844,126336
1605286500,4.639999866485596,4.639999866485596,4.619999885559082,4.630000114440918,504567
1605286800,4.630000114440918,4.639999866485596,4.619999885559082,4.625999927520752,526937
1605287100,4.620100021362305,4.639999866485596,4.619999885559082,4.638199806213379,215310
1605287400,4.6381001472473145,4.638800144195557,4.619999885559082,4.630000114440918,249492
1605287700,4.625,4.639999866485596,4.625,4.638999938964844,226581
1605288000,4.638899803161621,4.639999866485596,4.630099773406982,4.638700008392334,146127
1605288300,4.638999938964844,4.639999866485596,4.630000114440918,4.639699935913086,84718
1605288600,4.636000156402588,4.639999866485596,4.630000114440918,4.632999897003174,57813
1605288900,4.639999866485596,4.639999866485596,4.625,4.630000114440918,364895
1605289200,4.625,4.629899978637695,4.619999885559082,4.627799987792969,60112
1605289500,4.624000072479248,4.628900051116943,4.619999885559082,4.623000144958496,63137
1605289800,4.622099876403809,4.630000114440918,4.610000133514404,4.619999885559082,847075
1605290100,4.619900226593018,4.619999885559082,4.610000133514404,4.610000133514404,112480
1605290400,4.611000061035156,4.619999885559082,4.610000133514404,4.610000133514404,260589
1605290700,4.618100166320801,4.619999885559082,4.599999904632568,4.61870002746582,759453
1605291000,4.612100124359131,4.619999885559082,4.610000133514404,4.617099761962891,530099
1605291300,4.619999885559082,4.619999885559082,4.599999904632568,4.609899997711182,285209
1605291600,4.601900100708008,4.619999885559082,4.599999904632568,4.618899822235107,365345
1605291900,4.611000061035156,4.614999771118164,4.599999904632568,4.606599807739258,422150
1605292200,4.610000133514404,4.619999885559082,4.599999904632568,4.619800090789795,303727
1605292500,4.61899995803833,4.619999885559082,4.610000133514404,4.610000133514404,194708
1605292800,4.617400169372559,4.619999885559082,4.610000133514404,4.618899822235107,63729
1605293100,4.614999771118164,4.619999885559082,4.599999904632568,4.610000133514404,736660
1605293400,4.610000133514404,4.619999885559082,4.610000133514404,4.610099792480469,96923
1605293700,4.614999771118164,4.619999885559082,4.610000133514404,4.61899995803833,137321
1605294000,4.619999885559082,4.619999885559082,4.599999904632568,4.6132001876831055,376445
1605294300,4.610000133514404,4.619999885559082,4.599999904632568,4.619900226593018,413082
1605294600,4.610000133514404,4.619999885559082,4.599999904632568,4.614999771118164,227909
1605294900,4.614999771118164,4.630000114440918,4.603000164031982,4.605299949645996,551881
1605295200,4.605400085449219,4.609899997711182,4.570000171661377,4.579999923706055,1157569
1605295500,4.587299823760986,4.599999904632568,4.585000038146973,4.590099811553955,270021
1605295800,4.590000152587891,4.598800182342529,4.579999923706055,4.590000152587891,272464
1605296100,4.59499979019165,4.599999904632568,4.58050012588501,4.588799953460693,308440
1605296400,4.585000038146973,4.590000152587891,4.579999923706055,4.590000152587891,222155
1605296700,4.584499835968018,4.599999904632568,4.579999923706055,4.599999904632568,248294
1605297000,4.59499979019165,4.599999904632568,4.590000152587891,4.591000080108643,277691
1605297300,4.590000152587891,4.590400218963623,4.570000171661377,4.573999881744385,665242
1605297600,4.576300144195557,4.590000152587891,4.570000171661377,4.580100059509277,546357
1605297900,4.579999923706055,4.590000152587891,4.570000171661377,4.579999923706055,332469
1605298200,4.579999923706055,4.599999904632568,4.579999923706055,4.580399990081787,245031
1605298500,4.579999923706055,4.610000133514404,4.574999809265137,4.590000152587891,706570
1605298800,4.590000152587891,4.599999904632568,4.579999923706055,4.585000038146973,348906
1605299100,4.582900047302246,4.590000152587891,4.570000171661377,4.576900005340576,243060
1605299400,4.5746002197265625,4.579999923706055,4.550000190734863,4.559999942779541,1049229
1605299700,4.554200172424316,4.559999942779541,4.539999961853027,4.539999961853027,590582
1605300000,4.539999961853027,4.550000190734863,4.519999980926514,4.531199932098389,1065327
1605300300,4.534999847412109,4.550000190734863,4.53000020980835,4.545000076293945,695866
1605300600,4.545000076293945,4.570000171661377,4.539999961853027,4.559999942779541,1146341
1605300900,4.565000057220459,4.570000171661377,4.539999961853027,4.559999942779541,1861694
1605301200,4.56,4.56,4.56,4.56,19721
1605302100,4.56,4.56,4.55,4.56,0
1605302400,4.555,4.56,4.55,4.56,0
1605302700,4.56,4.56,4.55,4.56,0
1605303000,4.56,4.56,4.55,4.56,0
1605303300,4.56,4.56,4.55,4.56,0
1605303600,4.55,4.56,4.55,4.55,0
1605303900,4.56,4.56,4.55,4.55,0
1605304200,4.56,4.56,4.55,4.55,0
1605304500,4.55,4.55,4.55,4.55,0
1605304800,4.55,4.56,4.55,4.56,0
1605305100,4.5501,4.56,4.55,4.5599,0
1605305400,4.5599,4.56,4.55,4.55,0
1605305700,4.5599,4.56,4.55,4.55,0
1605306000,4.56,4.56,4.5599,4.56,0
1605306300,4.55,4.56,4.55,4.56,0
1605306600,4.55,4.55,4.54,4.55,0
1605306900,4.55,4.55,4.55,4.55,0
1605307200,4.55,4.55,4.54,4.55,0
1605307500,4.54,4.55,4.54,4.54,0
1605307800,4.54,4.55,4.54,4.55,0
1605308100,4.55,4.55,4.54,4.55,0
1605308400,4.56,4.56,4.55,4.56,0
1605308700,4.5599,4.56,4.5599,4.56,0
1605309000,4.56,4.56,4.55,4.56,0
1605309300,4.56,4.56,4.56,4.56,0
1605309600,4.56,4.56,4.56,4.56,0
1605310500,4.57,4.57,4.57,4.57,0
1605310800,4.56,4.57,4.56,4.57,0
1605311100,4.57,4.57,4.57,4.57,0
1605311400,4.57,4.57,4.57,4.57,0
1605312000,4.58,4.58,4.58,4.58,0
1605312300,4.56,4.57,4.56,4.57,0
1605312600,4.57,4.57,4.57,4.57,0
1605312900,4.57,4.57,4.56,4.56,0
1605313200,4.56,4.56,4.56,4.56,0
1605313500,4.56,4.56,4.54,4.54,0
1605313800,4.53,4.54,4.53,4.54,0
1605314100,4.53,4.57,4.53,4.57,0
1605314400,4.55,4.55,4.55,4.55,0
1605314700,4.54,4.54,4.54,4.54,0
1605315000,4.53,4.54,4.52,4.54,0
1605315300,4.54,4.54,4.51,4.51,0
