Date,Open,High,Low,Close,Volume
1605258900,3.1,3.1,3,3.05,0
1605259200,3.1,3.1,3.1,3.1,0
1605260100,3.08,3.08,3.08,3.08,0
1605260400,3.03,3.03,3.03,3.03,0
1605260700,3,3,3,3,0
1605263400,3.07,3.07,3.07,3.07,0
1605264000,3.07,3.07,3.07,3.07,0
1605264300,3.07,3.07,3.07,3.07,0
1605265500,3.09,3.09,3.09,3.09,0
1605265800,3.1,3.1,3.1,3.1,0
1605266700,3.09,3.09,3.09,3.09,0
1605268500,3.05,3.05,3.05,3.05,0
1605269700,3.08,3.1,3.08,3.08,0
1605270000,3.08,3.1,3.05,3.05,0
1605270600,3.05,3.05,3.05,3.05,0
1605270900,3.05,3.07,3.05,3.05,0
1605271200,3.06,3.06,3.06,3.06,0
1605271500,3.05,3.05,3,3.05,0
1605271800,3.04,3.05,3.04,3.05,0
1605272100,3.05,3.05,3.05,3.05,0
1605273000,3.05,3.05,3.05,3.05,0
1605273300,3.0799,3.15,3,3.15,0
1605273600,3.17,3.29,3.16,3.24,0
1605273900,3.24,3.49,3.22,3.49,0
1605274200,3.48,3.7,3.37,3.51,0
1605274500,3.5,3.62,3.35,3.36,0
1605274800,3.35,3.42,3.31,3.41,0
1605275100,3.41,3.41,3.32,3.34,0
1605275400,3.33,3.3399,3.11,3.21,0
1605275700,3.2099,3.25,3.18,3.23,0
1605276000,3.24,3.27,3.23,3.25,0
1605276300,3.26,3.26,3.22,3.24,0
1605276600,3.24,3.25,3.18,3.2,0
1605276900,3.1999,3.2,3.13,3.18,0
1605277200,3.17,3.29,3.17,3.28,0
1605277500,3.27,3.27,3.18,3.19,0
1605277800,3.2300000190734863,3.240000009536743,3.059999942779541,3.140000104904175,2032062
1605278100,3.130000114440918,3.25,3.0999999046325684,3.2049999237060547,237025
1605278400,3.2100000381469727,3.3499999046325684,3.200000047683716,3.3350000381469727,859995
1605278700,3.3292999267578125,3.450000047683716,3.319999933242798,3.390000104904175,1123212
1605279000,3.390000104904175,3.4000000953674316,3.2300000190734863,3.234999895095825,556342
1605279300,3.240000009536743,3.3998000621795654,3.2399001121520996,3.359999895095825,367850
1605279600,3.3499999046325684,3.4000000953674316,3.299999952316284,3.3399999141693115,329093
1605279900,3.340100049972534,3.3499999046325684,3.240000009536743,3.259999990463257,251816
1605280200,3.2699999809265137,3.4800000190734863,3.26990008354187,3.4200000762939453,869286
1605280500,3.430000066757202,3.5,3.3399999141693115,3.430000066757202,675463
1605280800,3.440000057220459,3.440000057220459,3.3499999046325684,3.4000000953674316,235952
1605281100,3.3901000022888184,3.490000009536743,3.3499999046325684,3.4337000846862793,466799
1605281400,3.430000066757202,3.559999942779541,3.4200000762939453,3.5199999809265137,770147
1605281700,3.5399999618530273,3.5399999618530273,3.3550000190734863,3.4000000953674316,509906
1605282000,3.4049999713897705,3.5199999809265137,3.369999885559082,3.4800000190734863,558064
1605282300,3.484999895095825,3.6050000190734863,3.440000057220459,3.549999952316284,1027632
1605282600,3.5450000762939453,3.619999885559082,3.430000066757202,3.5397000312805176,840145
1605282900,3.5350000858306885,3.5399999618530273,3.319999933242798,3.319999933242798,684753
1605283200,3.3280999660491943,3.4000000953674316,3.319999933242798,3.369999885559082,268226
1605283500,3.375,3.4200000762939453,3.3299999237060547,3.3550000190734863,189148
1605283800,3.3499999046325684,3.3550000190734863,3.240000009536743,3.289299964904785,391764
1605284100,3.2899999618530273,3.319999933242798,3.259999990463257,3.2799999713897705,91923
1605284400,3.2899999618530273,3.309999942779541,3.2799999713897705,3.2899999618530273,66437
1605284700,3.299999952316284,3.299999952316284,3.2799999713897705,3.2869999408721924,68246
1605285000,3.2850000858306885,3.2850000858306885,3.25,3.255000114440918,135560
1605285300,3.255000114440918,3.255000114440918,3.174999952316284,3.174999952316284,308996
1605285600,3.180000066757202,3.2300000190734863,3.1500000953674316,3.2149999141693115,219933
1605285900,3.210099935531616,3.217400074005127,3.1500000953674316,3.159899950027466,88991
1605286200,3.1700000762939453,3.2200000286102295,3.1600000858306885,3.2049999237060547,66141
1605286500,3.2037999629974365,3.2799999713897705,3.2037999629974365,3.259700059890747,134213
1605286800,3.255000114440918,3.255000114440918,3.2300000190734863,3.244999885559082,28984
1605287100,3.244999885559082,3.2799999713897705,3.2200000286102295,3.2797999382019043,73420
1605287400,3.2699999809265137,3.3299999237060547,3.25,3.3299999237060547,125810
1605287700,3.3292999267578125,3.3399999141693115,3.25,3.259999990463257,59402
1605288000,3.25,3.2699999809265137,3.2200000286102295,3.2399001121520996,78667
1605288300,3.234999895095825,3.2701001167297363,3.2200000286102295,3.265399932861328,31026
1605288600,3.259999990463257,3.2899999618530273,3.25,3.2799999713897705,48974
1605288900,3.2799999713897705,3.2799999713897705,3.2200000286102295,3.25,75863
1605289200,3.259999990463257,3.2699999809265137,3.2300000190734863,3.2300000190734863,13806
1605289500,3.2300000190734863,3.240000009536743,3.2149999141693115,3.2399001121520996,20355
1605289800,3.2300000190734863,3.240000009536743,3.2100000381469727,3.2300000190734863,35427
1605290100,3.234999895095825,3.25,3.2249999046325684,3.23799991607666,11031
1605290400,3.2300000190734863,3.309999942779541,3.2200000286102295,3.299999952316284,160220
1605290700,3.297499895095825,3.309999942779541,3.2699999809265137,3.299999952316284,106286
1605291000,3.2950000762939453,3.3148999214172363,3.2799999713897705,3.2799999713897705,65621
1605291300,3.2750000953674316,3.299999952316284,3.272900104522705,3.2999000549316406,25386
1605291600,3.299999952316284,3.359999895095825,3.299999952316284,3.3499999046325684,170947
1605291900,3.3464999198913574,3.3499999046325684,3.309999942779541,3.349900007247925,112607
1605292200,3.3450000286102295,3.3499999046325684,3.3299999237060547,3.340100049972534,34775
1605292500,3.3399999141693115,3.3450000286102295,3.2799999713897705,3.299999952316284,66076
1605292800,3.2899999618530273,3.29010009765625,3.240000009536743,3.25,46300
1605293100,3.255000114440918,3.2637999057769775,3.240000009536743,3.25,43717
1605293400,3.244999885559082,3.244999885559082,3.2249999046325684,3.239799976348877,30960
1605293700,3.234999895095825,3.240000009536743,3.2300000190734863,3.2300000190734863,32307
1605294000,3.240000009536743,3.240000009536743,3.180000066757202,3.190000057220459,75672
1605294300,3.185800075531006,3.2049999237060547,3.1700000762939453,3.190000057220459,46106
1605294600,3.188800096511841,3.190000057220459,3.1500000953674316,3.151400089263916,106636
1605294900,3.1575000286102295,3.2200000286102295,3.1500000953674316,3.2100000381469727,66977
1605295200,3.2200000286102295,3.240000009536743,3.200000047683716,3.2149999141693115,42819
1605295500,3.2190001010894775,3.2300000190734863,3.2100000381469727,3.2149999141693115,21329
1605295800,3.2200000286102295,3.2200000286102295,3.190000057220459,3.194999933242798,33462
1605296100,3.190000057220459,3.200000047683716,3.1600000858306885,3.197700023651123,35830
1605296400,3.194999933242798,3.199899911880493,3.180000066757202,3.190000057220459,28591
1605296700,3.194999933242798,3.194999933242798,3.1700000762939453,3.174999952316284,17022
1605297000,3.174999952316284,3.180000066757202,3.1700000762939453,3.1731998920440674,19626
1605297300,3.174999952316284,3.2100000381469727,3.1700000762939453,3.2100000381469727,24112
1605297600,3.2049999237060547,3.2100000381469727,3.180000066757202,3.1900999546051025,16154
1605297900,3.184999942779541,3.190000057220459,3.1700000762939453,3.184999942779541,17712
1605298200,3.190000057220459,3.2100000381469727,3.1898999214172363,3.2100000381469727,23793
1605298500,3.2049999237060547,3.2200000286102295,3.2049999237060547,3.2149999141693115,31315
1605298800,3.2200000286102295,3.240000009536743,3.2149999141693115,3.2300000190734863,43919
1605299100,3.240000009536743,3.2699999809265137,3.2200000286102295,3.2671000957489014,51554
1605299400,3.265000104904175,3.2799999713897705,3.259999990463257,3.2699999809265137,40638
1605299700,3.260999917984009,3.2699999809265137,3.2200000286102295,3.2249999046325684,39908
1605300000,3.240000009536743,3.259999990463257,3.225399971008301,3.25600004196167,27268
1605300300,3.2500998973846436,3.2699999809265137,3.25,3.2676000595092773,36542
1605300600,3.259999990463257,3.2600998878479004,3.2302000522613525,3.240000009536743,64471
1605300900,3.240000009536743,3.25,3.200000047683716,3.2300000190734863,160187
1605301200,3.25,3.25,3.25,3.25,21102
1605302100,3.2101,3.2101,3.2,3.2,0
1605302400,3.2,3.2,3.2,3.2,0
1605302700,3.2,3.21,3.19,3.21,0
1605303000,3.2,3.2,3.18,3.18,0
1605303300,3.22,3.22,3.17,3.17,0
1605303600,3.1702,3.19,3.1702,3.18,0
1605303900,3.18,3.1801,3.18,3.1801,0
1605304200,3.1899,3.1899,3.17,3.17,0
1605304500,3.18,3.19,3.18,3.19,0
1605304800,3.18,3.19,3.18,3.19,0
1605305100,3.1902,3.2,3.19,3.2,0
1605305400,3.2,3.2,3.19,3.19,0
1605306000,3.2,3.2002,3.2,3.2002,0
1605306300,3.2184,3.22,3.2184,3.22,0
1605306600,3.2002,3.21,3.2,3.2,0
1605306900,3.22,3.24,3.22,3.24,0
1605307200,3.2337,3.2337,3.2337,3.2337,0
1605307500,3.2,3.2,3.19,3.19,0
1605307800,3.19,3.19,3.19,3.19,0
1605308100,3.18,3.18,3.18,3.18,0
1605308400,3.18,3.18,3.18,3.18,0
1605308700,3.19,3.19,3.19,3.19,0
1605309000,3.19,3.21,3.19,3.21,0
1605309300,3.21,3.23,3.21,3.23,0
1605309900,3.22,3.22,3.22,3.22,0
1605310200,3.21,3.21,3.2,3.2,0
1605310500,3.2,3.2,3.2,3.2,0
1605310800,3.2,3.2,3.19,3.19,0
1605311100,3.18,3.19,3.18,3.19,0
1605311400,3.19,3.19,3.19,3.19,0
1605312000,3.19,3.19,3.19,3.19,0
1605312900,3.19,3.21,3.19,3.21,0
1605313800,3.21,3.21,3.21,3.21,0
1605314100,3.21,3.21,3.21,3.21,0
1605314400,3.21,3.22,3.21,3.22,0
1605314700,3.22,3.22,3.22,3.22,0
1605315000,3.22,3.22,3.22,3.22,0
1605315300,3.2,3.22,3.2,3.22,0
