Date,Open,High,Low,Close,Volume
1605269700,2.87,2.88,2.87,2.88,0
1605271200,2.86,2.86,2.86,2.86,0
1605273300,2.86,2.8801,2.8599,2.8801,0
1605273600,2.8801,2.9,2.8801,2.9,0
1605274200,2.9,2.9,2.9,2.9,0
1605274500,2.9,2.9,2.9,2.9,0
1605274800,2.88,2.88,2.86,2.86,0
1605275400,2.86,2.86,2.86,2.86,0
1605275700,2.87,2.88,2.87,2.88,0
1605276000,2.88,2.88,2.88,2.88,0
1605276300,2.8801,2.8801,2.8801,2.8801,0
1605276600,2.8801,2.8801,2.8801,2.8801,0
1605276900,2.88,2.89,2.8799,2.88,0
1605277200,2.8799,2.88,2.87,2.87,0
1605277500,2.86,2.89,2.86,2.8702,0
1605277800,2.869999885559082,2.9800000190734863,2.859999895095825,2.9549999237060547,556479
1605278100,2.9600000381469727,2.9700000286102295,2.9500999450683594,2.9700000286102295,172980
1605278400,2.9700000286102295,3,2.960900068283081,2.9874000549316406,397037
1605278700,2.990000009536743,3,2.9800000190734863,2.984999895095825,245192
1605279000,2.984999895095825,3.005000114440918,2.9700000286102295,2.970099925994873,335476
1605279300,2.9800000190734863,3.0250000953674316,2.9749999046325684,3.007699966430664,249395
1605279600,3.009999990463257,3.0199999809265137,2.994999885559082,3.009999990463257,185097
1605279900,3.009999990463257,3.0299999713897705,3.001499891281128,3.0199999809265137,182110
1605280200,3.009999990463257,3.0299999713897705,2.990000009536743,3,165384
1605280500,2.9988999366760254,3.0299999713897705,2.990000009536743,3.0250000953674316,128938
1605280800,3.0250000953674316,3.0399999618530273,3.0199999809265137,3.029900074005127,183477
1605281100,3.029900074005127,3.0399999618530273,3.0199999809265137,3.0399999618530273,218957
1605281400,3.0350000858306885,3.049999952316284,3.0118000507354736,3.0350000858306885,461606
1605281700,3.0399999618530273,3.0399999618530273,3.0199999809265137,3.0250000953674316,167681
1605282000,3.0299999713897705,3.049999952316284,3.0199999809265137,3.0399999618530273,196891
1605282300,3.049999952316284,3.049999952316284,3.0299999713897705,3.0450000762939453,270274
1605282600,3.0399999618530273,3.049999952316284,3.0199999809265137,3.0299999713897705,245168
1605282900,3.0299999713897705,3.0299999713897705,3,3.005000114440918,124213
1605283200,3.009999990463257,3.009999990463257,3,3.005000114440918,110727
1605283500,3.009999990463257,3.009999990463257,2.990000009536743,2.990000009536743,298073
1605283800,2.990000009536743,2.994999885559082,2.9700000286102295,2.984999895095825,321530
1605284100,2.9800000190734863,2.981800079345703,2.9600000381469727,2.9800000190734863,130610
1605284400,2.9749999046325684,2.9800000190734863,2.9700000286102295,2.9749999046325684,93249
1605284700,2.976099967956543,2.990000009536743,2.960200071334839,2.990000009536743,257223
1605285000,2.990000009536743,3,2.984999895095825,3,140221
1605285300,2.998300075531006,3,2.9700000286102295,2.9749999046325684,157704
1605285600,2.9800000190734863,2.990000009536743,2.9749999046325684,2.990000009536743,93295
1605285900,2.9800000190734863,2.990000009536743,2.9800000190734863,2.984999895095825,25122
1605286200,2.9800000190734863,2.990000009536743,2.9647998809814453,2.9700000286102295,92111
1605286500,2.9649999141693115,2.9800000190734863,2.9600000381469727,2.9749999046325684,39718
1605286800,2.9700000286102295,2.9749999046325684,2.9549999237060547,2.9600000381469727,169968
1605287100,2.9649999141693115,2.9800000190734863,2.9600000381469727,2.9746999740600586,37406
1605287400,2.9749999046325684,2.9800000190734863,2.9700000286102295,2.9749999046325684,30051
1605287700,2.9749999046325684,2.990000009536743,2.97160005569458,2.9800000190734863,138713
1605288000,2.984999895095825,3,2.9800000190734863,2.994999885559082,136954
1605288300,3,3,2.990000009536743,3,28291
1605288600,2.994999885559082,3.005000114440918,2.990000009536743,2.994999885559082,155507
1605288900,2.994999885559082,3,2.990000009536743,2.9965999126434326,43190
1605289200,2.990000009536743,3,2.990000009536743,3,65677
1605289500,3,3.0199999809265137,2.994499921798706,3.0199999809265137,164193
1605289800,3.0130999088287354,3.0199999809265137,3.005000114440918,3.009999990463257,237231
1605290100,3.009999990463257,3.0199999809265137,3.005000114440918,3.015000104904175,79905
1605290400,3.01990008354187,3.0299999713897705,3.0100998878479004,3.0199999809265137,151850
1605290700,3.0199999809265137,3.0199999809265137,3.009999990463257,3.015000104904175,71869
1605291000,3.0199999809265137,3.0199999809265137,3.009999990463257,3.0199999809265137,85010
1605291300,3.0174999237060547,3.0199999809265137,3,3.015000104904175,257907
1605291600,3.015000104904175,3.0199999809265137,3.009999990463257,3.0199999809265137,14584
1605291900,3.0199999809265137,3.0399999618530273,3.014400005340576,3.0299999713897705,194686
1605292200,3.0299999713897705,3.0450000762939453,3.0299999713897705,3.0399999618530273,175176
1605292500,3.031599998474121,3.0399999618530273,3.0299999713897705,3.0399999618530273,89436
1605292800,3.0350000858306885,3.059999942779541,3.0299999713897705,3.055000066757202,446463
1605293100,3.059999942779541,3.059999942779541,3.0399999618530273,3.0422000885009766,224793
1605293400,3.0450000762939453,3.049999952316284,3.0399999618530273,3.0450000762939453,77054
1605293700,3.0450000762939453,3.049999952316284,3.0350000858306885,3.0350000858306885,121551
1605294000,3.0350000858306885,3.0399999618530273,3.0199999809265137,3.0299999713897705,115967
1605294300,3.0250000953674316,3.0250000953674316,3.009999990463257,3.015000104904175,166407
1605294600,3.009999990463257,3.0199999809265137,3,3.005000114440918,81723
1605294900,3.005000114440918,3.0199999809265137,3.005000114440918,3.015000104904175,211078
1605295200,3.015000104904175,3.0199999809265137,2.990000009536743,2.990000009536743,283530
1605295500,2.994999885559082,3,2.990000009536743,2.994999885559082,97969
1605295800,2.994999885559082,3.009999990463257,2.994999885559082,3.005000114440918,141098
1605296100,3.005000114440918,3.0299999713897705,3.005000114440918,3.0250000953674316,409843
1605296400,3.0250000953674316,3.0299999713897705,3.015000104904175,3.015000104904175,205757
1605296700,3.0199999809265137,3.0199999809265137,3.009999990463257,3.015000104904175,167548
1605297000,3.0199999809265137,3.0399999618530273,3.0116000175476074,3.0350000858306885,153932
1605297300,3.0299999713897705,3.0399999618530273,3.0299999713897705,3.030100107192993,102707
1605297600,3.0299999713897705,3.0399999618530273,3.0250000953674316,3.0350000858306885,224733
1605297900,3.0299999713897705,3.0350000858306885,3.0199999809265137,3.0250000953674316,108035
1605298200,3.0199999809265137,3.0299999713897705,3.0144999027252197,3.0199999809265137,239292
1605298500,3.0250000953674316,3.0299999713897705,3.0199999809265137,3.0299999713897705,69506
1605298800,3.0250000953674316,3.0299999713897705,3.009999990463257,3.0199999809265137,117010
1605299100,3.0199999809265137,3.0399999618530273,3.015000104904175,3.0350000858306885,185390
1605299400,3.0350000858306885,3.0450000762939453,3.0299999713897705,3.0399999618530273,237299
1605299700,3.0350000858306885,3.0399999618530273,3.0299999713897705,3.0399999618530273,186754
1605300000,3.0399999618530273,3.0399999618530273,3.0299999713897705,3.0399999618530273,169527
1605300300,3.0399999618530273,3.0399999618530273,3.0299999713897705,3.0350000858306885,542217
1605300600,3.0399999618530273,3.0399999618530273,3.0299999713897705,3.0350000858306885,241354
1605300900,3.0350000858306885,3.049999952316284,3.0299999713897705,3.049999952316284,1035437
1605301200,3.05,3.05,3.05,3.05,608687
1605302100,3.05,3.05,3.05,3.05,0
1605302400,3,3,3,3,0
1605302700,3,3.05,3,3.05,0
1605304200,3.05,3.05,3.05,3.05,0
1605306000,2.99,2.99,2.99,2.99,0
1605306300,3.05,3.05,3.05,3.05,0
1605306600,3.0498,3.0498,3.0498,3.0498,0
1605306900,3.05,3.05,3.04,3.04,0
1605307200,3,3,3,3,0
1605307800,3,3,3,3,0
1605310200,3.03,3.03,3.03,3.03,0
1605312900,3.04,3.04,3.04,3.04,0
