Date,Open,High,Low,Close,Volume
1605258900,143.99,144.06,143.88,144,0
1605259200,143.98,144,143.9,144,0
1605259500,143.9,143.92,143.9,143.92,0
1605259800,144,144.2,143.98,144.2,0
1605260100,144.4,144.4,144,144.23,0
1605260400,144.08,144.08,144.08,144.08,0
1605260700,144.1,144.7,144.1,144.65,0
1605261000,144.48,144.5,144.36,144.42,0
1605261300,144.5,144.6,144.46,144.6,0
1605261600,144.5,145.36,144.5,145.1,0
1605261900,145.13,145.41,145.1,145.37,0
1605262200,145.44,145.44,145.22,145.22,0
1605262500,145.19,145.19,145,145.05,0
1605262800,144.94,145.32,144.81,145.32,0
1605263100,144.94,144.96,144.9,144.9,0
1605263400,145.1,145.25,145.1,145.15,0
1605263700,144.9,145.02,144.9,145,0
1605264000,144.86,144.86,144.6,144.6,0
1605264300,144.59,144.81,144.59,144.8,0
1605264600,144.61,144.61,144.51,144.51,0
1605264900,144.87,144.87,144.87,144.87,0
1605265200,144.85,144.85,144.72,144.72,0
1605265500,144.76,144.77,144.76,144.77,0
1605265800,144.7,144.7,144.7,144.7,0
1605266100,144.66,144.69,144.66,144.69,0
1605266400,144.48,144.51,144.48,144.51,0
1605266700,144.44,144.53,144.3,144.44,0
1605267000,144.38,144.38,144.32,144.32,0
1605267300,144.38,144.4,144.16,144.21,0
1605267600,144.3,144.3,144.22,144.22,0
1605267900,144.44,144.57,144.44,144.57,0
1605268500,144.36,144.36,144.36,144.36,0
1605268800,144.16,144.16,143.91,143.91,0
1605269100,143.99,144.17,143.96,144.17,0
1605269400,144.15,144.15,144.04,144.04,0
1605269700,144.21,144.21,143.89,144,0
1605270000,144.1,144.34,144.08,144.28,0
1605270300,144.08,144.25,144.08,144.2,0
1605270600,144.18,144.37,144.18,144.37,0
1605270900,144.4,144.7,144.24,144.67,0
1605271200,144.67,144.75,144.5,144.58,0
1605271500,144.6,144.77,144.58,144.74,0
1605271800,144.75,144.76,144.45,144.45,0
1605272100,144.44,144.56,144.43,144.44,0
1605272400,144.38,144.38,143.9,143.98,0
1605272700,143.97,144.11,143.7,143.77,0
1605273000,143.78,143.81,143.78,143.79,0
1605273300,144.19,144.73,143.6999,144.11,0
1605273600,144.2,144.3801,144.1,144.28,0
1605273900,144.08,144.2,144.01,144.15,0
1605274200,144.11,144.25,143.97,143.97,0
1605274500,144,144.12,143.83,144.099,0
1605274800,144.13,144.44,144.08,144.41,0
1605275100,144.45,144.6,144.25,144.25,0
1605275400,144.27,144.31,144.1,144.31,0
1605275700,144.32,144.32,144,144.0298,0
1605276000,144.04,144.2,144.04,144.12,0
1605276300,144.08,144.14,144,144.14,0
1605276600,144.06,144.16,143.85,144.15,0
1605276900,144.13,144.1802,144,144.04,0
1605277200,144.08,144.1305,143.8,143.91,0
1605277500,143.95,144.1,143.88,143.88,0
1605277800,143.77999877929688,144.49000549316406,143.32000732421875,143.7698974609375,1295778
1605278100,143.72000122070312,144.85000610351562,143.13999938964844,144.5800018310547,733324
1605278400,144.55999755859375,145,144.2100067138672,144.52999877929688,534400
1605278700,144.5500030517578,144.86000061035156,143.5800018310547,143.9199981689453,632109
1605279000,143.93499755859375,144.35000610351562,143.47000122070312,144.22000122070312,463143
1605279300,144.2100067138672,144.6699981689453,143.5500030517578,143.5800018310547,469710
1605279600,143.57000732421875,143.7100067138672,142.7707977294922,142.8800048828125,501321
1605279900,142.8800048828125,143.4499969482422,142.5800018310547,142.67999267578125,509734
1605280200,142.660400390625,142.80859375,142.02499389648438,142.51499938964844,559062
1605280500,142.50999450683594,142.83999633789062,141.7100067138672,142.3300018310547,571894
1605280800,142.30999755859375,142.6999969482422,142.22999572753906,142.51710510253906,398848
1605281100,142.4600067138672,143.25,142.35549926757812,143.0959930419922,505531
1605281400,143.0800018310547,143.11000061035156,142.16000366210938,142.27499389648438,328369
1605281700,142.25250244140625,142.3300018310547,141.50999450683594,141.67990112304688,585408
1605282000,141.61000061035156,142.27000427246094,141.42999267578125,142.27000427246094,586449
1605282300,142.2698974609375,142.54969787597656,141.82000732421875,142.52999877929688,350678
1605282600,142.52000427246094,142.66000366210938,141.60000610351562,141.86000061035156,408770
1605282900,141.86000061035156,141.88009643554688,140.66000366210938,141.27000427246094,486819
1605283200,141.32000732421875,141.9199981689453,141.25999450683594,141.86000061035156,360558
1605283500,141.9250030517578,142.5399932861328,141.6999969482422,142.23019409179688,448951
1605283800,142.24000549316406,142.3000030517578,141.74000549316406,141.99000549316406,198921
1605284100,141.99000549316406,143.0399932861328,141.99000549316406,142.6999969482422,364686
1605284400,142.72000122070312,142.8800048828125,142.52000427246094,142.75559997558594,141794
1605284700,142.8000030517578,142.97970581054688,142.19000244140625,142.24000549316406,337705
1605285000,142.27999877929688,142.4199981689453,141.72999572753906,141.7899932861328,281666
1605285300,141.75999450683594,142.32460021972656,141.63999938964844,142.07000732421875,214929
1605285600,142.05499267578125,142.81900024414062,142.0399932861328,142.60000610351562,264918
1605285900,142.63999938964844,142.97000122070312,142.5500030517578,142.9600067138672,191356
1605286200,142.97000122070312,143.17999267578125,142.82000732421875,142.9680938720703,255755
1605286500,142.97000122070312,143.61000061035156,142.97000122070312,143.29879760742188,367963
1605286800,143.2949981689453,143.55999755859375,143.2100067138672,143.32000732421875,134790
1605287100,143.36000061035156,143.4600067138672,143.05999755859375,143.1999969482422,212503
1605287400,143.1999969482422,143.77000427246094,143.16549682617188,143.45030212402344,272992
1605287700,143.4799041748047,143.55999755859375,143.1300048828125,143.3699951171875,267089
1605288000,143.36839294433594,143.39999389648438,142.9499969482422,143.11000061035156,166218
1605288300,143.14999389648438,143.61990356445312,143.14999389648438,143.3699951171875,196608
1605288600,143.38999938964844,143.44000244140625,143.14999389648438,143.26080322265625,105075
1605288900,143.27999877929688,143.52999877929688,143.1114044189453,143.5113983154297,148825
1605289200,143.52000427246094,143.94000244140625,143.50999450683594,143.7700958251953,254505
1605289500,143.76199340820312,144,143.52999877929688,143.9561004638672,212060
1605289800,143.92999267578125,144.02000427246094,143.74000549316406,143.77000427246094,159309
1605290100,143.77000427246094,144.1699981689453,143.77000427246094,144.1199951171875,182708
1605290400,144.1300048828125,144.2899932861328,143.92999267578125,144.07009887695312,213935
1605290700,144.08999633789062,144.1649932861328,143.8802032470703,143.9600067138672,118504
1605291000,143.97999572753906,144.11000061035156,143.67999267578125,143.83299255371094,256925
1605291300,143.87869262695312,144.02000427246094,143.6699981689453,143.89999389648438,207525
1605291600,143.89999389648438,144.10000610351562,143.47999572753906,143.63999938964844,234402
1605291900,143.69000244140625,144.10000610351562,143.47999572753906,143.57000732421875,203982
1605292200,143.57000732421875,143.74000549316406,143.25999450683594,143.33999633789062,212286
1605292500,143.36000061035156,143.36509704589844,143.04080200195312,143.08909606933594,192081
1605292800,143.0500030517578,143.11000061035156,142.8300018310547,142.99000549316406,296966
1605293100,142.9600067138672,143.3000030517578,142.77999877929688,142.99000549316406,349890
1605293400,142.99000549316406,143.14999389648438,142.82000732421875,142.85000610351562,96048
1605293700,142.80999755859375,143.08990478515625,142.72000122070312,142.88999938964844,199593
1605294000,142.88999938964844,143.39999389648438,142.8000030517578,143.19000244140625,318445
1605294300,143.14999389648438,143.47999572753906,142.91000366210938,143.14999389648438,350398
1605294600,143.15660095214844,143.15980529785156,142.4199981689453,142.60189819335938,325540
1605294900,142.57000732421875,143.0850067138672,142.30099487304688,143.0850067138672,267723
1605295200,143.0850067138672,144.00999450683594,143.05999755859375,143.7592010498047,424065
1605295500,143.72999572753906,143.75,143.42999267578125,143.5500030517578,201783
1605295800,143.55999755859375,143.66000366210938,143.3000030517578,143.30999755859375,142539
1605296100,143.3000030517578,143.86000061035156,143.2928009033203,143.8000030517578,200792
1605296400,143.7899932861328,143.89500427246094,143.57009887695312,143.7100067138672,173400
1605296700,143.7100067138672,143.85000610351562,143.5,143.55999755859375,135659
1605297000,143.55999755859375,143.8800048828125,143.5399932861328,143.85000610351562,197534
1605297300,143.8300018310547,144.42999267578125,143.8300018310547,144.27000427246094,448918
1605297600,144.24000549316406,144.44000244140625,143.97000122070312,144.16009521484375,236639
1605297900,144.19000244140625,144.35000610351562,144.07000732421875,144.19000244140625,226924
1605298200,144.22000122070312,144.3000030517578,143.83999633789062,144.25999450683594,334213
1605298500,144.25999450683594,144.39999389648438,143.63999938964844,144.16000366210938,320324
1605298800,144.1699981689453,144.58999633789062,144.02000427246094,144.5500946044922,348305
1605299100,144.57000732421875,144.88999938964844,144.50079345703125,144.73500061035156,294543
1605299400,144.72349548339844,145.52999877929688,144.6300048828125,145.22999572753906,524767
1605299700,145.2299041748047,145.67999267578125,145.0800018310547,145.45010375976562,375006
1605300000,145.4499969482422,146.048095703125,145.38999938964844,145.9250030517578,442601
1605300300,145.92999267578125,146.0800018310547,145.36000061035156,145.39010620117188,372233
1605300600,145.42999267578125,145.77000427246094,145.1699981689453,145.1800994873047,432475
1605300900,145.19000244140625,145.75,145.0399932861328,145.38999938964844,577345
1605301200,145.34,145.34,145.14,145.14,44316
1605302100,145.37,145.64,145.04,145.55,0
1605302400,145.55,145.9,145.51,145.86,0
1605302700,145.88,145.91,145.69,145.781,0
1605303000,145.81,145.81,145.64,145.75,0
1605303300,145.71,145.76,145.6,145.71,0
1605303600,145.65,145.75,145.59,145.59,0
1605303900,145.59,145.76,145.54,145.76,0
1605304200,145.79,145.85,145.68,145.83,0
1605304500,145.85,145.85,145.65,145.75,0
1605304800,145.7404,145.82,145.7404,145.76,0
1605305100,145.79,145.85,145.75,145.85,0
1605305400,145.82,145.84,145.76,145.82,0
1605305700,145.84,145.88,145.7501,145.7501,0
1605306000,145.75,145.8,145.75,145.8,0
1605306300,145.69,145.8,145.69,145.8,0
1605306600,145.71,145.75,145.71,145.75,0
1605306900,145.8,145.8,145.691,145.691,0
1605307200,145.8,145.8,145.79,145.79,0
1605307500,145.8,145.9,145.71,145.89,0
1605307800,145.71,145.9,145.71,145.88,0
1605308100,145.75,145.75,145.69,145.69,0
1605308400,145.75,145.75,145.7,145.75,0
1605308700,145.6,145.8,145.6,145.8,0
1605309000,145.75,145.75,145.6001,145.7499,0
1605309300,145.75,145.75,145.75,145.75,0
1605309600,145.8,145.8,145.62,145.62,0
1605309900,145.61,145.61,145.61,145.61,0
1605310200,145.61,145.61,145.61,145.61,0
1605310500,145.6,145.6,145.6,145.6,0
1605310800,145.65,145.65,145.44,145.56,0
1605311100,145.65,145.79,145.65,145.79,0
1605311700,145.69,146,145.69,145.79,0
1605312000,145.86,146,145.85,145.86,0
1605312300,145.8,145.8,145.61,145.61,0
1605312600,145.61,145.61,145.61,145.61,0
1605312900,145.65,145.65,145.63,145.63,0
1605313200,145.6,145.61,145.6,145.6,0
1605313500,145.6,145.6,145.5,145.5,0
1605313800,145.6,145.6,145.6,145.6,0
1605314100,145.53,145.53,145.4,145.53,0
1605314400,145.55,145.55,145.53,145.55,0
1605314700,145.53,145.55,145.53,145.55,0
1605315000,145.53,145.53,145.3,145.44,0
1605315300,145.3,145.44,145.3,145.44,0
