Date,Open,High,Low,Close,Volume
1605258900,408.07,410.87,407.08,409.8,0
1605259200,410.06,410.06,407.38,407.38,0
1605259500,407.39,410,407.01,409.51,0
1605259800,409.39,409.59,408.27,408.27,0
1605260100,408.75,409.16,408.75,408.78,0
1605260400,408.2,408.8,408.2,408.8,0
1605260700,408.6,408.6,407.72,407.72,0
1605261000,407.8,407.8,407.78,407.8,0
1605261300,407.68,407.96,407.68,407.96,0
1605261600,408.4,409.91,408.4,409.91,0
1605261900,409.91,411,409.9,410.78,0
1605262200,410.47,410.55,409.5,409.5,0
1605262500,409.5,410.5,409.5,410.5,0
1605262800,410,410,410,410,0
1605263100,410,410,410,410,0
1605263400,409.97,409.97,409.97,409.97,0
1605263700,409.5,409.5,409.5,409.5,0
1605264000,409.5,409.5,409.3,409.3,0
1605264300,409.5,409.5,409.5,409.5,0
1605264600,409.81,410.42,409.81,410.42,0
1605265200,410.19,410.19,410.19,410.19,0
1605265500,410.7,410.7,410.7,410.7,0
1605266700,411,411,411,411,0
1605267000,411.2,411.2,411,411,0
1605267300,411.46,411.46,411.46,411.46,0
1605267600,411.13,411.5,411.12,411.5,0
1605267900,411.75,412,411.75,411.8,0
1605268200,411.8,412.8,411.8,412.8,0
1605268500,412.59,413.25,412.59,413,0
1605268800,413.28,413.5,413.28,413.42,0
1605269100,413,413,412.6,412.6,0
1605269400,412.4,412.4,412.4,412.4,0
1605269700,412,412.18,410.65,411,0
1605270000,410.97,412.1,410.82,412.1,0
1605270300,412.3,413.4,412.3,412.91,0
1605270600,412.85,413.28,412.26,413.25,0
1605270900,413.25,413.25,413,413,0
1605271200,412.99,413.1,412.9,413.1,0
1605271500,413.1,413.6,413.1,413.6,0
1605271800,413.47,413.85,413.47,413.85,0
1605272100,413.6,413.6,413.5,413.5,0
1605272400,413.3,413.3,412.8,412.83,0
1605272700,412.8,412.9,412.15,412.25,0
1605273000,412.25,412.8,412.25,412.8,0
1605273300,411.0499,413.9453,410.54,412.72,0
1605273600,412.8495,412.9899,412.6288,412.75,0
1605273900,412.85,413,412.85,412.9,0
1605274200,412.9,413,412.7969,412.9,0
1605274500,413,413,412.7,412.7,0
1605274800,412.6,412.85,412.6,412.75,0
1605275100,412.75,413,412.6,412.6,0
1605275400,412.7,412.7,412.11,412.35,0
1605275700,412.5,412.5,412.18,412.18,0
1605276000,412.27,412.38,412.18,412.21,0
1605276300,412.31,412.32,412,412,0
1605276600,412.01,412.22,411.22,411.5,0
1605276900,411.2,411.41,410,410,0
1605277200,410,411,410,410.98,0
1605277500,411,411.48,410.85,411.48,0
1605277800,408,409.25,406.760009765625,408.3500061035156,1667782
1605278100,408.3599853515625,412.5318908691406,407,412.3299865722656,692490
1605278400,412.29400634765625,412.4700012207031,409.54998779296875,410.864990234375,445275
1605278700,410.9700012207031,411.3500061035156,408.54998779296875,409.6156921386719,389292
1605279000,409.61041259765625,411.70001220703125,408.29998779296875,410.010986328125,424427
1605279300,410.1400146484375,411,407.82000732421875,408.29400634765625,384439
1605279600,408.19000244140625,408.95001220703125,405.8599853515625,406.6400146484375,642182
1605279900,406.6669921875,407.9100036621094,405.29998779296875,405.7298889160156,487676
1605280200,405.5,406.19000244140625,404.5,405.92730712890625,599125
1605280500,405.8699951171875,406.58770751953125,403.44000244140625,404.9154052734375,457239
1605280800,404.9150085449219,405.3399963378906,403.20001220703125,404.3194885253906,389257
1605281100,404.3299865722656,406.9100036621094,403.95001220703125,406.7900085449219,445076
1605281400,406.74560546875,407,404.739990234375,405.1864013671875,257723
1605281700,405.17999267578125,405.4472961425781,404.05999755859375,404.9299011230469,190082
1605282000,404.7449951171875,405.9200134277344,404.6914978027344,405.5299987792969,200439
1605282300,405.4179992675781,405.9100036621094,404.9700012207031,405.31500244140625,178879
1605282600,405.3999938964844,405.45001220703125,403.7799987792969,403.9549865722656,287917
1605282900,404.010009765625,404.125,401.6600036621094,402.3817138671875,519055
1605283200,402.4200134277344,403.8999938964844,402.1199951171875,403.8699951171875,323630
1605283500,403.7850036621094,404.9200134277344,402.7699890136719,403.8349914550781,305424
1605283800,403.8599853515625,404.1872863769531,402.7799987792969,404.1400146484375,215191
1605284100,404.0509033203125,406.3399963378906,404.0509033203125,406.3020935058594,287211
1605284400,406.3299865722656,406.8900146484375,405.6603088378906,406.5400085449219,286942
1605284700,406.6000061035156,407.1831970214844,405.78009033203125,406.07000732421875,253704
1605285000,406.3299865722656,406.38800048828125,404.6733093261719,405,205074
1605285300,405,406.2799987792969,404.75,404.8299865722656,144726
1605285600,404.80999755859375,406.54998779296875,404.75,406.1199951171875,148482
1605285900,406.2134094238281,406.54638671875,405.82000732421875,406.46209716796875,114672
1605286200,406.40679931640625,406.8691101074219,405.6400146484375,406.0799865722656,121563
1605286500,406.07501220703125,406.7869873046875,405.8999938964844,406.06500244140625,82061
1605286800,406.1881103515625,406.2099914550781,405.19000244140625,405.5,108132
1605287100,405.510009765625,405.5708923339844,404.3655090332031,404.7300109863281,145689
1605287400,404.6700134277344,405.239990234375,404.04998779296875,404.1868896484375,140881
1605287700,404.31500244140625,404.3962097167969,403.70001220703125,403.8143005371094,174576
1605288000,403.8393859863281,404,403.34539794921875,403.8450012207031,139297
1605288300,403.8999938964844,404.54998779296875,403.8599853515625,404.0452880859375,143625
1605288600,404.1449890136719,405.3299865722656,404.1449890136719,404.95001220703125,129947
1605288900,405.0299987792969,405.3800048828125,404.7099914550781,405.0849914550781,99151
1605289200,405.089599609375,406.17999267578125,405.0126037597656,405.8900146484375,195155
1605289500,405.8399963378906,406.0799865722656,405.260009765625,405.80999755859375,94761
1605289800,405.67999267578125,406.5,405.5199890136719,406.2200012207031,102559
1605290100,406.2749938964844,406.70001220703125,406.0899963378906,406.5899963378906,114178
1605290400,406.5899963378906,406.6700134277344,405.0799865722656,405.4700012207031,118971
1605290700,405.5,405.989990234375,405.25,405.8800048828125,90580
1605291000,405.8949890136719,406.06988525390625,404.7200012207031,405,108387
1605291300,404.989990234375,404.989990234375,403.84100341796875,404.04998779296875,140600
1605291600,404.1536865234375,404.643798828125,403.70001220703125,404,110648
1605291900,403.9867858886719,404.54998779296875,403.6700134277344,403.8550109863281,115596
1605292200,403.8599853515625,404.25,403.5,403.5249938964844,87195
1605292500,403.57000732421875,404.1099853515625,403.1499938964844,403.32110595703125,146328
1605292800,403.4100036621094,403.4494934082031,402.9100036621094,403.323486328125,170754
1605293100,403.1600036621094,403.46258544921875,402.79998779296875,402.9425964355469,127514
1605293400,402.94500732421875,403.1449890136719,402.510009765625,402.57000732421875,146616
1605293700,402.510009765625,403.59100341796875,402.5,403.3999938964844,138462
1605294000,403.5,403.70001220703125,402.6000061035156,402.69000244140625,139111
1605294300,402.739990234375,403.31298828125,402.0906982421875,402.3606872558594,164190
1605294600,402.3500061035156,402.4800109863281,401.92999267578125,401.989990234375,217237
1605294900,402.0257873535156,403.1300048828125,401.79998779296875,403.1099853515625,220856
1605295200,403.17999267578125,404.19000244140625,403.010009765625,403.20001220703125,209256
1605295500,403.2998962402344,403.4898986816406,402.6099853515625,402.69000244140625,122601
1605295800,402.6700134277344,403.1499938964844,402.26739501953125,402.8800048828125,139251
1605296100,402.7650146484375,403.489990234375,402.5,403.42169189453125,121744
1605296400,403.4100036621094,403.6199951171875,402.54998779296875,402.7598876953125,120692
1605296700,402.739990234375,403.2898864746094,402.4100036621094,403.1986083984375,175812
1605297000,403.1850891113281,404.2062072753906,402.82000732421875,404.010009765625,156583
1605297300,403.9537048339844,404.44000244140625,403.8999938964844,404.2699890136719,162817
1605297600,404.2300109863281,404.5150146484375,403.8299865722656,404.4599914550781,129365
1605297900,404.40570068359375,404.8999938964844,404.2099914550781,404.5,151505
1605298200,404.5,405.75,404.3699951171875,405.6099853515625,230859
1605298500,405.6099853515625,406.8399963378906,405.57000732421875,406.7749938964844,259427
1605298800,406.760009765625,406.8500061035156,406.0199890136719,406.5150146484375,183403
1605299100,406.489990234375,406.75,405.6900939941406,405.7867126464844,206826
1605299400,405.8500061035156,406.69000244140625,405.756103515625,406.0199890136719,174880
1605299700,406.06500244140625,406.6789855957031,405.92999267578125,406.17999267578125,153977
1605300000,406.17999267578125,406.96990966796875,406.0799865722656,406.9100036621094,205171
1605300300,406.8599853515625,407.80999755859375,406.8599853515625,407.3500061035156,299694
1605300600,407.5,408,406.9800109863281,407.95001220703125,394406
1605300900,407.94000244140625,408.9700012207031,407.75,408.67999267578125,659264
1605301200,408.5,408.5,408.5,408.5,497211
1605302100,408.5,408.67,407.74,407.86,0
1605302400,407.77,408.5,405.2259,405.2259,0
1605302700,408.1,408.5,406.0417,408.12,0
1605303000,408,408.16,408,408,0
1605303300,408,408.27,408,408,0
1605303600,408.0001,408.35,408,408,0
1605303900,408,408.15,408,408.07,0
1605304200,408.07,408.15,408,408.15,0
1605304500,408.25,408.38,408.15,408.15,0
1605304800,408.04,408.2399,408,408.2,0
1605305100,408.01,408.01,408,408,0
1605305400,408,408.5,408,408,0
1605305700,408.0002,408.2,407.8,408.2,0
1605306000,407.9901,408,407.87,407.87,0
1605306300,407.9,408.25,407.65,408.25,0
1605306600,408.24,408.24,408.02,408.04,0
1605306900,408.21,408.23,408.15,408.15,0
1605307200,408.22,408.23,408.22,408.22,0
1605307500,408,408.25,408,408.25,0
1605307800,408.07,408.07,408.01,408.01,0
1605308100,408.05,408.05,408,408,0
1605308400,407.83,407.83,407.83,407.83,0
1605308700,407.99,408.09,407.95,408.09,0
1605309000,408.1,408.1,408.01,408.01,0
1605309300,408,408,407.99,408,0
1605309600,408,408,408,408,0
1605309900,408.03,408.03,407.92,407.95,0
1605310200,407.95,408,407.95,407.97,0
1605310500,407.95,408.1,407.95,408.1,0
1605310800,408,408,407.9,407.9,0
1605311100,407.87,407.87,407.87,407.87,0
1605311400,407.84,407.84,407.59,407.75,0
1605311700,407.7,407.78,407.7,407.78,0
1605312000,407.6,407.7,407.6,407.7,0
1605312300,407.7,407.7,407.7,407.7,0
1605312600,407.54,407.7,407.54,407.7,0
1605312900,407.7,407.7,407.57,407.61,0
1605313200,407.6,407.85,407.6,407.85,0
1605313500,408,408,407.81,407.81,0
1605313800,407.9,407.9,407.6,407.74,0
1605314100,407.7,407.7,407.7,407.7,0
1605314400,407.7,407.7,407.5,407.5,0
1605314700,407.51,407.6,407.5,407.5,0
1605315000,407.5,407.59,407.5,407.59,0
1605315300,407.5,407.59,407.47,407.5,0
