Date,Open,High,Low,Close,Volume
1605258900,10.83,10.83,10.82,10.82,0
1605259200,10.81,10.81,10.8,10.81,0
1605259800,10.8,10.8,10.8,10.8,0
1605260100,10.77,10.77,10.77,10.77,0
1605260700,10.74,10.74,10.71,10.71,0
1605261900,10.7,10.7,10.7,10.7,0
1605262800,10.69,10.69,10.69,10.69,0
1605263100,10.69,10.69,10.69,10.69,0
1605263400,10.69,10.69,10.66,10.66,0
1605264900,10.65,10.65,10.65,10.65,0
1605265800,10.66,10.66,10.66,10.66,0
1605267300,10.73,10.73,10.73,10.73,0
1605267900,10.71,10.71,10.71,10.71,0
1605269100,10.68,10.7,10.68,10.68,0
1605269700,10.68,10.76,10.67,10.76,0
1605270000,10.768,10.778,10.758,10.778,0
1605270300,10.78,10.78,10.77,10.778,0
1605270600,10.78,10.8,10.78,10.8,0
1605270900,10.8,10.81,10.79,10.8,0
1605271200,10.8,10.81,10.788,10.798,0
1605271500,10.79,10.79,10.78,10.78,0
1605271800,10.8,10.8,10.8,10.8,0
1605272100,10.79,10.79,10.79,10.79,0
1605272400,10.8,10.82,10.789,10.82,0
1605272700,10.82,10.82,10.8,10.81,0
1605273000,10.81,10.82,10.81,10.82,0
1605273300,10.7799,10.83,10.68,10.81,0
1605273600,10.8,10.8,10.79,10.79,0
1605273900,10.7899,10.8,10.78,10.79,0
1605274200,10.7901,10.83,10.79,10.83,0
1605274500,10.83,10.83,10.8,10.8,0
1605274800,10.79,10.8001,10.79,10.79,0
1605275100,10.8,10.8,10.73,10.73,0
1605275400,10.73,10.75,10.7,10.7,0
1605275700,10.69,10.7499,10.69,10.73,0
1605276000,10.76,10.76,10.75,10.75,0
1605276300,10.76,10.77,10.75,10.76,0
1605276600,10.7502,10.7502,10.75,10.75,0
1605276900,10.75,10.7702,10.75,10.7702,0
1605277200,10.78,10.79,10.78,10.7804,0
1605277500,10.7804,10.79,10.7804,10.79,0
1605277800,10.754599571228027,10.760000228881836,10.579999923706055,10.59000015258789,1489552
1605278100,10.588000297546387,10.65999984741211,10.529999732971191,10.539999961853027,763890
1605278400,10.540800094604492,10.5600004196167,10.505000114440918,10.520000457763672,450633
1605278700,10.520000457763672,10.539999961853027,10.470000267028809,10.479999542236328,583827
1605279000,10.470000267028809,10.510000228881836,10.420000076293945,10.478899955749512,688694
1605279300,10.475000381469727,10.48550033569336,10.449999809265137,10.46780014038086,321242
1605279600,10.470000267028809,10.499600410461426,10.4399995803833,10.460000038146973,719236
1605279900,10.460000038146973,10.470000267028809,10.390000343322754,10.401599884033203,520780
1605280200,10.404999732971191,10.469300270080566,10.380000114440918,10.458700180053711,534730
1605280500,10.450699806213379,10.550000190734863,10.449999809265137,10.539999961853027,615146
1605280800,10.53849983215332,10.555000305175781,10.51200008392334,10.541000366210938,210573
1605281100,10.545000076293945,10.5600004196167,10.460000038146973,10.460000038146973,342278
1605281400,10.460100173950195,10.5,10.449999809265137,10.465499877929688,204149
1605281700,10.470000267028809,10.569999694824219,10.460100173950195,10.556500434875488,302646
1605282000,10.555800437927246,10.579000473022461,10.489999771118164,10.505000114440918,243959
1605282300,10.5,10.529199600219727,10.479999542236328,10.522700309753418,210253
1605282600,10.513400077819824,10.579999923706055,10.513400077819824,10.5600004196167,159344
1605282900,10.566200256347656,10.649999618530273,10.5600004196167,10.630000114440918,374935
1605283200,10.629899978637695,10.630000114440918,10.600000381469727,10.619999885559082,187749
1605283500,10.619400024414062,10.619999885559082,10.569999694824219,10.600000381469727,161701
1605283800,10.600000381469727,10.609299659729004,10.569999694824219,10.589900016784668,96870
1605284100,10.586199760437012,10.600000381469727,10.520099639892578,10.524999618530273,143787
1605284400,10.520000457763672,10.539999961853027,10.489999771118164,10.493000030517578,123525
1605284700,10.489999771118164,10.5649995803833,10.46500015258789,10.494999885559082,475967
1605285000,10.489999771118164,10.539999961853027,10.479999542236328,10.539999961853027,153494
1605285300,10.539999961853027,10.579999923706055,10.530099868774414,10.550000190734863,125567
1605285600,10.550000190734863,10.550000190734863,10.515000343322754,10.538900375366211,148417
1605285900,10.539199829101562,10.54990005493164,10.529999732971191,10.539999961853027,41796
1605286200,10.539999961853027,10.560799598693848,10.538700103759766,10.5600004196167,79759
1605286500,10.555000305175781,10.579999923706055,10.550000190734863,10.579999923706055,95222
1605286800,10.579999923706055,10.589200019836426,10.550800323486328,10.561100006103516,166329
1605287100,10.569999694824219,10.578499794006348,10.550100326538086,10.569999694824219,60858
1605287400,10.561100006103516,10.59000015258789,10.550000190734863,10.586999893188477,65218
1605287700,10.59000015258789,10.630000114440918,10.580100059509277,10.630000114440918,205351
1605288000,10.619999885559082,10.649999618530273,10.61769962310791,10.640000343322754,201955
1605288300,10.640000343322754,10.640000343322754,10.600700378417969,10.619999885559082,68378
1605288600,10.629500389099121,10.63010025024414,10.579999923706055,10.588600158691406,85903
1605288900,10.579999923706055,10.600000381469727,10.570099830627441,10.588500022888184,33812
1605289200,10.587699890136719,10.609999656677246,10.5649995803833,10.60990047454834,62640
1605289500,10.609399795532227,10.609399795532227,10.524999618530273,10.524999618530273,215892
1605289800,10.526200294494629,10.539999961853027,10.5,10.520000457763672,320566
1605290100,10.520000457763672,10.557000160217285,10.520000457763672,10.53499984741211,80515
1605290400,10.529999732971191,10.600000381469727,10.529999732971191,10.589200019836426,287921
1605290700,10.579999923706055,10.579999923706055,10.520000457763672,10.527400016784668,82434
1605291000,10.52560043334961,10.59000015258789,10.524999618530273,10.575499534606934,163281
1605291300,10.569999694824219,10.59000015258789,10.550800323486328,10.5600004196167,49590
1605291600,10.5649995803833,10.629899978637695,10.5649995803833,10.59000015258789,321428
1605291900,10.59939956665039,10.60990047454834,10.5600004196167,10.585000038146973,132726
1605292200,10.599900245666504,10.649999618530273,10.590100288391113,10.625499725341797,174124
1605292500,10.630000114440918,10.630000114440918,10.5649995803833,10.569999694824219,132222
1605292800,10.562000274658203,10.579999923706055,10.529999732971191,10.532899856567383,334863
1605293100,10.539199829101562,10.579999923706055,10.520000457763672,10.569999694824219,231491
1605293400,10.569899559020996,10.569999694824219,10.53499984741211,10.560099601745605,143413
1605293700,10.5649995803833,10.574999809265137,10.53499984741211,10.5600004196167,223164
1605294000,10.558500289916992,10.569999694824219,10.529999732971191,10.550100326538086,209210
1605294300,10.5600004196167,10.5600004196167,10.510000228881836,10.521699905395508,102714
1605294600,10.520000457763672,10.529999732971191,10.5,10.524999618530273,145758
1605294900,10.524999618530273,10.5600004196167,10.489999771118164,10.498499870300293,146222
1605295200,10.489999771118164,10.489999771118164,10.449999809265137,10.479999542236328,234062
1605295500,10.479100227355957,10.479999542236328,10.45199966430664,10.45199966430664,123668
1605295800,10.454999923706055,10.454999923706055,10.420000076293945,10.439000129699707,204677
1605296100,10.4350004196167,10.449299812316895,10.329999923706055,10.350000381469727,412040
1605296400,10.354999542236328,10.364999771118164,10.329999923706055,10.337699890136719,286046
1605296700,10.329999923706055,10.380000114440918,10.319999694824219,10.369999885559082,262998
1605297000,10.369999885559082,10.380000114440918,10.3100004196167,10.320099830627441,172564
1605297300,10.324999809265137,10.328700065612793,10.260000228881836,10.270000457763672,784141
1605297600,10.279999732971191,10.319999694824219,10.260000228881836,10.303999900817871,346117
1605297900,10.3100004196167,10.319999694824219,10.270000457763672,10.280500411987305,146930
1605298200,10.289400100708008,10.324999809265137,10.279999732971191,10.295000076293945,261573
1605298500,10.295000076293945,10.345000267028809,10.284000396728516,10.303400039672852,315038
1605298800,10.308500289916992,10.326000213623047,10.303999900817871,10.3100004196167,110123
1605299100,10.319999694824219,10.350000381469727,10.319999694824219,10.345000267028809,250057
1605299400,10.34939956665039,10.350000381469727,10.300000190734863,10.3100004196167,449419
1605299700,10.3149995803833,10.319000244140625,10.279999732971191,10.290599822998047,205408
1605300000,10.295000076293945,10.295000076293945,10.229999542236328,10.229999542236328,374118
1605300300,10.229999542236328,10.270000457763672,10.210000038146973,10.2677001953125,446334
1605300600,10.270000457763672,10.354999542236328,10.260000228881836,10.345000267028809,623381
1605300900,10.345000267028809,10.369999885559082,10.3100004196167,10.329500198364258,1052341
1605301200,10.32,10.32,10.32,10.32,11043
1605302100,10.34,10.34,10.3004,10.31,0
1605302400,10.31,10.32,10.3,10.3,0
1605302700,10.31,10.34,10.31,10.31,0
1605303000,10.31,10.32,10.28,10.3,0
1605303300,10.29,10.3,10.26,10.28,0
1605303600,10.28,10.2801,10.2798,10.2801,0
1605303900,10.3,10.32,10.3,10.32,0
1605304200,10.31,10.31,10.3,10.3098,0
1605304500,10.31,10.31,10.29,10.29,0
1605304800,10.3,10.3,10.2898,10.2898,0
1605305100,10.3,10.32,10.3,10.32,0
1605305400,10.32,10.32,10.3,10.3,0
1605305700,10.3,10.3,10.2998,10.2999,0
1605306000,10.2998,10.3,10.2998,10.3,0
1605306300,10.29,10.31,10.29,10.31,0
1605306600,10.32,10.32,10.32,10.32,0
1605306900,10.32,10.32,10.32,10.32,0
1605307200,10.3001,10.3001,10.3001,10.3001,0
1605307500,10.3,10.3,10.29,10.29,0
1605307800,10.28,10.29,10.27,10.28,0
1605308100,10.27,10.3,10.27,10.3,0
1605308400,10.31,10.31,10.31,10.31,0
1605308700,10.3,10.3,10.3,10.3,0
1605309000,10.31,10.31,10.31,10.31,0
1605309300,10.29,10.29,10.29,10.29,0
1605309900,10.31,10.31,10.31,10.31,0
1605310500,10.28,10.3,10.28,10.3,0
1605310800,10.31,10.31,10.3,10.3,0
1605311100,10.31,10.31,10.3,10.3,0
1605311400,10.3,10.32,10.3,10.32,0
1605311700,10.33,10.33,10.31,10.31,0
1605312000,10.3,10.32,10.3,10.32,0
1605312300,10.32,10.32,10.26,10.26,0
1605312600,10.27,10.27,10.26,10.26,0
1605313200,10.28,10.31,10.28,10.3,0
1605313800,10.28,10.28,10.28,10.28,0
1605314100,10.28,10.3,10.28,10.3,0
1605314400,10.29,10.29,10.29,10.29,0
1605314700,10.28,10.28,10.25,10.25,0
1605315300,10.27,10.28,10.25,10.25,0
