Date,Open,High,Low,Close,Volume
1605258900,13.84,13.84,13.7,13.7,0
1605259200,13.69,13.75,13.69,13.75,0
1605259500,13.71,13.71,13.68,13.7,0
1605259800,13.71,13.71,13.71,13.71,0
1605260100,13.7,13.7,13.62,13.65,0
1605260400,13.62,13.63,13.62,13.63,0
1605260700,13.64,13.69,13.52,13.52,0
1605261000,13.53,13.57,13.52,13.57,0
1605261300,13.55,13.6,13.52,13.59,0
1605261600,13.58,13.58,13.54,13.54,0
1605261900,13.52,13.54,13.52,13.54,0
1605262200,13.53,13.53,13.5,13.5,0
1605262500,13.54,13.54,13.5,13.5,0
1605262800,13.5,13.53,13.5,13.53,0
1605263100,13.54,13.57,13.52,13.52,0
1605263400,13.51,13.52,13.5,13.5,0
1605263700,13.47,13.5,13.46,13.5,0
1605264000,13.5,13.55,13.5,13.55,0
1605264300,13.57,13.57,13.57,13.57,0
1605264600,13.6,13.6,13.6,13.6,0
1605264900,13.54,13.54,13.51,13.53,0
1605265500,13.51,13.51,13.49,13.5,0
1605265800,13.49,13.53,13.49,13.53,0
1605266100,13.53,13.57,13.52,13.52,0
1605266400,13.55,13.55,13.55,13.55,0
1605266700,13.55,13.55,13.55,13.55,0
1605267000,13.55,13.59,13.55,13.59,0
1605267300,13.57,13.57,13.57,13.57,0
1605267600,13.55,13.58,13.55,13.58,0
1605267900,13.6,13.6,13.58,13.58,0
1605268500,13.56,13.63,13.55,13.63,0
1605268800,13.67,13.67,13.61,13.61,0
1605269100,13.62,13.63,13.59,13.62,0
1605269400,13.59,13.59,13.58,13.58,0
1605269700,13.59,13.64,13.54,13.64,0
1605270000,13.66,13.69,13.64,13.67,0
1605270300,13.68,13.72,13.68,13.7,0
1605270600,13.71,13.73,13.71,13.73,0
1605270900,13.73,13.75,13.72,13.74,0
1605271200,13.74,13.75,13.74,13.75,0
1605271500,13.75,13.75,13.66,13.66,0
1605271800,13.66,13.66,13.64,13.66,0
1605272100,13.66,13.68,13.66,13.66,0
1605272400,13.68,13.72,13.68,13.72,0
1605272700,13.72,13.72,13.71,13.71,0
1605273000,13.75,13.75,13.75,13.75,0
1605273300,13.72,13.76,13.56,13.7,0
1605273600,13.7499,13.7499,13.72,13.72,0
1605273900,13.72,13.73,13.71,13.72,0
1605274200,13.71,13.73,13.71,13.73,0
1605274500,13.73,13.73,13.7,13.72,0
1605274800,13.7,13.7,13.66,13.67,0
1605275100,13.67,13.67,13.61,13.62,0
1605275400,13.64,13.68,13.63,13.65,0
1605275700,13.63,13.69,13.63,13.66,0
1605276000,13.6601,13.67,13.61,13.64,0
1605276300,13.63,13.64,13.61,13.61,0
1605276600,13.6398,13.64,13.6198,13.6398,0
1605276900,13.64,13.65,13.6,13.63,0
1605277200,13.63,13.71,13.63,13.68,0
1605277500,13.68,13.7,13.63,13.6498,0
1605277800,13.65999984741211,13.65999984741211,13.520000457763672,13.520000457763672,2031300
1605278100,13.524999618530273,13.630000114440918,13.5,13.524999618530273,1043659
1605278400,13.520000457763672,13.53499984741211,13.40999984741211,13.410099983215332,675887
1605278700,13.414999961853027,13.420000076293945,13.319999694824219,13.319999694824219,1159562
1605279000,13.324999809265137,13.354999542236328,13.260000228881836,13.324999809265137,1107225
1605279300,13.324999809265137,13.359999656677246,13.270000457763672,13.329999923706055,737742
1605279600,13.329999923706055,13.369999885559082,13.300000190734863,13.317299842834473,707663
1605279900,13.3149995803833,13.36989974975586,13.300000190734863,13.319000244140625,692852
1605280200,13.310099601745605,13.418700218200684,13.310099601745605,13.399999618530273,923613
1605280500,13.390999794006348,13.46500015258789,13.380000114440918,13.405799865722656,1756970
1605280800,13.40999984741211,13.417499542236328,13.345000267028809,13.359999656677246,509086
1605281100,13.364999771118164,13.390000343322754,13.279999732971191,13.295000076293945,718945
1605281400,13.290399551391602,13.3149995803833,13.220000267028809,13.229299545288086,606048
1605281700,13.25,13.34000015258789,13.220000267028809,13.280099868774414,646855
1605282000,13.28499984741211,13.350000381469727,13.190099716186523,13.210000038146973,525056
1605282300,13.218899726867676,13.239999771118164,13.130000114440918,13.145000457763672,690495
1605282600,13.149999618530273,13.239999771118164,13.139300346374512,13.218999862670898,685673
1605282900,13.21500015258789,13.430000305175781,13.210000038146973,13.288999557495117,1125815
1605283200,13.288999557495117,13.319999694824219,13.210000038146973,13.244999885559082,702176
1605283500,13.244999885559082,13.279999732971191,13.199999809265137,13.217499732971191,358377
1605283800,13.220000267028809,13.270000457763672,13.194999694824219,13.239999771118164,572321
1605284100,13.239999771118164,13.239999771118164,13.170000076293945,13.170000076293945,279781
1605284400,13.177300453186035,13.1899995803833,13.119999885559082,13.15999984741211,702529
1605284700,13.15999984741211,13.289999961853027,13.15999984741211,13.220000267028809,825919
1605285000,13.220000267028809,13.279999732971191,13.180000305175781,13.270000457763672,331475
1605285300,13.270000457763672,13.28969955444336,13.180000305175781,13.230299949645996,227543
1605285600,13.229999542236328,13.229999542236328,13.130000114440918,13.15999984741211,362487
1605285900,13.15999984741211,13.180000305175781,13.100000381469727,13.168999671936035,885771
1605286200,13.180000305175781,13.220000267028809,13.140000343322754,13.164999961853027,347173
1605286500,13.170000076293945,13.180000305175781,13.109999656677246,13.149900436401367,420263
1605286800,13.145000457763672,13.149999618530273,13.100000381469727,13.109999656677246,435028
1605287100,13.109999656677246,13.140000343322754,13.100000381469727,13.135000228881836,277521
1605287400,13.134499549865723,13.140000343322754,13.079999923706055,13.098299980163574,509632
1605287700,13.100000381469727,13.119999885559082,13.09000015258789,13.109999656677246,214569
1605288000,13.108699798583984,13.149999618530273,13.100000381469727,13.120100021362305,257077
1605288300,13.128800392150879,13.130000114440918,13.050000190734863,13.100000381469727,1052431
1605288600,13.100000381469727,13.109999656677246,13.050000190734863,13.069899559020996,297197
1605288900,13.0649995803833,13.069999694824219,13.020000457763672,13.029999732971191,358962
1605289200,13.029999732971191,13.0600004196167,13.020000457763672,13.055000305175781,400442
1605289500,13.059900283813477,13.0649995803833,13.029999732971191,13.039999961853027,211957
1605289800,13.039899826049805,13.069999694824219,13.029999732971191,13.0649995803833,232067
1605290100,13.0600004196167,13.069999694824219,13.039999961853027,13.0600004196167,137779
1605290400,13.055000305175781,13.104999542236328,13.038999557495117,13.050000190734863,560610
1605290700,13.055000305175781,13.0600004196167,13.029999732971191,13.045100212097168,185982
1605291000,13.048999786376953,13.109999656677246,13.039999961853027,13.109999656677246,358750
1605291300,13.109999656677246,13.119999885559082,13.079999923706055,13.100000381469727,423996
1605291600,13.100000381469727,13.149999618530273,13.070099830627441,13.09000015258789,231286
1605291900,13.09000015258789,13.104999542236328,13.045000076293945,13.100000381469727,239730
1605292200,13.09000015258789,13.180000305175781,13.09000015258789,13.15999984741211,394284
1605292500,13.152999877929688,13.159199714660645,13.0600004196167,13.088700294494629,393676
1605292800,13.09000015258789,13.15999984741211,13.09000015258789,13.135899543762207,229688
1605293100,13.140000343322754,13.15999984741211,13.079999923706055,13.104999542236328,462896
1605293400,13.109000205993652,13.130000114440918,13.079999923706055,13.09000015258789,223706
1605293700,13.09000015258789,13.095000267028809,13.050000190734863,13.079999923706055,323976
1605294000,13.079999923706055,13.09000015258789,13.04010009765625,13.059900283813477,485090
1605294300,13.055000305175781,13.0600004196167,12.979999542236328,13.000100135803223,1075115
1605294600,13.000300407409668,13.050000190734863,12.99899959564209,13.015000343322754,267537
1605294900,13.020000457763672,13.050000190734863,12.949999809265137,12.949999809265137,477944
1605295200,12.951899528503418,13.010000228881836,12.930000305175781,12.96090030670166,597790
1605295500,12.968500137329102,13.018699645996094,12.949999809265137,12.959699630737305,228179
1605295800,12.949999809265137,12.95989990234375,12.920000076293945,12.925000190734863,258931
1605296100,12.921099662780762,12.930000305175781,12.880000114440918,12.885000228881836,480566
1605296400,12.885000228881836,12.90999984741211,12.880000114440918,12.90999984741211,282493
1605296700,12.899999618530273,12.944999694824219,12.899999618530273,12.899999618530273,364302
1605297000,12.899999618530273,12.90999984741211,12.829999923706055,12.829999923706055,458740
1605297300,12.835000038146973,12.838700294494629,12.729999542236328,12.765000343322754,892752
1605297600,12.760000228881836,12.850000381469727,12.760000228881836,12.845000267028809,465953
1605297900,12.84000015258789,12.869999885559082,12.800000190734863,12.850899696350098,345800
1605298200,12.854999542236328,12.899999618530273,12.84000015258789,12.859999656677246,369386
1605298500,12.859999656677246,12.9399995803833,12.850000381469727,12.90999984741211,625350
1605298800,12.90999984741211,12.930000305175781,12.890000343322754,12.897199630737305,229905
1605299100,12.89009952545166,12.8996000289917,12.829899787902832,12.830100059509277,304798
1605299400,12.835000038146973,12.859999656677246,12.770000457763672,12.854999542236328,720812
1605299700,12.854999542236328,12.899999618530273,12.829999923706055,12.899999618530273,408150
1605300000,12.895000457763672,12.899999618530273,12.800000190734863,12.819999694824219,610333
1605300300,12.819899559020996,12.9350004196167,12.8100004196167,12.84000015258789,544767
1605300600,12.84000015258789,12.890000343322754,12.8100004196167,12.850099563598633,853753
1605300900,12.851099967956543,13.04010009765625,12.850000381469727,13.04010009765625,1344058
1605301200,13.04,13.05,13.04,13.05,75794
1605302100,13.04,13.08,12.93,12.9698,0
1605302400,12.96,12.96,12.88,12.89,0
1605302700,12.89,12.92,12.89,12.909,0
1605303000,12.91,12.98,12.905,12.95,0
1605303300,12.9498,12.96,12.89,12.94,0
1605303600,12.94,12.98,12.94,12.95,0
1605303900,12.94,12.96,12.92,12.92,0
1605304200,12.94,12.95,12.91,12.92,0
1605304500,12.9,13.05,12.9,12.97,0
1605304800,12.95,12.95,12.91,12.95,0
1605305100,12.92,12.96,12.92,12.95,0
1605305400,12.95,12.96,12.92,12.94,0
1605305700,12.94,12.95,12.94,12.95,0
1605306000,12.95,12.95,12.92,12.92,0
1605306300,12.92,12.94,12.91,12.93,0
1605306600,12.94,12.94,12.92,12.94,0
1605306900,12.94,12.94,12.92,12.92,0
1605307200,12.94,12.95,12.93,12.93,0
1605307500,12.94,12.95,12.94,12.94,0
1605307800,12.93,12.94,12.93,12.93,0
1605308100,12.93,12.95,12.93,12.94,0
1605308400,12.93,12.95,12.93,12.95,0
1605308700,12.94,12.98,12.94,12.96,0
1605309000,12.98,12.98,12.95,12.97,0
1605309300,12.98,12.98,12.98,12.98,0
1605309600,12.98,12.98,12.96,12.96,0
1605309900,12.97,13.04,12.97,13.04,0
1605310200,13.03,13.04,13.02,13.03,0
1605310500,13.03,13.04,13,13,0
1605310800,13.02,13.03,13,13,0
1605311100,12.98,13,12.98,13,0
1605311400,13,13.03,13,13,0
1605311700,13,13.02,12.98,12.99,0
1605312000,13,13.05,13,13.01,0
1605312300,13,13.02,13,13,0
1605312600,13,13.01,13,13,0
1605312900,13.01,13.01,13,13,0
1605313200,13.03,13.03,13.01,13.01,0
1605313500,13,13,13,13,0
1605313800,12.99,12.99,12.99,12.99,0
1605314100,13,13,12.99,12.99,0
1605314400,12.99,13,12.98,12.98,0
1605314700,12.9799,12.99,12.97,12.99,0
1605315000,12.98,12.98,12.97,12.98,0
1605315300,12.98,12.99,12.98,12.98,0
