Date,Open,High,Low,Close,Volume
1605258900,23.1,23.25,23.1,23.2,0
1605259200,23.2,23.59,23.2,23.49,0
1605259500,23.52,23.55,23.5,23.5,0
1605259800,23.42,23.5,23.38,23.5,0
1605260100,23.5,23.55,23.5,23.55,0
1605260400,23.49,23.54,23.48,23.54,0
1605260700,23.48,23.58,23.48,23.55,0
1605261300,23.48,23.62,23.48,23.6,0
1605261600,23.6,23.6,23.5,23.5,0
1605261900,23.4,23.4,23.4,23.4,0
1605262200,23.38,23.38,23.3,23.3,0
1605262500,23.32,23.59,23.31,23.59,0
1605262800,23.6,23.75,23.46,23.75,0
1605263100,23.68,24.98,23.65,24.9,0
1605263400,24.75,24.75,24.02,24.02,0
1605263700,24.02,24.13,23.8,24.05,0
1605264000,24.06,24.13,23.33,23.33,0
1605264300,23.32,23.39,22.4,23.39,0
1605264600,23.35,23.39,23.11,23.2,0
1605264900,23.2,23.8,23.2,23.78,0
1605265200,23.8,23.8,23.6,23.6,0
1605265500,23.6,23.6,23.47,23.5,0
1605265800,23.36,23.5,23.3,23.4,0
1605266100,23.4,23.5,23.4,23.5,0
1605266400,23.5,23.5,23.5,23.5,0
1605266700,23.5,23.6,23.5,23.5,0
1605267000,23.45,23.46,23.45,23.45,0
1605267300,23.45,23.75,23.45,23.57,0
1605267600,23.68,23.68,23.45,23.45,0
1605267900,23.65,23.7,23.6,23.6,0
1605268200,23.6,23.62,23.6,23.6,0
1605268500,23.66,23.66,23.66,23.66,0
1605268800,23.7,23.75,23.7,23.74,0
1605269100,23.75,23.8,23.75,23.8,0
1605269400,23.75,23.78,23.75,23.77,0
1605269700,23.75,24,23.7,23.99,0
1605270000,24,24.02,23.98,24.02,0
1605270300,24.07,24.39,24.07,24.15,0
1605270600,24.15,24.46,24.15,24.46,0
1605270900,24.5,24.5,24.35,24.42,0
1605271200,24.31,24.35,24.31,24.35,0
1605271500,24.35,24.35,24.01,24.01,0
1605271800,24.18,24.24,24.06,24.06,0
1605272100,24.1,24.24,24,24.24,0
1605272400,24.24,24.24,23.9,24.11,0
1605272700,23.92,24,23.91,23.91,0
1605273000,23.9,24.11,23.86,23.89,0
1605273300,24,24.51,23.79,23.89,0
1605273600,23.89,23.9,23.57,23.57,0
1605273900,23.6,23.75,23.51,23.66,0
1605274200,23.61,23.85,23.61,23.74,0
1605274500,23.73,23.8,23.62,23.8,0
1605274800,23.85,24,23.75,23.85,0
1605275100,23.85,23.85,23.7,23.7,0
1605275400,23.7,23.71,23.6,23.71,0
1605275700,23.66,23.66,23.61,23.62,0
1605276000,23.62,23.62,23.47,23.52,0
1605276300,23.51,23.6,23.45,23.5,0
1605276600,23.51,23.57,23.5,23.5,0
1605276900,23.5,23.56,23.48,23.51,0
1605277200,23.49,23.7,23.49,23.7,0
1605277500,23.63,23.65,23.44,23.45,0
1605277800,23.559999465942383,23.68000030517578,22.583499908447266,23.155000686645508,3345475
1605278100,23.145000457763672,23.420000076293945,22.940000534057617,23.3700008392334,512966
1605278400,23.3799991607666,23.40999984741211,22.899999618530273,22.90999984741211,675655
1605278700,22.90999984741211,23.170000076293945,22.799999237060547,23.094999313354492,388095
1605279000,23.090999603271484,23.479999542236328,23.09000015258789,23.424999237060547,359853
1605279300,23.43000030517578,23.530000686645508,23.280000686645508,23.295000076293945,233970
1605279600,23.299999237060547,23.469999313354492,23.219999313354492,23.40999984741211,218765
1605279900,23.420000076293945,23.459999084472656,23.201000213623047,23.219999313354492,186340
1605280200,23.21500015258789,23.229999542236328,22.399999618530273,22.399999618530273,823741
1605280500,22.405000686645508,22.860000610351562,22.389999389648438,22.829999923706055,239029
1605280800,22.84000015258789,22.989999771118164,22.760000228881836,22.954999923706055,217974
1605281100,22.954999923706055,23.059999465942383,22.90999984741211,22.924999237060547,196190
1605281400,22.940000534057617,23.069900512695312,22.899999618530273,23.020000457763672,237753
1605281700,23.020000457763672,23.040000915527344,22.709999084472656,22.715599060058594,171609
1605282000,22.739999771118164,23.040000915527344,22.719999313354492,23.010000228881836,159657
1605282300,23.010000228881836,23.020000457763672,22.6200008392334,22.684999465942383,203070
1605282600,22.674999237060547,22.760000228881836,21.739999771118164,22.219999313354492,507925
1605282900,22.200000762939453,22.290000915527344,22.09000015258789,22.170000076293945,183183
1605283200,22.18000030517578,22.239999771118164,22.1200008392334,22.219999313354492,188874
1605283500,22.219999313354492,22.360000610351562,22.209999084472656,22.25,351683
1605283800,22.252599716186523,22.479999542236328,22.239999771118164,22.469999313354492,151030
1605284100,22.475000381469727,22.670000076293945,22.40999984741211,22.639999389648438,166553
1605284400,22.649999618530273,22.780000686645508,22.559999465942383,22.71190071105957,126066
1605284700,22.725000381469727,22.84000015258789,22.6200008392334,22.670000076293945,152040
1605285000,22.670000076293945,22.719999313354492,22.579999923706055,22.690000534057617,119992
1605285300,22.690000534057617,22.700000762939453,22.621200561523438,22.65999984741211,154000
1605285600,22.66010093688965,22.719999313354492,22.610000610351562,22.690000534057617,109579
1605285900,22.690000534057617,22.93000030517578,22.657899856567383,22.93000030517578,111403
1605286200,22.940000534057617,23.049999237060547,22.899999618530273,22.959999084472656,105862
1605286500,22.950000762939453,23.100000381469727,22.950000762939453,23.09000015258789,94382
1605286800,23.09000015258789,23.110000610351562,22.920000076293945,23.110000610351562,64355
1605287100,23.1200008392334,23.1299991607666,23.010099411010742,23.040000915527344,65951
1605287400,23.040000915527344,23.074600219726562,23.010000228881836,23.06999969482422,38907
1605287700,23.079999923706055,23.110000610351562,22.930099487304688,22.95009994506836,59772
1605288000,22.950000762939453,22.979999542236328,22.850000381469727,22.979999542236328,40403
1605288300,22.979999542236328,23.040000915527344,22.96500015258789,23.030000686645508,37616
1605288600,23.024999618530273,23.040000915527344,22.950000762939453,23.030000686645508,52187
1605288900,23.02400016784668,23.149999618530273,23.020000457763672,23.08139991760254,61857
1605289200,23.08009910583496,23.100000381469727,23.03499984741211,23.059999465942383,59709
1605289500,23.054800033569336,23.219999313354492,23.049999237060547,23.21500015258789,52805
1605289800,23.211000442504883,23.31999969482422,23.209999084472656,23.309999465942383,91957
1605290100,23.315000534057617,23.389999389648438,23.170000076293945,23.229999542236328,123086
1605290400,23.239999771118164,23.2549991607666,23.15999984741211,23.200000762939453,40024
1605290700,23.190000534057617,23.229999542236328,23.135000228881836,23.21500015258789,35075
1605291000,23.219999313354492,23.270000457763672,23.18000030517578,23.264999389648438,48512
1605291300,23.260000228881836,23.309999465942383,23.110000610351562,23.165000915527344,82802
1605291600,23.149999618530273,23.270000457763672,23.149999618530273,23.270000457763672,31555
1605291900,23.270000457763672,23.350000381469727,23.270000457763672,23.329999923706055,54416
1605292200,23.34000015258789,23.34000015258789,23.1200008392334,23.200000762939453,53491
1605292500,23.190000534057617,23.190000534057617,23.030000686645508,23.149999618530273,76743
1605292800,23.139999389648438,23.239999771118164,23.1299991607666,23.200000762939453,74647
1605293100,23.200000762939453,23.270000457763672,23.190000534057617,23.270000457763672,52959
1605293400,23.280000686645508,23.34000015258789,23.219999313354492,23.25,62891
1605293700,23.25,23.260000228881836,23.209999084472656,23.225000381469727,37982
1605294000,23.225000381469727,23.309999465942383,23.225000381469727,23.264999389648438,84435
1605294300,23.264999389648438,23.34000015258789,23.260000228881836,23.34000015258789,62650
1605294600,23.329999923706055,23.350000381469727,23.197500228881836,23.197500228881836,71660
1605294900,23.200000762939453,23.31999969482422,23.1299991607666,23.270000457763672,37941
1605295200,23.280000686645508,23.34000015258789,23.280000686645508,23.290000915527344,43449
1605295500,23.299999237060547,23.31999969482422,23.270000457763672,23.290000915527344,52155
1605295800,23.280000686645508,23.334999084472656,23.274999618530273,23.329999923706055,65523
1605296100,23.31999969482422,23.360000610351562,23.290000915527344,23.299999237060547,52985
1605296400,23.290000915527344,23.329999923706055,23.28499984741211,23.295000076293945,59732
1605296700,23.290000915527344,23.299999237060547,23.21500015258789,23.239999771118164,61151
1605297000,23.239999771118164,23.290000915527344,23.229999542236328,23.235000610351562,51832
1605297300,23.235000610351562,23.350000381469727,23.225000381469727,23.309999465942383,70359
1605297600,23.299999237060547,23.309999465942383,23.184999465942383,23.219999313354492,65862
1605297900,23.225000381469727,23.25,23.18000030517578,23.200000762939453,82140
1605298200,23.19499969482422,23.19499969482422,23.059999465942383,23.09000015258789,101622
1605298500,23.09000015258789,23.114999771118164,23.024999618530273,23.104999542236328,76277
1605298800,23.104999542236328,23.219999313354492,23.100000381469727,23.209999084472656,103115
1605299100,23.219999313354492,23.270000457763672,23.200000762939453,23.200000762939453,200940
1605299400,23.204999923706055,23.264999389648438,23.094999313354492,23.100000381469727,152109
1605299700,23.104999542236328,23.139999389648438,23.075000762939453,23.09000015258789,107699
1605300000,23.084999084472656,23.135000228881836,23.050100326538086,23.1200008392334,183011
1605300300,23.113100051879883,23.1299991607666,22.989999771118164,23.040000915527344,274640
1605300600,23.040000915527344,23.100000381469727,23.03499984741211,23.065000534057617,222297
1605300900,23.065000534057617,23.079999923706055,23.010000228881836,23.020000457763672,382306
1605301200,23.03,23.03,23.03,23.03,270452
1605302100,23.03,23.06,22.9076,22.9076,0
1605302700,23,23,23,23,0
1605303000,23,23.03,23,23.03,0
1605303600,23.03,23.03,23.03,23.03,0
1605304800,22.95,22.96,22.9,22.9,0
1605306300,23.03,23.03,23.03,23.03,0
1605306600,23.07,23.07,22.86,22.9,0
1605307200,22.9,22.9,22.9,22.9,0
1605308100,23.1,23.1,23.1,23.1,0
1605308700,23.0999,23.0999,23.0999,23.0999,0
1605309900,23.1,23.1,23.1,23.1,0
1605311700,22.88,22.88,22.88,22.88,0
1605312300,22.86,22.86,22.85,22.85,0
1605313200,22.9,22.9,22.9,22.9,0
1605315300,22.9,22.9,22.9,22.9,0
