Date,Open,High,Low,Close,Volume
1605264000,17.2,17.2,17.2,17.2,0
1605264300,17.11,17.12,17.11,17.12,0
1605264600,17.13,17.13,17.12,17.12,0
1605265200,17.12,17.12,17.12,17.12,0
1605270000,17.4,17.4,17.3,17.3,0
1605270300,17.3,17.3,17.2,17.2,0
1605270600,17.21,17.3,17.2,17.3,0
1605270900,17.35,17.5,17.35,17.5,0
1605271200,17.37,17.4,17.35,17.35,0
1605271500,17.36,17.5,17.36,17.5,0
1605271800,17.35,17.4,17.35,17.4,0
1605272100,17.4,17.45,17.35,17.35,0
1605272400,17.36,17.4,17.3,17.4,0
1605272700,17.44,17.45,17.42,17.45,0
1605273000,17.45,17.49,17.45,17.49,0
1605273300,17.44,17.5,17.35,17.45,0
1605273600,17.5,17.7,17.49,17.5,0
1605273900,17.53,17.59,17.48,17.51,0
1605274200,17.58,17.58,17.54,17.58,0
1605274500,17.55,17.55,17.54,17.55,0
1605274800,17.56,17.68,17.56,17.6,0
1605275100,17.6,17.65,17.6,17.65,0
1605275400,17.65,17.68,17.61,17.68,0
1605275700,17.7,18,17.6,17.68,0
1605276000,17.67,17.81,17.67,17.75,0
1605276300,17.75,17.77,17.65,17.77,0
1605276600,17.7,17.8,17.6,17.72,0
1605276900,17.75,17.77,17.6,17.77,0
1605277200,17.75,17.8,17.66,17.74,0
1605277500,17.66,17.75,17.65,17.7,0
1605277800,17.969999313354492,18,17.760000228881836,17.940000534057617,2448049
1605278100,17.940000534057617,18.200000762939453,17.940000534057617,18.030000686645508,596118
1605278400,18.014999389648438,18.020000457763672,17.780000686645508,17.829999923706055,381915
1605278700,17.850000381469727,17.975000381469727,17.850000381469727,17.952499389648438,224300
1605279000,17.954999923706055,17.959999084472656,17.8799991607666,17.8799991607666,174184
1605279300,17.8799991607666,17.889999389648438,17.790000915527344,17.790000915527344,190447
1605279600,17.795000076293945,17.799999237060547,17.729999542236328,17.729999542236328,175199
1605279900,17.739999771118164,17.75,17.709999084472656,17.729999542236328,246754
1605280200,17.735000610351562,17.81999969482422,17.729999542236328,17.795000076293945,194060
1605280500,17.795000076293945,17.865699768066406,17.795000076293945,17.834999084472656,134140
1605280800,17.834999084472656,17.860000610351562,17.809999465942383,17.825000762939453,217226
1605281100,17.825000762939453,17.829999923706055,17.780000686645508,17.807300567626953,143168
1605281400,17.799999237060547,17.80500030517578,17.75,17.774999618530273,68580
1605281700,17.774999618530273,17.78499984741211,17.764999389648438,17.780000686645508,99137
1605282000,17.774999618530273,17.790000915527344,17.69499969482422,17.764999389648438,402562
1605282300,17.764999389648438,17.81100082397461,17.700000762939453,17.725000381469727,264366
1605282600,17.725000381469727,17.790000915527344,17.719999313354492,17.7549991607666,90297
1605282900,17.760000228881836,17.780000686645508,17.739999771118164,17.7549991607666,124825
1605283200,17.7549991607666,17.7549991607666,17.739999771118164,17.7450008392334,89677
1605283500,17.7450008392334,17.774999618530273,17.7450008392334,17.770000457763672,66685
1605283800,17.774999618530273,17.778099060058594,17.739999771118164,17.7450008392334,96753
1605284100,17.7450008392334,17.760000228881836,17.739999771118164,17.7450008392334,70439
1605284400,17.75,17.760000228881836,17.739999771118164,17.75,83189
1605284700,17.7450008392334,17.780000686645508,17.739999771118164,17.7450008392334,186139
1605285000,17.75,17.75,17.739999771118164,17.75,205502
1605285300,17.75,17.80500030517578,17.7450008392334,17.770000457763672,205201
1605285600,17.771099090576172,17.774999618530273,17.75,17.75,22110
1605285900,17.7549991607666,17.795000076293945,17.735000610351562,17.790000915527344,171343
1605286200,17.795000076293945,17.799999237060547,17.740100860595703,17.7450008392334,312318
1605286500,17.7450008392334,17.760000228881836,17.739999771118164,17.7549991607666,418074
1605286800,17.7549991607666,17.75629997253418,17.739999771118164,17.7450008392334,196118
1605287100,17.739999771118164,17.75,17.739999771118164,17.7450008392334,39305
1605287400,17.739999771118164,17.764999389648438,17.739999771118164,17.760000228881836,87210
1605287700,17.75,17.764999389648438,17.739999771118164,17.7450008392334,66296
1605288000,17.7450008392334,17.760000228881836,17.739999771118164,17.7450008392334,366208
1605288300,17.7450008392334,17.75,17.739999771118164,17.7450008392334,27748
1605288600,17.7450008392334,17.7549991607666,17.739999771118164,17.75,1588914
1605288900,17.7450008392334,17.75,17.66010093688965,17.700000762939453,152578
1605289200,17.709999084472656,17.71500015258789,17.680099487304688,17.704999923706055,126324
1605289500,17.704999923706055,17.704999923706055,17.700000762939453,17.704999923706055,17676
1605289800,17.704999923706055,17.704999923706055,17.65999984741211,17.65999984741211,68016
1605290100,17.65999984741211,17.665000915527344,17.649999618530273,17.655000686645508,58314
1605290400,17.65999984741211,17.735000610351562,17.649999618530273,17.735000610351562,90704
1605290700,17.735000610351562,17.790000915527344,17.735000610351562,17.7450008392334,125950
1605291000,17.7450008392334,17.795000076293945,17.7450008392334,17.795000076293945,29960
1605291300,17.790000915527344,17.80500030517578,17.75,17.7549991607666,69807
1605291600,17.7549991607666,17.75659942626953,17.739999771118164,17.75659942626953,76635
1605291900,17.7549991607666,17.84000015258789,17.7549991607666,17.834999084472656,59260
1605292200,17.834999084472656,17.920000076293945,17.834999084472656,17.834999084472656,70668
1605292500,17.84000015258789,17.934999465942383,17.834999084472656,17.934999465942383,51184
1605292800,17.934999465942383,18.024999618530273,17.934999465942383,17.950000762939453,97269
1605293100,17.940000534057617,17.9950008392334,17.924999237060547,17.985000610351562,50608
1605293400,17.979999542236328,18.0049991607666,17.975000381469727,17.9950008392334,57422
1605293700,18,18.0049991607666,17.96500015258789,17.96500015258789,57684
1605294000,17.96500015258789,18,17.959999084472656,18,45324
1605294300,17.9950008392334,18.0049991607666,17.954999923706055,17.954999923706055,68839
1605294600,17.959999084472656,17.969999313354492,17.940000534057617,17.94499969482422,51002
1605294900,17.94499969482422,18,17.940000534057617,18,48925
1605295200,18,18,17.979999542236328,17.989999771118164,40370
1605295500,17.989999771118164,18.010000228881836,17.959999084472656,17.96500015258789,116371
1605295800,17.96500015258789,18,17.959999084472656,17.9950008392334,40840
1605296100,17.9950008392334,18.05500030517578,17.989999771118164,18.045000076293945,145701
1605296400,18.045000076293945,18.1200008392334,18.045000076293945,18.104999542236328,110569
1605296700,18.100000381469727,18.1299991607666,18.100000381469727,18.125,39974
1605297000,18.1299991607666,18.155000686645508,18.06999969482422,18.06999969482422,73663
1605297300,18.06999969482422,18.139999389648438,18.06999969482422,18.125,95517
1605297600,18.125,18.13990020751953,18.110000610351562,18.125,55221
1605297900,18.125,18.125,18.059999465942383,18.065000534057617,44189
1605298200,18.059999465942383,18.065000534057617,18,18.0049991607666,74477
1605298500,18.0049991607666,18.014999389648438,18,18.014999389648438,77566
1605298800,18.014999389648438,18.06999969482422,18.010099411010742,18.05500030517578,82825
1605299100,18.05500030517578,18.059999465942383,18.010000228881836,18.014999389648438,203301
1605299400,18.014999389648438,18.020000457763672,18,18.0049991607666,223078
1605299700,18.0049991607666,18.010000228881836,17.989999771118164,17.989999771118164,146241
1605300000,17.9950008392334,18.049999237060547,17.989999771118164,17.9950008392334,171196
1605300300,17.9950008392334,18.020000457763672,17.989999771118164,17.9950008392334,133773
1605300600,17.9950008392334,18.010000228881836,17.989999771118164,17.9950008392334,737984
1605300900,18,18,17.959999084472656,17.979999542236328,512903
1605301200,17.99,17.99,17.99,17.99,1290017
1605302100,17.99,17.99,17.99,17.99,0
1605304200,18.46,18.47,18.46,18.47,0
