Date,Open,High,Low,Close,Volume
1605258900,19.83,19.83,19.69,19.69,0
1605259200,19.69,19.69,19.68,19.69,0
1605259800,19.71,19.71,19.71,19.71,0
1605260100,19.69,19.69,19.64,19.65,0
1605260700,19.6,19.6,19.51,19.53,0
1605261000,19.52,19.52,19.52,19.52,0
1605261900,19.51,19.51,19.51,19.51,0
1605262200,19.51,19.51,19.51,19.51,0
1605263100,19.54,19.54,19.54,19.54,0
1605263400,19.48,19.48,19.48,19.48,0
1605263700,19.51,19.51,19.51,19.51,0
1605264000,19.58,19.58,19.58,19.58,0
1605264300,19.59,19.6,19.59,19.6,0
1605264600,19.57,19.57,19.57,19.57,0
1605264900,19.53,19.53,19.53,19.53,0
1605265800,19.5,19.5,19.5,19.5,0
1605266100,19.54,19.63,19.54,19.63,0
1605266400,19.62,19.62,19.58,19.58,0
1605266700,19.55,19.57,19.53,19.57,0
1605267000,19.55,19.55,19.55,19.55,0
1605268800,19.61,19.61,19.61,19.61,0
1605269100,19.61,19.62,19.6,19.61,0
1605269400,19.58,19.6,19.54,19.56,0
1605269700,19.56,19.65,19.55,19.65,0
1605270000,19.67,19.7,19.66,19.67,0
1605270300,19.71,19.72,19.68,19.69,0
1605270600,19.69,19.72,19.67,19.72,0
1605270900,19.72,19.75,19.72,19.75,0
1605271200,19.73,19.75,19.73,19.73,0
1605271500,19.73,19.73,19.65,19.66,0
1605271800,19.65,19.65,19.65,19.65,0
1605272100,19.66,19.68,19.66,19.68,0
1605272400,19.69,19.69,19.69,19.69,0
1605272700,19.73,19.73,19.7,19.7,0
1605273000,19.74,19.74,19.74,19.74,0
1605273300,19.7,19.73,19.6501,19.69,0
1605273600,19.69,19.7,19.69,19.7,0
1605273900,19.7,19.71,19.7,19.7,0
1605274200,19.7,19.71,19.69,19.71,0
1605274500,19.72,19.72,19.67,19.67,0
1605274800,19.67,19.67,19.65,19.66,0
1605275100,19.66,19.66,19.61,19.63,0
1605275400,19.66,19.66,19.63,19.63,0
1605275700,19.65,19.67,19.65,19.66,0
1605276000,19.65,19.65,19.63,19.63,0
1605276300,19.63,19.63,19.62,19.62,0
1605276600,19.62,19.63,19.62,19.63,0
1605276900,19.61,19.64,19.6,19.63,0
1605277200,19.63,19.69,19.63,19.67,0
1605277500,19.66,19.68,19.63,19.63,0
1605277800,19.649999618530273,19.670000076293945,19.524999618530273,19.530000686645508,904157
1605278100,19.59000015258789,19.6299991607666,19.5,19.527299880981445,836728
1605278400,19.520000457763672,19.540000915527344,19.40999984741211,19.421100616455078,785544
1605278700,19.420000076293945,19.43000030517578,19.33180046081543,19.33530044555664,894447
1605279000,19.34000015258789,19.364999771118164,19.280000686645508,19.34000015258789,856165
1605279300,19.334999084472656,19.3700008392334,19.290000915527344,19.34000015258789,801426
1605279600,19.354999542236328,19.3799991607666,19.309999465942383,19.31999969482422,671553
1605279900,19.31999969482422,19.3799991607666,19.300500869750977,19.329999923706055,398379
1605280200,19.329999923706055,19.424999237060547,19.31999969482422,19.40999984741211,577160
1605280500,19.40999984741211,19.479999542236328,19.389999389648438,19.415000915527344,726290
1605280800,19.415000915527344,19.43000030517578,19.360000610351562,19.3700008392334,532891
1605281100,19.3700008392334,19.399999618530273,19.299999237060547,19.299999237060547,611887
1605281400,19.299999237060547,19.329999923706055,19.235000610351562,19.239999771118164,529430
1605281700,19.239999771118164,19.350000381469727,19.239999771118164,19.299999237060547,802709
1605282000,19.29199981689453,19.350000381469727,19.209999084472656,19.219999313354492,642529
1605282300,19.219999313354492,19.260000228881836,19.149999618530273,19.15999984741211,680393
1605282600,19.174999237060547,19.25,19.155000686645508,19.219999313354492,414445
1605282900,19.219999313354492,19.440000534057617,19.219999313354492,19.299999237060547,1026032
1605283200,19.290000915527344,19.31999969482422,19.229900360107422,19.260000228881836,597681
1605283500,19.260000228881836,19.290000915527344,19.209999084472656,19.229999542236328,384976
1605283800,19.229999542236328,19.27989959716797,19.209999084472656,19.260000228881836,536416
1605284100,19.25,19.25,19.18000030517578,19.190000534057617,369908
1605284400,19.184999465942383,19.200000762939453,19.149999618530273,19.18000030517578,335346
1605284700,19.18000030517578,19.295000076293945,19.179899215698242,19.219999313354492,801709
1605285000,19.219999313354492,19.289899826049805,19.190000534057617,19.276100158691406,309296
1605285300,19.276599884033203,19.290000915527344,19.19499969482422,19.239999771118164,208965
1605285600,19.239999771118164,19.239999771118164,19.149999618530273,19.170000076293945,337513
1605285900,19.170000076293945,19.190000534057617,19.125,19.170700073242188,251318
1605286200,19.18000030517578,19.229999542236328,19.149999618530273,19.174999237060547,402616
1605286500,19.178600311279297,19.190000534057617,19.1200008392334,19.15730094909668,276666
1605286800,19.15999984741211,19.15999984741211,19.110000610351562,19.1200008392334,385153
1605287100,19.1200008392334,19.149999618530273,19.110000610351562,19.139999389648438,200765
1605287400,19.145000457763672,19.149999618530273,19.09000015258789,19.118099212646484,370751
1605287700,19.110000610351562,19.1299991607666,19.100000381469727,19.110000610351562,175850
1605288000,19.110000610351562,19.15999984741211,19.110000610351562,19.1299991607666,153844
1605288300,19.139999389648438,19.139999389648438,19.06999969482422,19.1200008392334,373220
1605288600,19.111099243164062,19.11989974975586,19.059999465942383,19.070100784301758,292703
1605288900,19.06999969482422,19.079999923706055,19.040000915527344,19.040000915527344,233507
1605289200,19.045000076293945,19.06999969482422,19.030000686645508,19.065000534057617,204435
1605289500,19.065000534057617,19.07900047302246,19.045000076293945,19.05500030517578,215266
1605289800,19.049999237060547,19.079999923706055,19.044700622558594,19.079999923706055,255928
1605290100,19.06999969482422,19.09000015258789,19.059999465942383,19.06999969482422,80853
1605290400,19.125,19.125,19.049999237060547,19.06999969482422,347155
1605290700,19.059999465942383,19.079999923706055,19.04010009765625,19.069900512695312,107729
1605291000,19.059999465942383,19.129899978637695,19.059999465942383,19.1200008392334,250790
1605291300,19.1200008392334,19.13990020751953,19.100000381469727,19.110000610351562,184319
1605291600,19.15239906311035,19.15999984741211,19.096900939941406,19.110000610351562,283622
1605291900,19.100000381469727,19.1200008392334,19.059999465942383,19.114999771118164,238770
1605292200,19.110000610351562,19.200000762939453,19.110000610351562,19.170000076293945,392898
1605292500,19.168899536132812,19.170000076293945,19.08919906616211,19.110000610351562,278730
1605292800,19.110000610351562,19.170000076293945,19.110000610351562,19.15999984741211,238203
1605293100,19.15999984741211,19.18000030517578,19.094999313354492,19.1200008392334,295336
1605293400,19.12470054626465,19.149999618530273,19.100000381469727,19.100000381469727,135715
1605293700,19.100000381469727,19.110000610351562,19.059999465942383,19.09000015258789,242209
1605294000,19.099899291992188,19.100000381469727,19.059999465942383,19.075000762939453,198751
1605294300,19.06999969482422,19.075000762939453,19.010000228881836,19.020000457763672,248476
1605294600,19.020000457763672,19.06999969482422,19.020000457763672,19.040000915527344,138674
1605294900,19.040000915527344,19.06999969482422,18.979999542236328,18.979999542236328,404047
1605295200,18.969999313354492,19.020000457763672,18.954999923706055,18.989900588989258,463978
1605295500,18.979999542236328,19.030000686645508,18.969999313354492,18.975000381469727,190297
1605295800,18.969999313354492,18.979999542236328,18.93000030517578,18.941499710083008,432666
1605296100,18.94499969482422,18.950000762939453,18.899999618530273,18.90999984741211,326417
1605296400,18.905000686645508,18.934999465942383,18.889999389648438,18.920000076293945,248992
1605296700,18.920000076293945,18.96500015258789,18.911800384521484,18.920000076293945,245866
1605297000,18.920000076293945,18.93000030517578,18.838199615478516,18.84000015258789,430480
1605297300,18.84000015258789,18.844999313354492,18.75,18.795000076293945,657442
1605297600,18.790000915527344,18.8799991607666,18.780000686645508,18.8799991607666,494262
1605297900,18.860000610351562,18.899999618530273,18.831899642944336,18.885000228881836,247035
1605298200,18.888200759887695,18.93000030517578,18.860000610351562,18.885000228881836,370931
1605298500,18.885000228881836,18.959999084472656,18.8799991607666,18.93000030517578,234564
1605298800,18.940000534057617,18.950000762939453,18.90999984741211,18.920000076293945,165620
1605299100,18.920000076293945,18.920000076293945,18.8518009185791,18.854999542236328,258815
1605299400,18.860000610351562,18.8799991607666,18.790000915527344,18.8799991607666,683981
1605299700,18.8799991607666,18.93000030517578,18.859899520874023,18.917699813842773,655061
1605300000,18.920000076293945,18.93000030517578,18.829999923706055,18.850000381469727,928695
1605300300,18.850000381469727,18.96500015258789,18.84000015258789,18.8700008392334,1020236
1605300600,18.8700008392334,18.920000076293945,18.850000381469727,18.8799991607666,809842
1605300900,18.878000259399414,19.06999969482422,18.8700008392334,19.059999465942383,1865801
1605301200,19.065,19.08,19.06,19.08,68121
1605302100,19.06,19.09,18.9,18.99,0
1605302400,18.98,18.99,18.9,18.92,0
1605302700,18.91,18.96,18.9,18.93,0
1605303000,18.92,18.99,18.92,18.9899,0
1605303300,18.97,18.98,18.97,18.98,0
1605303600,18.98,19.2192,18.98,19.2192,0
1605303900,18.95,18.98,18.94,18.98,0
1605304200,18.96,18.96,18.95,18.95,0
1605304500,18.97,18.98,18.95,18.98,0
1605304800,18.97,18.98,18.96,18.96,0
1605305100,18.98,18.98,18.96,18.96,0
1605305400,18.96,18.98,18.96,18.97,0
1605305700,18.99,18.99,18.97,18.97,0
1605306000,18.97,18.98,18.97,18.97,0
1605306300,18.99,18.99,18.97,18.975,0
1605306600,18.94,18.98,18.89,18.97,0
1605306900,18.96,18.96,18.96,18.96,0
1605307200,18.97,18.97,18.96,18.96,0
1605307500,18.98,18.98,18.97,18.97,0
1605307800,18.97,18.99,18.97,18.97,0
1605308100,18.96,18.99,18.96,18.99,0
1605308400,18.99,18.99,18.99,18.99,0
1605308700,18.99,18.99,18.96,18.96,0
1605309000,18.97,18.97,18.97,18.97,0
1605309300,18.98,18.98,18.97,18.98,0
1605309900,18.99,19.03,18.99,19.03,0
1605310200,19.06,19.06,19.06,19.06,0
1605310500,19.06,19.06,19.06,19.06,0
1605310800,19.07,19.07,19.06,19.06,0
1605311100,19.02,19.02,19.02,19.02,0
1605311700,19.0599,19.07,19.02,19.06,0
1605312000,19.05,19.06,19.05,19.06,0
1605312300,19.03,19.04,19.03,19.03,0
1605312900,19.03,19.03,19.03,19.03,0
1605313500,19.07,19.07,19.07,19.07,0
1605313800,19.03,19.03,19.03,19.03,0
1605314100,19.03,19.03,19.03,19.03,0
1605314400,19.03,19.03,19.01,19.01,0
1605314700,19.03,19.03,19.03,19.03,0
1605315300,19.05,19.05,19.01,19.01,0
