Date,Open,High,Low,Close,Volume
1605258900,32.69,32.69,32.64,32.64,0
1605265800,32.91,32.91,32.91,32.91,0
1605269700,32.91,32.91,32.81,32.81,0
1605270000,32.84,32.84,32.84,32.84,0
1605270300,32.94,32.94,32.94,32.94,0
1605272400,32.9,32.9,32.9,32.9,0
1605273300,32.85,32.94,32.49,32.71,0
1605273900,32.76,32.76,32.76,32.76,0
1605274200,32.75,32.75,32.75,32.75,0
1605274800,32.75,32.78,32.75,32.78,0
1605275100,32.75,32.8,32.75,32.8,0
1605275400,32.8,32.89,32.8,32.89,0
1605275700,32.8,32.8,32.77,32.77,0
1605276900,32.85,32.85,32.85,32.85,0
1605277200,32.85,32.89,32.85,32.87,0
1605277500,32.87,32.87,32.87,32.87,0
1605277800,33.09000015258789,33.15999984741211,32.97999954223633,33.06999969482422,1188199
1605278100,33.060001373291016,33.11000061035156,32.91999816894531,33.08000183105469,629491
1605278400,33.06999969482422,33.21099853515625,33.04999923706055,33.150001525878906,763202
1605278700,33.150001525878906,33.275001525878906,33.095001220703125,33.260101318359375,595997
1605279000,33.27000045776367,33.29999923706055,33.131900787353516,33.2400016784668,989455
1605279300,33.2400016784668,33.36000061035156,33.209999084472656,33.334999084472656,679870
1605279600,33.34000015258789,33.494998931884766,33.334999084472656,33.47129821777344,1562091
1605279900,33.47999954223633,33.529998779296875,33.380001068115234,33.52000045776367,1068748
1605280200,33.529998779296875,33.61000061035156,33.439998626708984,33.470001220703125,846751
1605280500,33.470001220703125,33.52000045776367,33.41999816894531,33.494998931884766,604441
1605280800,33.4900016784668,33.564998626708984,33.43000030517578,33.54499816894531,685164
1605281100,33.54999923706055,33.599998474121094,33.494998931884766,33.595001220703125,306445
1605281400,33.59000015258789,33.619998931884766,33.525001525878906,33.540000915527344,311067
1605281700,33.53010177612305,33.56999969482422,33.47999954223633,33.51499938964844,556163
1605282000,33.5099983215332,33.65999984741211,33.505001068115234,33.6150016784668,347784
1605282300,33.6150016784668,33.64500045776367,33.55500030517578,33.60900115966797,508906
1605282600,33.60499954223633,33.67499923706055,33.59000015258789,33.630001068115234,260073
1605282900,33.630001068115234,33.650001525878906,33.54100036621094,33.560001373291016,391667
1605283200,33.560001373291016,33.619998931884766,33.529998779296875,33.540000915527344,338772
1605283500,33.54999923706055,33.58000183105469,33.45500183105469,33.51499938964844,283495
1605283800,33.5099983215332,33.54999923706055,33.470001220703125,33.529998779296875,216340
1605284100,33.529998779296875,33.54499816894531,33.43000030517578,33.459999084472656,285487
1605284400,33.470001220703125,33.5,33.44499969482422,33.470001220703125,156694
1605284700,33.470001220703125,33.61000061035156,33.40999984741211,33.599998474121094,541133
1605285000,33.599998474121094,33.625,33.56999969482422,33.59000015258789,293976
1605285300,33.59000015258789,33.595001220703125,33.470001220703125,33.54999923706055,349601
1605285600,33.540000915527344,33.619998931884766,33.540000915527344,33.619998931884766,239223
1605285900,33.61989974975586,33.6349983215332,33.56999969482422,33.57270050048828,343166
1605286200,33.56999969482422,33.59000015258789,33.53499984741211,33.55500030517578,224704
1605286500,33.54999923706055,33.57500076293945,33.500099182128906,33.540000915527344,228986
1605286800,33.540000915527344,33.59000015258789,33.53499984741211,33.56999969482422,330778
1605287100,33.564998626708984,33.599998474121094,33.540000915527344,33.56999969482422,177341
1605287400,33.56999969482422,33.619998931884766,33.560001373291016,33.56999969482422,422085
1605287700,33.57500076293945,33.630001068115234,33.56999969482422,33.62009811401367,188093
1605288000,33.619998931884766,33.64500045776367,33.599998474121094,33.630001068115234,212280
1605288300,33.630001068115234,33.66999816894531,33.619998931884766,33.665000915527344,213168
1605288600,33.65999984741211,33.70000076293945,33.650001525878906,33.685001373291016,341351
1605288900,33.685001373291016,33.689998626708984,33.63999938964844,33.64440155029297,220803
1605289200,33.650001525878906,33.667999267578125,33.599998474121094,33.61000061035156,157205
1605289500,33.61000061035156,33.66999816894531,33.599998474121094,33.66999816894531,191093
1605289800,33.66999816894531,33.72999954223633,33.662498474121094,33.724998474121094,204163
1605290100,33.72999954223633,33.744998931884766,33.70000076293945,33.730098724365234,150186
1605290400,33.7400016784668,33.779998779296875,33.7130012512207,33.77000045776367,153889
1605290700,33.77000045776367,33.83000183105469,33.77000045776367,33.83000183105469,271908
1605291000,33.84000015258789,33.84000015258789,33.72999954223633,33.744998931884766,305620
1605291300,33.75,33.779998779296875,33.7400016784668,33.779998779296875,165240
1605291600,33.77000045776367,33.779998779296875,33.72999954223633,33.75,379962
1605291900,33.755001068115234,33.810001373291016,33.750099182128906,33.810001373291016,376990
1605292200,33.810001373291016,33.810001373291016,33.75,33.79010009765625,155671
1605292500,33.79499816894531,33.880001068115234,33.79499816894531,33.880001068115234,218298
1605292800,33.880001068115234,33.90999984741211,33.862998962402344,33.900001525878906,150508
1605293100,33.900001525878906,33.91999816894531,33.849998474121094,33.900001525878906,214255
1605293400,33.88999938964844,33.93000030517578,33.88999938964844,33.900001525878906,211168
1605293700,33.89500045776367,33.904998779296875,33.869998931884766,33.869998931884766,180786
1605294000,33.869998931884766,33.900001525878906,33.834999084472656,33.845001220703125,377357
1605294300,33.849998474121094,33.88999938964844,33.84000015258789,33.880001068115234,199285
1605294600,33.880001068115234,33.904998779296875,33.84000015258789,33.849998474121094,687612
1605294900,33.849998474121094,33.880001068115234,33.81999969482422,33.869998931884766,286675
1605295200,33.869998931884766,33.935001373291016,33.86330032348633,33.880001068115234,425882
1605295500,33.880001068115234,33.93000030517578,33.880001068115234,33.91999816894531,518534
1605295800,33.91999816894531,33.97999954223633,33.91999816894531,33.96500015258789,571596
1605296100,33.96500015258789,34.01499938964844,33.939998626708984,33.9900016784668,384422
1605296400,33.98500061035156,34,33.9536018371582,33.968101501464844,338275
1605296700,33.970001220703125,33.9900016784668,33.869998931884766,33.880001068115234,622487
1605297000,33.880001068115234,33.93000030517578,33.869998931884766,33.91999816894531,346289
1605297300,33.90999984741211,33.9900016784668,33.904998779296875,33.959999084472656,334699
1605297600,33.959999084472656,34.04499816894531,33.91999816894531,34.015201568603516,401320
1605297900,34.01499938964844,34.029998779296875,33.94499969482422,33.95000076293945,366829
1605298200,33.959999084472656,33.959999084472656,33.880001068115234,33.93000030517578,753785
1605298500,33.92499923706055,33.95500183105469,33.869998931884766,33.904998779296875,467389
1605298800,33.900001525878906,33.90999984741211,33.849998474121094,33.875,430428
1605299100,33.875,33.88999938964844,33.849998474121094,33.880001068115234,332518
1605299400,33.869998931884766,33.96500015258789,33.86000061035156,33.959999084472656,1055785
1605299700,33.959999084472656,33.9900016784668,33.95000076293945,33.9900016784668,491298
1605300000,33.9900016784668,34.029998779296875,33.96500015258789,33.970001220703125,796056
1605300300,33.97999954223633,34.02000045776367,33.94499969482422,33.95000076293945,655035
1605300600,33.959999084472656,33.97999954223633,33.849998474121094,33.86000061035156,1334357
1605300900,33.86000061035156,33.91999816894531,33.845001220703125,33.900001525878906,2498377
1605301200,33.88,33.88,33.88,33.88,2928326
1605302100,33.8902,33.95,33.88,33.9,0
1605302400,33.9,33.96,33.9,33.95,0
1605302700,33.95,33.97,33.85,33.85,0
1605303000,33.8,33.9,33.75,33.89,0
1605303300,33.88,33.89,33.88,33.89,0
1605303900,33.88,33.88,33.87,33.88,0
1605304500,33.88,33.88,33.88,33.88,0
1605304800,33.88,33.88,33.88,33.88,0
1605305100,33.85,33.85,33.81,33.81,0
1605305400,33.88,33.88,33.88,33.88,0
1605306000,33.83,33.83,33.83,33.83,0
1605306600,33.87,33.9,33.87,33.9,0
1605306900,33.8961,33.9,33.8961,33.9,0
1605307200,33.9,33.9,33.9,33.9,0
1605307500,33.9,33.9,33.9,33.9,0
1605308400,33.88,33.88,33.88,33.88,0
1605308700,33.88,33.88,33.88,33.88,0
1605309000,33.97,33.98,33.96,33.98,0
1605309300,33.95,33.95,33.95,33.95,0
1605310500,33.97,33.98,33.97,33.98,0
1605311100,34,34,34,34,0
1605311400,33.97,33.97,33.97,33.97,0
1605312300,33.97,33.97,33.9,33.9,0
1605312600,33.92,33.92,33.92,33.92,0
1605312900,33.9,33.9,33.9,33.9,0
1605313200,33.9,33.9,33.88,33.88,0
1605314100,33.89,33.89,33.89,33.89,0
1605314400,33.93,33.93,33.87,33.87,0
1605314700,33.95,33.95,33.95,33.95,0
1605315000,33.84,33.85,33.84,33.85,0
1605315300,33.83,33.84,33.83,33.84,0
