Date,Open,High,Low,Close,Volume
1605259800,35.29,35.29,35.23,35.23,0
1605260400,35.39,35.39,35.39,35.39,0
1605260700,35.41,35.41,35.41,35.41,0
1605262200,35.51,35.51,35.51,35.51,0
1605263100,35.53,35.7,35.53,35.7,0
1605263700,35.64,35.64,35.52,35.52,0
1605264900,35.66,35.72,35.61,35.72,0
1605265800,35.64,35.64,35.64,35.64,0
1605266100,35.62,35.62,35.62,35.62,0
1605266400,35.59,35.59,35.51,35.54,0
1605266700,35.55,35.55,35.49,35.49,0
1605267000,35.61,35.61,35.61,35.61,0
1605267600,35.53,35.53,35.51,35.51,0
1605267900,35.51,35.51,35.51,35.51,0
1605268500,35.6,35.6,35.6,35.6,0
1605269700,35.43,35.43,35.23,35.25,0
1605270900,35.31,35.31,35.3,35.3,0
1605271200,35.29,35.29,35.29,35.29,0
1605271500,35.3,35.39,35.3,35.37,0
1605271800,35.31,35.38,35.3,35.38,0
1605272700,35.33,35.33,35.32,35.32,0
1605273300,35.3054,35.44,35.17,35.17,0
1605273600,35.18,35.2755,35.18,35.24,0
1605273900,35.2799,35.28,35.25,35.28,0
1605274200,35.35,35.35,35.35,35.35,0
1605274500,35.2801,35.2801,35.2801,35.2801,0
1605274800,35.28,35.35,35.28,35.35,0
1605275100,35.3,35.3,35.3,35.3,0
1605275400,35.34,35.35,35.3,35.3,0
1605275700,35.31,35.36,35.31,35.32,0
1605276000,35.33,35.33,35.33,35.33,0
1605276300,35.3299,35.3299,35.3,35.3,0
1605276600,35.3,35.35,35.3,35.35,0
1605276900,35.35,35.3799,35.35,35.3799,0
1605277200,35.35,35.4592,35.35,35.35,0
1605277500,35.42,35.42,35.42,35.42,0
1605277800,35.400001525878906,35.619998931884766,35.380001068115234,35.5088005065918,736896
1605278100,35.5,35.560001373291016,35.384498596191406,35.5099983215332,302740
1605278400,35.52000045776367,35.619998931884766,35.47010040283203,35.52000045776367,306686
1605278700,35.529998779296875,35.63999938964844,35.45000076293945,35.58000183105469,335464
1605279000,35.59000015258789,35.61000061035156,35.45500183105469,35.540000915527344,389522
1605279300,35.544700622558594,35.65999984741211,35.511600494384766,35.638999938964844,367503
1605279600,35.63999938964844,35.83000183105469,35.63999938964844,35.81460189819336,704795
1605279900,35.810001373291016,35.880001068115234,35.72999954223633,35.86000061035156,499428
1605280200,35.869998931884766,35.93000030517578,35.79999923706055,35.84000015258789,479865
1605280500,35.834999084472656,35.88999938964844,35.790000915527344,35.880001068115234,312160
1605280800,35.880001068115234,35.939998626708984,35.83000183105469,35.90999984741211,349691
1605281100,35.90999984741211,35.97999954223633,35.8650016784668,35.959999084472656,246059
1605281400,35.96500015258789,36.029998779296875,35.91999816894531,35.96989822387695,448947
1605281700,35.959999084472656,36.0099983215332,35.91999816894531,35.940101623535156,266256
1605282000,35.939998626708984,36.099998474121094,35.93000030517578,36.04999923706055,271087
1605282300,36.05500030517578,36.06999969482422,35.970001220703125,36.0099983215332,189742
1605282600,36.0099983215332,36.119998931884766,36.0099983215332,36.10499954223633,282694
1605282900,36.11000061035156,36.119998931884766,36,36.010101318359375,204081
1605283200,36.02000045776367,36.09000015258789,36.0099983215332,36.040000915527344,211818
1605283500,36.04999923706055,36.08250045776367,35.95000076293945,36.005001068115234,370411
1605283800,36,36.026100158691406,35.915000915527344,35.967899322509766,279959
1605284100,35.97999954223633,35.9900016784668,35.869998931884766,35.900001525878906,195935
1605284400,35.900001525878906,35.91999816894531,35.849998474121094,35.89500045776367,162407
1605284700,35.89500045776367,36,35.8390007019043,35.994998931884766,253720
1605285000,35.999900817871094,36.01499938964844,35.95000076293945,35.970001220703125,269970
1605285300,35.970001220703125,35.97999954223633,35.85499954223633,35.939998626708984,307584
1605285600,35.94160079956055,35.994998931884766,35.91999816894531,35.97999954223633,158964
1605285900,35.97999954223633,36,35.904998779296875,35.91999816894531,238253
1605286200,35.93000030517578,35.93000030517578,35.86000061035156,35.88759994506836,193048
1605286500,35.880001068115234,35.90999984741211,35.83000183105469,35.849998474121094,222992
1605286800,35.849998474121094,35.90999984741211,35.845001220703125,35.87179946899414,158907
1605287100,35.8755989074707,35.9010009765625,35.84000015258789,35.875,138914
1605287400,35.869998931884766,35.935001373291016,35.849998474121094,35.880001068115234,269893
1605287700,35.8849983215332,35.959999084472656,35.8849983215332,35.959999084472656,183006
1605288000,35.95500183105469,35.97999954223633,35.91999816894531,35.94499969482422,119585
1605288300,35.939998626708984,36.0099983215332,35.939998626708984,36,286132
1605288600,36.005001068115234,36.04499816894531,35.970001220703125,35.994998931884766,326666
1605288900,35.9900016784668,35.9900016784668,35.86000061035156,35.92679977416992,273071
1605289200,35.92499923706055,35.95000076293945,35.84000015258789,35.915000915527344,139175
1605289500,35.918399810791016,35.970001220703125,35.904998779296875,35.970001220703125,211722
1605289800,35.959999084472656,36.064998626708984,35.94499969482422,36.060001373291016,402998
1605290100,36.064998626708984,36.08000183105469,36.029998779296875,36.07500076293945,155869
1605290400,36.08000183105469,36.13999938964844,36.04999923706055,36.1349983215332,300653
1605290700,36.13529968261719,36.209999084472656,36.132999420166016,36.20819854736328,230129
1605291000,36.209999084472656,36.220001220703125,36.080101013183594,36.09000015258789,320283
1605291300,36.099998474121094,36.13990020751953,36.09000015258789,36.130001068115234,132190
1605291600,36.130001068115234,36.14500045776367,36.07469940185547,36.084999084472656,192622
1605291900,36.09000015258789,36.15999984741211,36.09000015258789,36.15999984741211,174011
1605292200,36.15999984741211,36.17499923706055,36.10499954223633,36.14500045776367,226845
1605292500,36.150001525878906,36.220001220703125,36.130001068115234,36.21160125732422,276826
1605292800,36.209999084472656,36.2400016784668,36.20000076293945,36.220001220703125,122294
1605293100,36.220001220703125,36.2400016784668,36.170101165771484,36.220001220703125,167304
1605293400,36.220001220703125,36.25,36.189998626708984,36.189998626708984,145054
1605293700,36.20000076293945,36.20000076293945,36.150001525878906,36.150001525878906,167309
1605294000,36.150001525878906,36.19499969482422,36.040000915527344,36.08000183105469,384468
1605294300,36.09000015258789,36.119998931884766,36.064998626708984,36.10499954223633,197151
1605294600,36.10350036621094,36.125,36.064998626708984,36.07500076293945,202434
1605294900,36.08000183105469,36.11000061035156,36.04999923706055,36.090999603271484,240519
1605295200,36.095001220703125,36.13999938964844,36.07500076293945,36.095001220703125,330919
1605295500,36.099998474121094,36.130001068115234,36.084999084472656,36.1150016784668,261260
1605295800,36.119998931884766,36.20000076293945,36.1150016784668,36.18009948730469,200483
1605296100,36.18000030517578,36.209999084472656,36.15999984741211,36.18000030517578,154106
1605296400,36.18989944458008,36.20500183105469,36.15999984741211,36.18000030517578,103516
1605296700,36.189998626708984,36.209999084472656,36.10499954223633,36.119998931884766,150291
1605297000,36.114601135253906,36.154998779296875,36.084999084472656,36.13999938964844,305498
1605297300,36.13999938964844,36.16790008544922,36.119998931884766,36.130001068115234,363005
1605297600,36.132999420166016,36.209999084472656,36.099998474121094,36.18000030517578,228913
1605297900,36.185001373291016,36.20000076293945,36.119998931884766,36.130001068115234,266171
1605298200,36.13999938964844,36.14500045776367,36.029998779296875,36.08620071411133,236698
1605298500,36.09000015258789,36.1150016784668,36.040000915527344,36.064998626708984,234788
1605298800,36.064998626708984,36.06999969482422,36.02000045776367,36.05500030517578,164686
1605299100,36.04999923706055,36.05500030517578,36.029998779296875,36.04999923706055,269644
1605299400,36.04499816894531,36.150001525878906,36.029998779296875,36.150001525878906,503357
1605299700,36.150001525878906,36.189998626708984,36.130001068115234,36.189998626708984,259249
1605300000,36.185001373291016,36.22999954223633,36.13999938964844,36.150001525878906,531447
1605300300,36.154998779296875,36.20000076293945,36.119998931884766,36.125,373288
1605300600,36.125,36.15999984741211,36.040000915527344,36.040000915527344,761173
1605300900,36.04499816894531,36.130001068115234,36.02000045776367,36.08000183105469,1841592
1605301200,36.08,36.08,36.08,36.08,4164628
1605302100,36.03,36.08,36,36.07,0
1605302400,36.07,36.07,35.895,35.895,0
1605302700,36.08,36.14,36.0798,36.14,0
1605303000,36.14,36.14,36.07,36.07,0
1605303300,36.0763,36.0763,36.0763,36.0763,0
1605303900,36.11,36.11,36.1,36.1,0
1605304200,36.1,36.11,36.08,36.08,0
1605304500,36.1001,36.12,36.1,36.11,0
1605304800,36.12,36.14,36.12,36.14,0
1605305100,36.14,36.14,36.14,36.14,0
1605305400,36.17,36.18,36.12,36.12,0
1605305700,36.11,36.12,36.11,36.12,0
1605306000,36.1,36.12,36.1,36.12,0
1605306600,36.1,36.1,36.1,36.1,0
1605306900,36.1193,36.12,36.1193,36.12,0
1605307200,36.12,36.12,36.12,36.12,0
1605307500,36.12,36.12,36.11,36.11,0
1605309000,36.1,36.1001,36.1,36.1,0
1605309300,36.1,36.1,36.04,36.04,0
1605309600,36.06,36.06,36.06,36.06,0
1605309900,36.05,36.05,36.04,36.05,0
1605310200,36.1,36.12,36.1,36.12,0
1605310500,36.11,36.11,36.11,36.11,0
1605310800,36.12,36.12,36.11,36.12,0
1605311100,36.14,36.14,36.14,36.14,0
1605311400,36.14,36.14,36.14,36.14,0
1605311700,36.13,36.13,36.13,36.13,0
1605312000,36.16,36.16,36.16,36.16,0
1605312900,36.16,37.53,36.16,37.53,0
1605313200,36.12,36.12,36.12,36.12,0
1605313500,36.14,36.14,36.14,36.14,0
1605313800,36.11,36.11,36.06,36.06,0
1605314100,36.05,36.05,36.05,36.05,0
1605314400,36.07,36.07,36.07,36.07,0
1605314700,36.07,36.08,36.07,36.08,0
1605315300,36.12,36.12,36.12,36.12,0
