Date,Open,High,Low,Close,Volume
1605261000,0.081,0.081,0.081,0.081,0
1605261900,0.081,0.081,0.081,0.081,0
1605262500,0.081,0.081,0.081,0.081,0
1605265800,0.081,0.081,0.08,0.08,0
1605267300,0.082,0.082,0.082,0.082,0
1605267600,0.0825,0.0825,0.08,0.08,0
1605267900,0.0857,0.086,0.0857,0.086,0
1605268200,0.086,0.086,0.085,0.085,0
1605268500,0.086,0.086,0.085,0.085,0
1605269400,0.0825,0.086,0.0825,0.086,0
1605269700,0.086,0.086,0.0824,0.0859,0
1605270000,0.085,0.0878,0.085,0.0877,0
1605270300,0.0877,0.095,0.0873,0.092,0
1605270600,0.0917,0.102,0.0885,0.0988,0
1605270900,0.0988,0.1191,0.097,0.1187,0
1605271200,0.118,0.12,0.1044,0.112,0
1605271500,0.1132,0.1185,0.11,0.118,0
1605271800,0.118,0.124,0.115,0.1219,0
1605272100,0.1215,0.126,0.1175,0.1238,0
1605272400,0.125,0.1369,0.1224,0.1269,0
1605272700,0.1269,0.1272,0.119,0.123,0
1605273000,0.1246,0.129,0.1218,0.1265,0
1605273300,0.1265,0.1359,0.1111,0.1245,0
1605273600,0.12375,0.131,0.1066,0.1238,0
1605273900,0.1248,0.1249,0.108,0.1235,0
1605274200,0.1223,0.13,0.1223,0.1295,0
1605274500,0.129,0.1295,0.1237,0.1251,0
1605274800,0.1258,0.128,0.1163,0.1256,0
1605275100,0.1262,0.1284,0.125,0.1279,0
1605275400,0.1277,0.128,0.125,0.1264,0
1605275700,0.1263,0.1263,0.121,0.1239,0
1605276000,0.122,0.1236,0.1163,0.1164,0
1605276300,0.1164,0.1223,0.1164,0.1202,0
1605276600,0.1202,0.1239,0.118,0.121,0
1605276900,0.1211,0.123,0.118,0.1215,0
1605277200,0.1216,0.1275,0.118,0.119,0
1605277500,0.1185,0.12,0.115,0.1155,0
1605277800,0.1120000034570694,0.11429999768733978,0.10499999672174454,0.10890000313520432,65262729
1605278100,0.10840100049972534,0.10899999737739563,0.10300000011920929,0.10769999772310257,9175595
1605278400,0.1071000024676323,0.10819999873638153,0.10429999977350235,0.10740000009536743,5109373
1605278700,0.10769899934530258,0.11400000005960464,0.10599999874830246,0.11309999972581863,7708676
1605279000,0.11400000005960464,0.12300000339746475,0.11309999972581863,0.1160999983549118,20181593
1605279300,0.11699999868869781,0.11909999698400497,0.11100000143051147,0.11116000264883041,7107809
1605279600,0.11116000264883041,0.11699999868869781,0.11100000143051147,0.1168999969959259,5350220
1605279900,0.11620000004768372,0.11999999731779099,0.1151999980211258,0.1177000030875206,7018750
1605280200,0.11779999732971191,0.11890000104904175,0.1151999980211258,0.11680000275373459,3823158
1605280500,0.11680000275373459,0.11789999902248383,0.11299999803304672,0.11490000039339066,4650174
1605280800,0.11500000208616257,0.1168999969959259,0.11379999667406082,0.11659999936819077,3287645
1605281100,0.11680000275373459,0.12099999934434891,0.1152999997138977,0.11890000104904175,9062672
1605281400,0.11909999698400497,0.11959999799728394,0.11289999634027481,0.11400000005960464,4532261
1605281700,0.11400000005960464,0.11670000106096268,0.1136000007390976,0.11479999870061874,1877472
1605282000,0.11429999768733978,0.11479999870061874,0.1080000028014183,0.10899999737739563,6424045
1605282300,0.10979899764060974,0.11379999667406082,0.10890000313520432,0.11100000143051147,3449832
1605282600,0.11100000143051147,0.1111999973654747,0.10620000213384628,0.10639999806880951,5584330
1605282900,0.1062999963760376,0.10989999771118164,0.1062999963760376,0.10750000178813934,2011442
1605283200,0.10750000178813934,0.11050000041723251,0.10719999670982361,0.11039900034666061,1763676
1605283500,0.1103999987244606,0.11299999803304672,0.10999999940395355,0.11129999905824661,2575316
1605283800,0.11129999905824661,0.1120000034570694,0.10819999873638153,0.10949999839067459,1021394
1605284100,0.10949999839067459,0.1120000034570694,0.10869999974966049,0.11100000143051147,1431520
1605284400,0.11100000143051147,0.1120000034570694,0.11010000109672546,0.11190000176429749,987372
1605284700,0.11190000176429749,0.11209999769926071,0.11100000143051147,0.11169999837875366,845491
1605285000,0.11169999837875366,0.11289999634027481,0.10999999940395355,0.1120000034570694,1790054
1605285300,0.11190000176429749,0.1120000034570694,0.10859999805688858,0.10909999907016754,1231256
1605285600,0.10899999737739563,0.10999999940395355,0.1080000028014183,0.10819999873638153,1436903
1605285900,0.1081010028719902,0.10899999737739563,0.10599999874830246,0.10599999874830246,1917366
1605286200,0.10599999874830246,0.10679999738931656,0.10490000247955322,0.10580000281333923,3233749
1605286500,0.10580000281333923,0.10580000281333923,0.10019999742507935,0.10360000282526016,4323496
1605286800,0.1035199984908104,0.10490000247955322,0.10300000011920929,0.10480000078678131,1868839
1605287100,0.10460100322961807,0.10490000247955322,0.10130000114440918,0.10197000205516815,2367182
1605287400,0.10189999639987946,0.10300000011920929,0.10159999877214432,0.10249999910593033,1049988
1605287700,0.10300000011920929,0.1054999977350235,0.10270000249147415,0.10509999841451645,1940323
1605288000,0.10529900342226028,0.1054999977350235,0.10400000214576721,0.10461600124835968,1194918
1605288300,0.10486999899148941,0.10490000247955322,0.10400000214576721,0.10409999638795853,618825
1605288600,0.10409999638795853,0.10419999808073044,0.10300000011920929,0.1031000018119812,1032307
1605288900,0.10300099849700928,0.1031000018119812,0.10199999809265137,0.10279999673366547,1224190
1605289200,0.10289999842643738,0.10400000214576721,0.10220000147819519,0.10350000113248825,1753943
1605289500,0.10300000011920929,0.10300000011920929,0.10100000351667404,0.10159999877214432,1337887
1605289800,0.10159999877214432,0.10170000046491623,0.10050000250339508,0.10080000013113022,1081173
1605290100,0.10080000013113022,0.10130000114440918,0.10010000318288803,0.10010000318288803,1036793
1605290400,0.10050000250339508,0.1005999967455864,0.09700000286102295,0.09769999980926514,5134171
1605290700,0.09780000150203705,0.09780000150203705,0.09700000286102295,0.09749999642372131,1198588
1605291000,0.09740000218153,0.09740000218153,0.093299999833107,0.0948989987373352,4342280
1605291300,0.09480000287294388,0.0949999988079071,0.09399999678134918,0.09430000185966492,1422465
1605291600,0.09440000355243683,0.09749999642372131,0.09399999678134918,0.09690000116825104,2037575
1605291900,0.09679999947547913,0.09769999980926514,0.09510000050067902,0.09669999778270721,1192808
1605292200,0.09669999778270721,0.09679999947547913,0.09449999779462814,0.09510000050067902,1394221
1605292500,0.0949999988079071,0.09679999947547913,0.09440000355243683,0.09650000184774399,1382695
1605292800,0.09654899686574936,0.09870000183582306,0.09650000184774399,0.09700100123882294,1539416
1605293100,0.09700000286102295,0.09700000286102295,0.09430000185966492,0.09440000355243683,1594362
1605293400,0.09430000185966492,0.09700000286102295,0.09399999678134918,0.09700000286102295,1447597
1605293700,0.09600000083446503,0.09799999743700027,0.09600000083446503,0.09719999879598618,1456818
1605294000,0.09730000048875809,0.09790000319480896,0.09610000252723694,0.09630099684000015,821755
1605294300,0.09669999778270721,0.09730000048875809,0.09610000252723694,0.09709899872541428,741555
1605294600,0.09700000286102295,0.09700000286102295,0.09600000083446503,0.0966000035405159,1044494
1605294900,0.0966000035405159,0.09669999778270721,0.09619999676942825,0.09619999676942825,549994
1605295200,0.09629999846220016,0.09629999846220016,0.0949999988079071,0.09520000219345093,446930
1605295500,0.09520000219345093,0.09529999643564224,0.0949999988079071,0.09520000219345093,232739
1605295800,0.09520000219345093,0.09619999676942825,0.0949999988079071,0.09570000320672989,367559
1605296100,0.09570000320672989,0.09839999675750732,0.09570000320672989,0.09780000150203705,791496
1605296400,0.09730000048875809,0.09799999743700027,0.09709999710321426,0.09730000048875809,552105
1605296700,0.09719999879598618,0.09799999743700027,0.09690000116825104,0.09749999642372131,804147
1605297000,0.09749999642372131,0.0982000008225441,0.09740000218153,0.09769999980926514,330766
1605297300,0.09769999980926514,0.09799999743700027,0.09749999642372131,0.09790000319480896,423485
1605297600,0.09798000007867813,0.09799999743700027,0.09700000286102295,0.09719999879598618,533078
1605297900,0.09719999879598618,0.09749999642372131,0.09510000050067902,0.09690000116825104,851553
1605298200,0.09529999643564224,0.09700000286102295,0.0949999988079071,0.09529999643564224,596340
1605298500,0.09529999643564224,0.09570000320672989,0.0949999988079071,0.09520000219345093,309865
1605298800,0.09520000219345093,0.09549999982118607,0.0949999988079071,0.09549999982118607,474028
1605299100,0.09539999812841415,0.09560000151395798,0.0949999988079071,0.09549999982118607,467833
1605299400,0.09549999982118607,0.09549999982118607,0.09459999948740005,0.09459999948740005,714613
1605299700,0.09470000118017197,0.09529999643564224,0.09459999948740005,0.09489999711513519,590316
1605300000,0.09489999711513519,0.09489999711513519,0.09480000287294388,0.09489999711513519,302151
1605300300,0.09489999711513519,0.0949999988079071,0.09399999678134918,0.09459999948740005,1796839
1605300600,0.0949999988079071,0.0949999988079071,0.09449999779462814,0.09489999711513519,559705
1605300900,0.09489999711513519,0.0949999988079071,0.0940999984741211,0.09480000287294388,1822730
1605301200,0.0947,0.0947,0.0947,0.0947,2133
1605302100,0.0945,0.095,0.0943,0.095,0
1605302400,0.095,0.0954,0.0949,0.0952,0
1605302700,0.0952,0.097,0.0952,0.097,0
1605303000,0.097,0.0975,0.0964,0.0971,0
1605303300,0.0971,0.0979,0.0965,0.0971,0
1605303600,0.0974,0.0979,0.0964,0.0964,0
1605303900,0.0968,0.0973,0.0961,0.097,0
1605304200,0.097,0.0975,0.097,0.0971,0
1605304500,0.0971,0.0975,0.0957,0.0957,0
1605304800,0.0957,0.0957,0.0952,0.0955,0
1605305100,0.0956,0.097,0.0955,0.0969,0
1605305400,0.0969,0.0969,0.0963,0.0969,0
1605305700,0.0969,0.0969,0.096,0.0968,0
1605306000,0.0967,0.0989,0.0964,0.0969,0
1605306300,0.0969,0.0969,0.0964,0.0969,0
1605306600,0.0969,0.0969,0.0964,0.0965,0
1605306900,0.0964,0.0964,0.096,0.0962,0
1605307200,0.0964,0.0965,0.096,0.0965,0
1605307500,0.0969,0.0969,0.096,0.096,0
1605307800,0.096,0.0969,0.096,0.0965,0
1605308100,0.0965,0.0965,0.096,0.096,0
1605308400,0.096,0.096,0.0951,0.0951,0
1605308700,0.0951,0.096,0.0951,0.0951,0
1605309000,0.0952,0.0958,0.0951,0.0953,0
1605309300,0.0953,0.0958,0.0951,0.0958,0
1605309600,0.0956,0.0956,0.0951,0.0956,0
1605309900,0.0957,0.0959,0.0957,0.0957,0
1605310200,0.096,0.096,0.096,0.096,0
1605310500,0.0957,0.0957,0.0956,0.0956,0
1605310800,0.096,0.096,0.0952,0.0952,0
1605311100,0.0952,0.096,0.0952,0.096,0
1605311400,0.0962,0.0962,0.0951,0.0962,0
1605311700,0.0962,0.0962,0.0952,0.0962,0
1605312000,0.0962,0.0962,0.095,0.0953,0
1605312300,0.0959,0.096,0.0952,0.0957,0
1605312600,0.0952,0.096,0.0951,0.0951,0
1605312900,0.0952,0.0952,0.095,0.095,0
1605313200,0.096,0.096,0.095,0.095,0
1605313500,0.096,0.096,0.095,0.096,0
1605313800,0.096,0.096,0.0956,0.0956,0
1605314100,0.0954,0.096,0.0954,0.096,0
1605314400,0.0955,0.0959,0.0955,0.0959,0
1605314700,0.0956,0.096,0.0956,0.0956,0
1605315000,0.0956,0.0956,0.0956,0.0956,0
1605315300,0.0956,0.096,0.0955,0.0956,0
